coords,"(114.07920241505768, 22.734848578124577)","(114.03761571362676, 22.64674504948083)","(113.91197751366715, 22.53204277849828)","(114.0797627295953, 22.560962409623844)","(113.85397314517353, 22.64870286548278)","(113.91107610424166, 22.761267159527428)","(113.84263648179012, 22.64234333439111)","(114.1085944707546, 22.5395235013194)","(113.99850499973536, 22.606070066244232)","(113.84411036931851, 22.599534665132524)","(113.84258181257312, 22.60388970833724)","(114.07584104682304, 22.626002835042275)","(113.99226409810336, 22.53953024975633)","(113.84877022572708, 22.703068574108467)","(113.91322851993492, 22.771450215000964)","(114.11280594130156, 22.544439072681737)","(114.03340435383105, 22.73077331097824)","(113.880120254944, 22.58139611189761)","(114.0485331786218, 22.65774995330525)","(113.93086138666466, 22.67137580599384)","(114.024144251077, 22.654652177449428)","(113.9615496029532, 22.56452028764668)","(113.8933082365416, 22.57963041473005)","(113.84311741240558, 22.62726443663309)","(113.85786781480928, 22.632181792745293)","(113.89274896291424, 22.56731017129325)","(114.0626894020229, 22.54390113663916)","(113.89517390146209, 22.55752936540443)","(113.91298959557597, 22.56381993172756)","(113.85342158338628, 22.647735463349782)","(114.00273121487652, 22.66988442642763)","(114.03403353873507, 22.518996115234653)","(114.12596428212449, 22.64469785379508)","(113.92327307000184, 22.515942612121734)","(113.84220571020438, 22.596960861844384)","(114.0348563874497, 22.648002656530807)","(113.94649398322632, 22.58364589422311)","(113.9412348725557, 22.49956162373745)","(113.90389888177236, 22.60229714422615)","(114.04546519484516, 22.53874783581617)","(113.8394482351746, 22.60323301894253)","(113.93818599367344, 22.586656589563027)","(114.38685762596744, 22.75210425945341)","(113.94960784157357, 22.67980068070437)","(114.01177821647848, 22.54821329238434)","(113.94474429252963, 22.51575615312388)","(113.9572558961967, 22.558265974384025)","(113.89392909468704, 22.5809780555084)","(113.8930416488216, 22.58544605449236)","(113.8548669528396, 22.64830530874132)","(113.9917911707658, 22.597110537736125)","(114.01023240980092, 22.556020570953297)","(113.89865530487204, 22.59595841726773)","(113.88580145706372, 22.591496499692845)","(113.8596317456411, 22.60723016212409)","(113.88871663320352, 22.721251287202115)","(113.88626716897753, 22.67302301935919)","(114.0258112562227, 22.64945948481532)","(113.89474941777816, 22.67805991090244)","(113.85906710961213, 22.641779810287574)","(113.84664168087733, 22.641077635242343)","(113.86431618723448, 22.650060833515663)","(113.85038551890284, 22.596264891642544)","(113.90942884362366, 22.54658663539341)","(113.93154388817608, 22.6760997639992)","(114.03784434131028, 22.63877919094821)","(113.89612906165809, 22.58167940007185)","(114.01995938270028, 22.608827505788536)","(114.03931460563147, 22.550123307558632)","(114.08557495721033, 22.542359139664327)","(114.00811177609056, 22.54081874653437)","(114.00524013253984, 22.541072131406008)","(114.08501876745292, 22.63014981717947)","(114.02824018139158, 22.653176326358256)","(114.0883197451718, 22.54490822353699)","(113.8630635820876, 22.607622202837703)","(114.02898802000531, 22.60937250088289)","(114.05168434960972, 22.63315067199767)","(114.03014659637768, 22.60973849981736)","(113.95274764641194, 22.58518115319401)","(113.91760204004449, 22.58316712064572)","(113.83420890431732, 22.58840231780645)","(114.02701261515855, 22.65056481896456)","(114.07441008918283, 22.69392970113989)","(114.0291801094648, 22.648799992740503)","(114.04815811906832, 22.668456124300185)","(113.8885236297572, 22.673852091836004)","(113.89489369665162, 22.56959875924611)","(113.94955763025688, 22.6820558804572)","(114.01171621155396, 22.654206059814857)","(114.12032161863262, 22.603781236831946)","(113.8578035673299, 22.657675956372657)","(113.91834510695524, 22.504702783388225)","(113.90592732240836, 22.476993517246417)","(113.94930246955154, 22.583646418056787)","(113.9961617831628, 22.59457514827555)","(114.02985712683508, 22.611410291943457)","(113.9198896135013, 22.511266243641582)","(113.93794169096442, 22.557709479448647)","(113.86897970571516, 22.596003920271976)","(113.83225576634852, 22.69259187196166)","(113.84188176687331, 22.604345806207352)","(113.91742988219922, 22.56034047210325)","(113.89679640371878, 22.603053318389595)","(113.8638615707118, 22.577568811337787)","(113.8934734698922, 22.67686211535686)","(113.85401180765102, 22.64359592383254)","(113.8467410439099, 22.602230489288548)","(113.87450946749551, 22.59575303550271)","(114.02701856914535, 22.730925319903683)","(113.85341549036347, 22.619850525142247)","(113.8421353552905, 22.629825994386664)","(114.03291516374446, 22.553598073284565)","(114.0661914634822, 22.559317539367232)","(114.02597609553, 22.65038311929081)","(114.03122402405576, 22.56858498934448)","(113.95478520081724, 22.58313684079841)","(113.86082650677204, 22.662842979830604)","(114.09848400478371, 22.677806322264367)","(113.8455430257009, 22.60315343136165)","(113.87733270792708, 22.601998740897724)","(113.86144367497718, 22.66093291958975)","(113.95435079302445, 22.688773143132995)","(114.02276634020488, 22.646821698058584)","(113.85558943576947, 22.57211877241447)","(113.95181994628692, 22.69413978225068)","(113.93124410394428, 22.585468110796523)","(113.77098865005355, 22.73372097434933)","(114.06348374990132, 22.573002303436656)","(113.84075510056547, 22.64596100859384)","(114.0103332001257, 22.730009161252752)","(113.88488292424474, 22.60466336708891)","(114.04727066951656, 22.618123389173952)","(113.85808320054475, 22.66096378926477)","(114.0421116616177, 22.640221601715115)","(113.94309869316469, 22.5595855788792)","(114.02510661275667, 22.64651319910413)","(113.8623381150002, 22.575328085691783)","(113.84230990090768, 22.644719268654715)","(113.97615790694609, 22.547892124947047)","(113.9113488646957, 22.515326072163145)","(113.91288498475856, 22.584608628659428)","(113.84637298813875, 22.61063259090205)","(113.81335443695876, 22.670107665723968)","(114.10008975393733, 22.606487599187705)","(113.86425809058356, 22.65774836846525)","(113.85689734363568, 22.64069262866229)","(113.91634798280722, 22.582312766338774)","(113.8696357794324, 22.570684903183608)","(113.9453108447964, 22.556207249093983)","(114.04862637721538, 22.578283150891234)","(113.93319050782254, 22.56384593115525)","(113.92406439497675, 22.55623287774472)","(113.88877650770456, 22.51786021706876)","(114.20600779910328, 22.67020641766292)","(113.92024674719404, 22.526696308784828)","(114.02925172035972, 22.638033271573264)","(113.85721058999466, 22.63803662642348)","(113.8503444611576, 22.60574854075132)","(114.02665740693804, 22.65175694328701)","(114.03974860621685, 22.618011755615388)","(113.92271042037233, 22.67972946428562)","(113.827021136085, 22.704083921151742)","(113.82272544840345, 22.645748716168008)","(114.15462849100828, 22.630435495528936)","(114.02298952135376, 22.65270125914185)","(113.81361914421916, 22.674595779149914)","(114.03726453402982, 22.638191594747205)","(113.882499034731, 22.673220433898315)","(114.08593001713056, 22.73098221647577)","(113.84426727837266, 22.60202842652076)","(113.8732605945988, 22.598977471436733)","(113.86126137908929, 22.649529317065983)","(113.99595206586356, 22.532983775706818)","(113.91064645130498, 22.58087459052972)","(113.9112302940396, 22.538966393985053)","(113.98518757729396, 22.544162936389)","(114.0569566033422, 22.731362497509046)","(113.86660627648962, 22.58209847840902)","(114.02934839523856, 22.616573902585888)","(113.87701114286972, 22.561978299270105)","(113.86464728727228, 22.606362698586054)","(113.89626349181998, 22.56440906413152)","(113.9203008373274, 22.58154936361799)","(113.99052689456026, 22.541681814784752)","(114.02473988503566, 22.759312085658443)","(113.8610509197078, 22.64443792269457)","(113.88374363030294, 22.57800945887085)","(114.03246034009707, 22.61697449134348)","(113.85222953727728, 22.5844055906452)","(113.87175880965312, 22.617240540672668)","(113.852040526107, 22.56836733678485)","(114.02782217845102, 22.66162491286679)","(113.89804201151982, 22.55354177434892)","(113.92514121553756, 22.587109466970364)","(114.0315817440995, 22.606281306173884)","(114.12073531686966, 22.58603698251593)","(113.859741620531, 22.631904648773045)","(113.859513682337, 22.61263996566952)","(114.0261020507719, 22.61425541587729)","(114.00972695900322, 22.537554592714013)","(114.02698753767442, 22.65082608519932)","(113.88944415977352, 22.578192679008488)","(113.851795662074, 22.57785604822808)","(113.93411743232116, 22.529398025754578)","(113.86973956917684, 22.58406375327326)","(113.85843363664266, 22.632941865105742)","(113.8664964808644, 22.82438810881565)","(113.95420538297624, 22.59833971000406)","(113.89009680249973, 22.587618063731256)","(114.02455530979977, 22.647279127652364)","(114.02395349287109, 22.63054420256761)","(113.8602079854976, 22.664957920154272)","(113.8531397330117, 22.642189064752607)","(113.8955536930516, 22.57830213000443)","(114.01108364279168, 22.63492556548594)","(114.04149469364386, 22.52218538238965)","(113.87412499739985, 22.60029382637884)","(113.98068020109118, 22.536091157211043)","(113.87549193715309, 22.59806229436744)","(113.86039293984014, 22.649000318488927)","(114.06798919778484, 22.66289994726312)","(114.04905860817829, 22.6045008869246)","(114.08715552275986, 22.536033714777165)","(114.09408806420524, 22.54460722047272)","(113.84998576737696, 22.61167942720019)","(113.89184283177786, 22.5838790712595)","(113.88648917182456, 22.54880607662508)","(113.91322690118284, 22.58582447638819)","(114.3402605296532, 22.71770950400543)","(113.91992363474183, 22.52991817464705)","(113.8898361166989, 22.58150315416967)","(113.882584193923, 22.58245472046374)","(113.8595392142375, 22.66444850707125)","(113.85889676371268, 22.64157794667216)","(114.04570767060312, 22.547434755936923)","(114.098265929954, 22.56860781891971)","(114.04637962837216, 22.52669599374453)","(113.85471627850718, 22.56422148204922)","(113.91306504326968, 22.66713210095159)","(113.858981700705, 22.744529872848)","(114.03361694792268, 22.612456167705453)","(114.02086434878704, 22.64394339289223)","(113.82651395271009, 22.7279766134988)","(114.04936216784608, 22.5451011205712)","(113.86697319387758, 22.570723230717675)","(113.87297399079392, 22.597897985950794)","(113.80520554729252, 22.732857458834903)","(113.97611880872068, 22.54879389126688)","(114.04083813439034, 22.676922058833792)","(113.9177225867605, 22.67707046285157)","(114.0864006349911, 22.54329472477305)","(114.03420322043942, 22.71674491319359)","(113.854093428554, 22.62764271342753)","(113.89297651576294, 22.573585776395383)","(114.08223154462397, 22.54840884612481)","(114.1365544576452, 22.630888685387617)","(113.87279547513744, 22.59676646109373)","(114.02147778710012, 22.545812474509205)","(113.92137796864768, 22.511806804377738)","(113.91290241651932, 22.568168126969024)","(113.89155212239692, 22.578206647241466)","(113.85344558467156, 22.64966711407543)","(113.85349542923409, 22.64449722508141)","(113.8870893509257, 22.586088768808946)","(114.01406362271918, 22.534683936566584)","(114.02163375762564, 22.65334391355461)","(113.8732752937686, 22.59703751997076)","(113.86247332754702, 22.649438159675068)","(113.93297892956927, 22.51460105161944)","(113.96098820282413, 22.70179586285857)","(113.90561689579128, 22.579804983925)","(114.03276964275204, 22.764651098043394)","(113.86471590612072, 22.64915720900235)","(113.85308209462684, 22.642584997342304)","(113.8736486578678, 22.81941202707593)","(114.01428123415076, 22.54759408469496)","(113.95076757536349, 22.542692380283736)","(113.91582893182232, 22.487218862591085)","(114.08878652595835, 22.54304010490633)","(113.85812553202403, 22.575119360946804)","(113.88264278363914, 22.59020784284491)","(113.98693810243525, 22.544989781445786)","(113.9163334124771, 22.669616477953607)","(113.9219811152023, 22.506739752818905)","(113.9245188978416, 22.681332899718228)","(113.87745310782864, 22.58623388769146)","(113.94072932324636, 22.523838306781595)","(113.87151691668778, 22.63721363870613)","(113.85976089125528, 22.662668665198265)","(113.94523629645774, 22.543715459950235)","(113.8628107312083, 22.61209073143193)","(113.90707194722218, 22.591664246736883)","(113.87271082171216, 22.56959879069232)","(113.85601680297712, 22.62044302112708)","(114.02676805766878, 22.65243752698868)","(113.8652207510044, 22.58363263299925)","(114.05114696040457, 22.538841444267323)","(113.85502906578822, 22.595498684981447)","(113.81987002829452, 22.616923503026)","(113.82065416321832, 22.661839741975623)","(113.82261750694376, 22.66056399635333)","(113.85552635603204, 22.583441242421348)","(113.87740384217156, 22.566110091565708)","(113.93951866231644, 22.56989592098537)","(113.85106276088754, 22.58868730330571)","(113.83289163641456, 22.686656236579)","(113.853747585777, 22.63087561845457)","(113.87859355502312, 22.67130220215194)","(113.9690477456967, 22.54868775936388)","(114.05693182852748, 22.617308229063948)","(113.96517129095332, 22.56243179861642)","(113.85563882386484, 22.612277693766)","(114.01697742500328, 22.672607194959088)","(113.86508764292545, 22.60666008484452)","(113.89952345355896, 22.51333882110369)","(113.91545524979657, 22.48742829867185)","(113.8551054145513, 22.61820518104116)","(114.29984787350897, 22.604421016746404)","(114.13366415905504, 22.566266301836325)","(113.81990074537435, 22.67253901250752)","(113.8577106958116, 22.6574846248518)","(113.85367713508693, 22.785773874843823)","(113.83713312895696, 22.61181445340532)","(113.85866517351592, 22.633018589244227)","(113.86607681218194, 22.64788435187328)","(113.93421191122958, 22.51288294721065)","(114.01785743422656, 22.6398331869373)","(113.9896196811236, 22.677103749328875)","(114.01687298577296, 22.6900057374272)","(113.9376902392651, 22.50847344017616)","(113.85982340033196, 22.60435517151429)","(113.86729765106408, 22.567862534060417)","(113.936579969734, 22.52856776680973)","(113.93856891856674, 22.55878606879449)","(114.06027680025274, 22.70349012727542)","(113.83283652657371, 22.674427983479188)","(113.89186145902472, 22.567455437951715)","(113.8666060935156, 22.57695460304035)","(113.82500545646027, 22.72651358988669)","(114.09522188570764, 22.546124440222204)","(113.8599714245029, 22.65491851683578)","(114.08416502896826, 22.5636611658146)","(113.87780561301226, 22.59249448839393)","(113.95657587329188, 22.5352395849677)","(113.8581868405898, 22.64042012607518)","(113.86110256150911, 22.64161209336409)","(113.89976719386534, 22.58325537097324)","(113.93650255265092, 22.52985678629051)","(113.87248137090953, 22.566453908787675)","(113.9143648616294, 22.56969432277832)","(114.02962341794274, 22.6367865748619)","(113.9390273772386, 22.569254415931365)","(113.91740912540372, 22.499953798586127)","(113.83697362284232, 22.630120653226736)","(113.92964783310968, 22.681143137824705)","(113.81886298729506, 22.76700798838546)","(114.02638573932028, 22.540896083272084)","(113.86038036243517, 22.664927851127164)","(113.88118058281616, 22.582210867052886)","(113.88132991863542, 22.571267136895404)","(113.91724030321215, 22.58893594204864)","(113.93536174493374, 22.5036007232126)","(113.90194549090532, 22.56929275925987)","(114.03282507167695, 22.5467183811621)","(113.87348828501604, 22.59686806694062)","(113.97123202985226, 22.69598873995397)","(113.9301418844879, 22.485883450038653)","(113.9138585719534, 22.49023858767504)","(113.87948915368712, 22.564553300240046)","(113.97072255284692, 22.560081791579595)","(113.93334346316686, 22.682632022179035)","(114.13285139020364, 22.60923375457916)","(113.9646430004112, 22.546176911851457)","(114.02428656371124, 22.614178599531527)","(114.04089926630354, 22.522715042428143)","(113.85476222952028, 22.614065348370136)","(113.879844935447, 22.5638563069813)","(113.91147242932524, 22.518505124136148)","(113.88086727892342, 22.609467523528693)","(113.85768180981232, 22.64029982152027)","(113.82792140028327, 22.69836252444683)","(113.87323072546356, 22.597289333490664)","(114.14720925599568, 22.58853150557559)","(114.03158600949108, 22.61468393336772)","(113.88440451518792, 22.552077652346814)","(114.0250558555537, 22.61908456003399)","(113.86006673643284, 22.62360683553839)","(113.93066230770827, 22.610374208559904)","(113.91710509431527, 22.577553273739746)","(114.21771814969618, 22.60473312755612)","(113.86261018793662, 22.597190273703795)","(114.06359427587653, 22.583277947065227)","(113.88277130779156, 22.58568803895531)","(114.117214106129, 22.550204465676792)","(114.06403825139375, 22.69862235803982)","(113.86819554021528, 22.780329450472056)","(113.88287205954832, 22.59469743628888)","(114.00727162533916, 22.53787893958887)","(114.04424203489806, 22.712716126872444)","(114.03890180383112, 22.61572083527791)","(113.89277010453311, 22.59321088170232)","(113.92012150335742, 22.67634054722029)",no action
"(113.77098865005355, 22.73372097434933)",0.0095813535,-0.3022347,-0.13926852,-0.03204944,0.26644522,0.49565607,-0.12010987,0.12830308,0.5492022,-0.056574903,0.0791238,-0.60199773,0.042576805,0.378586,0.05760286,-0.11615689,-0.15337433,-0.4546725,0.27808872,-0.60479426,0.23289669,0.14250802,0.30439132,-0.3885245,-0.00308213,-0.16300416,0.17001861,-0.051402234,0.30724663,-0.009413425,0.014618048,-0.08081612,-0.04246019,0.4087374,-0.17925599,0.24085775,0.15932699,-0.18983616,-0.097300544,-0.11046432,0.10897748,-0.56691,-0.05034698,-0.02841226,0.077227734,-0.20091064,-0.087307654,0.2715381,-0.0291375,0.04678847,0.04089129,0.023514623,0.047373503,0.24342054,0.09394669,-0.415829,-0.13973479,0.08675661,0.09243138,-0.08015149,-0.06030235,0.050599243,0.02822331,0.4125762,0.14454038,-0.28869745,0.4725631,0.22075254,0.013291959,-0.023511063,-0.23362032,0.060771547,0.12571621,0,0.1956878,0.08228466,0.017843183,0.25532007,-0.03220293,0.018770926,-0.034723517,-0.009562038,-0.34203726,0.16411701,-0.07362093,-0.326283,-0.08489648,0.006288331,-0.08003842,0.10050423,0,-0.13310787,0.14444995,-0.46493584,-0.38704813,0.39371178,0.030115388,0.21923478,-0.032528162,0.29763576,0.29792082,-0.14222217,-0.22412018,-0.24302718,-0.53985786,0.082224935,-0.2553637,0.011753557,-0.14657064,0.23279676,0.0058454787,-0.26527005,0.043083318,0.42498463,0.08409209,-0.10226584,-0.18457414,-0.118694216,0.16989225,0.1353045,0.13832128,0.34907055,-0.0073707784,0.11948633,0.11858549,0.14402059,-0.13133113,0.021366514,0.14546797,-0.03908149,0.3777419,0.023297897,0.2833938,0.10885491,0.45626026,0.29445264,-0.27167502,-0.040261302,-0.083467975,0.38127464,-0.14167197,-0.005002234,-0.27271277,0.07421202,0.12657726,-0.37351182,0.03298056,-0.19164896,-0.09907487,0.1573455,-0.5088186,-0.2379244,0.21086684,0.053167216,0.01940193,-0.5694018,-0.38414186,0.06814363,-0.3038719,-0.049767546,-0.035153188,0.11694394,0.7574071,0.5060207,0.37623626,0.3434317,0.1875119,0.032019027,0.38895434,-0.03791388,-0.0030230936,-0.2520538,-0.2769767,-0.13385737,-0.01871217,-0.18859488,-0.14197217,-0.08860555,-0.07217373,-0.012741908,-0.4474035,0.0137408,-0.12756503,0.03380079,-0.13074923,0.09265727,-0.19260311,-0.09724352,-0.4745239,0,0.1514938,0.030580632,0.08139045,-0.0058773854,-0.10955318,0.009175001,-0.37805873,-0.14252406,-0.07727139,-0.12753665,0.24571267,0.24725762,0.115592994,0.1930926,0.28977934,0.09326781,0.2746272,-0.13793111,0.10410445,-0.12465114,0.16537191,-0.087148614,-0.048145074,0.20772131,0.78339565,0.16033778,0.048230283,-0.118382074,-0.1299294,-0.06714101,-0.028454658,-0.2734253,-0.14441457,-0.25532484,0.08398068,0.0051269196,-0.25513583,0.2162052,-0.012687087,0.030075125,0.099347696,0.27083164,-0.36579907,0.04776497,-0.34271613,-0.35788065,-0.13357401,0.15926546,0.077152,0.118687905,0.1425054,0.020698586,-0.05933819,-0.033476435,-0.18788558,-0.22233525,-0.060113017,-0.15737182,-0.055564605,-0.42983478,-0.03165035,-0.07149026,0.2846207,-0.11918708,-0.21991166,0.032783795,-0.071986265,-0.05442685,0.30969697,0.16216907,-0.21257295,-0.27312562,0.16995752,-0.06377221,0.09082891,-0.06950829,0.18380138,0.05267932,0.35102373,0,-0.1258947,0.3526869,-0.12261239,0.18651581,-0.20990473,-0.086428426,0.105151325,-0.0340648,0.22199708,0.012765581,0.069111064,0.17949879,-0.08891063,-0.07197152,-0.04851078,-0.16166952,-0.29978934,0.097964525,-0.34363827,0.13777934,0.00865039,-0.69987863,0.076968804,0.7785233,-0.26874825,0.2794543,0.22538002,-0.3948617,0.3138575,-0.17164467,0.10272306,-0.25176844,0.12385923,-0.25121564,0.27154896,0.30811805,-0.2792745,-0.15854362,0.34767494,-0.4408819,-0.10471329,-0.06587643,0.042208858,0.11951919,0.21400724,-0.3779233,0.18805164,0.0844547,-0.31642285,0.026719257,-0.15562959,0.028579667,0.21821581,-0.1563541,-0.5334921,0.16912022,0.4413691,0.12114751,0.11630568,-0.26791143,0.2714471,-0.057248347,0.36450574,-0.042124704,-0.38584396,0.19124603,-0.011329465,-0.2204939,-0.19614631,0.16770035,-0.1087011,-0.113041565,0.071102574,-0.0019113868,0.46093982,-0.08298612,-0.29492238,0.30630663,0.019894503,-0.18841127,0.0030649342,-0.021432579,-0.2946028,0.2769528,-0.2448375,0.060739286,-0.11060119,-0.1647227,0.1634036,-0.120673075,0.036372952,0.021764351,0.21987607,-0.04942731,-0.2025227,-0.20179608,-0.11895413,-0.18703122,0.09165209,-0.0942151,0.039370246,-0.13205609,-0.09568424,0.1422752,0.25108102,0.16683967,0.26371518,0.28982234,0.21026854,-0.18127227,-0.16244872,0.25260678,0.21689138,0.20222999,-0.22031973,0.08619012,0.20098495,0.20875698,0.3200028,-0.31200477,0.010568909,-0.18438572,0.0673462,0.04692465,-0.14522903,0.08855469,-0.021539453,0.117370576,0.16314913,0.3090396,0.017453985,-0.04835189,0.12138582,-0.231505
"(113.80520554729252, 22.732857458834903)",0.16495451,0.10816371,0.10205148,-0.037184715,-0.0529193,-0.14755093,-0.2944764,-0.01483367,0.08861095,-0.06636564,0.02914229,0.2283875,-0.03738606,0.0016509555,-0.18899716,0.0496624,0.15444194,0.19152743,0.17327438,0.23510973,0.07125775,-0.090445556,0.028369859,0.2733351,-0.018702809,0.11682521,0.13144103,-0.0985059,0.11841233,-0.27072373,-0.054339815,0.11052121,0.46785492,-0.015454775,0.004993759,-0.27352768,0.15664925,0.022511736,-0.25305113,0.033357315,-0.2579958,0.37698168,-0.08108753,-0.02281458,-0.1297234,0.077987574,0.05366131,-0.062735975,-0.22019222,0.06646235,0.08616401,0.08546162,0.12038738,-0.03529297,-0.441884,-0.19132945,-0.0447988,0.19906655,-0.27042165,0.1114421,0.12773816,0.032673575,0.100666314,-0.020442382,0.06531279,-0.21293426,-0.16685207,0.03031021,0.14807081,-0.24447462,0.043838598,0.071444295,0.09727586,0,0.11357475,-0.043386173,0.02340563,0.07110471,-0.03171426,-0.1228246,0.15743078,0.19581538,0.3081331,-0.22253065,0.0895157,-0.09188211,-0.12958749,0.114802875,-0.042046145,0.044978525,0,-0.085027955,0.03486932,0.39142734,0.17714545,0.3843724,-0.076191194,0.0055390447,0.19062312,0.086631045,0.22741562,0.18751031,0.16238342,-0.1101405,0.052410424,-0.07664268,0.2657143,0.18130127,-0.04441119,-0.22646397,-0.02020258,0.14173253,0.19705072,-0.0012073927,-0.03828767,0.21345103,-0.20351085,0.06054521,-0.26538375,-0.15456979,0.1079174,-0.006560056,-0.08330171,0.044324696,0.095572956,0.017990172,0.084607005,0.06590491,0.020096667,0.12374718,-0.28716993,-0.07581704,0.12265752,0.12051291,-0.08387464,-0.07231917,0.3604036,0.10222855,-0.080048844,-0.030029574,0.40296534,-0.011201594,0.45991144,-0.22547922,-0.13186082,-0.07957804,0.027801579,0.050100937,0.43751413,0.09457942,0.06564452,0.14160383,0.49523616,0.07729189,0.28200442,0.3671463,0.22001822,0.114057325,0.10239083,0.043264255,-0.050953463,0.47845802,-0.21348803,-0.2994622,-0.0125453025,-0.092372075,0.36831477,-0.106288925,0.07894151,-0.2185534,0.123234205,-0.11948204,-0.28579974,-0.037461966,-0.3116724,0.18907341,0.052721158,0.049512878,0.12533298,-0.33680144,0.4093653,-0.019225203,0.16747472,0.061589994,0.3159436,-0.40364507,-0.032589704,0.19457915,0.11850617,0,-0.11142902,0.14362246,0.14220692,0.16466793,0.33235648,0.24545103,0.23004754,0.111428745,0.24148296,-0.25536144,0.12163612,-0.17267376,-0.04453538,-0.04926487,0.19988814,0.15018274,0.08053824,0.15159932,0.11456104,0.26973268,0.08805968,-0.052947022,0.14245598,-0.06418277,-0.34136578,-0.37473893,-0.041336134,0.19517308,-0.24782932,-0.0022935122,0.11078857,-0.0707004,0.3080904,0.28763387,0.1034459,-0.09434776,0.27854085,0.07749997,0.266024,0.04902862,-0.15205659,-0.08694812,0.32651228,0.22115394,0.29670757,0.1742107,0.013524722,0.17373909,-0.34947258,0.43669286,0.045078993,-0.065094836,0.14565507,0.22212885,0.22687174,0.10914867,0.18052693,0.15941277,0.0038846135,-0.24152161,-0.20858347,-0.14599931,-0.06433627,-0.025904795,-0.058292575,0.059729494,0.18923223,-0.1659383,-0.038179472,-0.36907473,0.24136588,0.37772813,-0.096026346,0.10469938,0.17586179,0.020899225,0.13724619,-0.340062,-0.20835592,0,0.25109756,-0.0419935,-0.027776212,-0.2450006,0.1776708,-0.058470182,0.110462576,0.23603758,0.19423309,-0.1645137,-0.10632975,-0.02923378,0.12906176,-0.024926938,0.27267367,0.13231274,-0.057291906,0.105732426,0.18419488,-0.22802183,-0.18604435,0.10716905,-0.5625426,-0.07596523,0.4343759,-0.051027767,0.12486732,0.035506018,-0.0023470838,0.1057688,0.27242106,-0.078719795,0.003043376,0.14540143,-0.21186014,-0.13090038,-0.046587165,0.27448174,-0.19657706,0.10984842,0.19741556,0.61499566,-0.050468303,0.23169118,0.11736123,0.0043744817,-0.059672773,-0.1836702,0.053686526,-0.2387799,0.13911024,-0.12751253,0.20157021,0.3116886,0.16015449,-0.07120268,0.0818532,-0.20196858,-0.19953032,-0.0021481514,-0.084707096,0.14265126,-0.06693137,-0.033965774,-0.09750545,0.0237974,0.16585745,0.14850199,0.24306342,0.1117951,0.21083906,0.009046843,0.033589095,0.1915454,0.022860631,-0.010718465,-0.42407903,-0.1740464,-0.14710566,0.15738484,0.38573253,0.17510326,0.2594366,-0.096515216,0.11680143,0.27944434,0.16040468,-0.28006667,-0.20862418,-0.00063355267,-0.07209917,0.037361033,-0.062127605,0.02845245,-0.06524704,0.16972429,0.22045588,0.38075092,-0.16576092,-0.069600455,-0.2688504,0.035748817,0.27954262,0.054707028,-0.14760768,-0.43645263,-0.16106452,0.050624263,0.06966768,0.4186026,-0.055324424,0.06548259,-0.03851948,0.23934129,0.019703686,0.0486375,0.22316656,0.25817987,-0.108695924,-0.036238026,-0.093314774,0.25855422,-0.110970154,-0.14518972,0.44660443,0.2557449,0.004297438,0.31881654,-0.06625712,0.049834553,0.02727129,-0.031526394,-0.08323797,-0.04709544
"(113.81335443695876, 22.670107665723968)",0.26873517,-0.19858086,-0.0635876,0.15681714,0.3123658,0.011886712,0.4390539,0.12282421,0.22424702,0.29992706,-0.061865166,-0.040261958,0.25850475,0.07535795,-0.07372965,0.09538318,-0.14575687,-0.2060197,0.21849732,0.23826621,0.38434488,-0.010387082,0.25239244,-0.15119177,-0.08509141,-0.039125405,-0.04580058,0.1746993,-0.13003069,0.21071336,0.152654,0.12958014,-0.052982353,0.48379955,0.20908055,-0.04399453,-0.24411133,0.24253397,0.25888133,0.038459904,-0.2936558,-0.047006957,0.10460085,-0.16922677,-0.041614328,0.030872764,0.25461787,0.14586021,0.022738464,-0.2443653,0.0045679957,0.005718531,0.07946235,-0.2563888,0.09805209,0.09437276,-0.20100108,-0.2761615,-0.2618166,-0.21690387,-0.25887594,-0.16064681,-0.291469,0.2956224,0.0897249,-0.19097242,0.14825395,-0.011666279,-0.021985225,-0.25464168,0.14769188,-0.12985153,0.030739255,0,-0.04063297,0.13714117,0.30434617,0.1100594,-0.24825135,0.35684356,-0.16426288,-0.16014077,0.007252548,-0.06303494,-0.11375946,-0.1945667,0.06595881,-0.21570212,0.02165249,0.020761758,0,0.116892345,-0.11824367,-0.187293,-0.03037991,0.009544201,0.080159895,-0.17643286,-0.24042694,-0.06597409,0.22929242,0.18077189,-0.021814171,0.36584735,0.3041991,0.107421905,0.032407336,0.30703992,0.18274952,-0.18256381,0.10246443,-0.19437924,0.122505344,-0.21001947,0.3001841,-0.16457114,0.32735,0.21639793,0.05833108,0.0902209,0.29983127,-0.070903085,0.2175573,0.100756094,0.22868322,0.19477753,-0.23373778,0.034155563,0.13018377,0.52629066,-0.14903527,-0.026186371,0.30336097,0.3278973,0.09186314,0.07020171,0.48592067,-0.021689389,-0.07215218,0.12475935,-0.06511985,-0.23357047,-0.3044848,0.038466312,0.13638486,0.09167577,-0.108213715,0.22974506,-0.11543889,0.42736098,-0.09413497,0.07446126,-0.024882868,-0.13951455,-0.10504314,-0.2576453,-0.28676125,0.48166314,0.12836003,0.3688563,-0.22343418,-0.015103675,0.06593137,-0.001133468,0.30346483,0.045012213,0.043721765,-0.17967136,0.20478104,0.1258088,-0.006447306,-0.0013545323,0.047912918,-0.031038523,0.099323586,0.036106743,0.17741404,0.19796737,-0.067550525,-0.08229625,0.15633628,0.1961725,-0.08338285,0.081477866,-0.27435204,-0.061345708,0.14596507,-0.054822564,-0.26236203,0,-0.06303537,0.5195167,-0.0821024,-0.12342044,0.18756023,-0.58291113,0.013260357,-0.19627795,-0.40357873,0.13346207,-0.0305153,0.005130559,0.06444856,-0.06116879,0.15494266,0.22816859,-0.1949824,0.12820886,0.008397318,-0.10290364,-0.12348427,0.06501589,-0.31180143,-0.02963727,0.2221863,0.11904842,0.017081121,0.20803227,-0.035695232,0.07032879,0.2768259,-0.3058794,0.37579966,-0.41942418,-0.026485529,-0.021021977,0.21898296,-0.13173811,-0.0009739399,-0.14590505,0.08146188,-0.2998146,0.19237001,-0.07657771,-0.16910867,0.4869873,0.06581944,0.12630388,-0.13799472,0.1477912,-0.017612569,-0.11832987,-0.1656667,-0.301517,0.000987377,-0.24538559,0.06415133,0.017866932,0.1441688,-0.09629358,0.06590382,-0.32011616,-0.024270281,0.065871075,0.052872248,-0.14021567,-0.12177523,0.12186039,-0.0025772303,0.07828156,-0.030632101,-0.0078640655,0.21304736,-0.077085786,-0.026791114,-0.10002518,-0.05207482,-0.012441322,-0.37788096,0,-0.10607633,0.00678323,-0.20339918,0.382421,0.13400471,0.11368105,0.21509226,0.14585654,0.14634323,0.057776723,0.1483647,0.34124133,-0.104148485,-0.3206716,-0.12900573,0.047189146,0.18500394,-0.11537869,0.042533793,-0.049104936,0.09753429,-0.23505758,-0.23875049,0.024776168,-0.0075301416,-0.42183608,-0.007897435,-0.37181884,0.0036102515,0.12458724,0.25882182,0.3015324,0.2252316,-0.19922955,-0.1038139,-0.056834213,-0.18431158,0.40096498,-0.06284137,-0.08229388,0.05540743,-0.1701207,0.12756298,0.10921843,-0.2740116,-0.15842047,-0.42088735,0.20798314,-0.07002923,-0.05327469,0.37699074,0.039961975,0.06710133,-0.22029915,0.13769901,0.18852153,-0.15105546,0.29753786,0.1502953,0.1333924,0.13596381,-0.2692511,0.108344086,-0.12888582,0.072860666,-0.24056381,0.12480374,0.05150182,0.18599373,0.20665906,-0.03276954,0.25799584,0.13350841,-0.20748492,0.15217502,-0.08868664,0.0048278607,0.15365383,-0.06488314,-0.07576684,-0.050928548,0.09649883,-0.313819,0.39546192,-0.14646223,0.32186493,-0.1878233,0.03869807,-0.041898467,0.14407663,0.27086902,-0.11485099,-0.06965938,0.27573505,0.18303858,-0.12960236,-0.22238153,-0.056771237,-0.22519888,-0.13268341,0.07156182,-0.13299276,-0.013445754,0.40926322,-0.027542839,0.2021709,0.11177689,-0.23711906,0.022356737,0.13231751,-0.09248005,-0.0058556236,-0.2708364,0.06543761,-0.0033420548,0.32272145,-0.2349771,0.1647153,0.13077252,0.17249875,0.09177835,-0.14876586,0.11702064,0.12413257,-0.20689735,-0.18256964,0.052153077,-0.04782933,0.26816136,0.023143295,0.15688005,0.3112423,-0.089683436,-0.113927595
"(113.81361914421916, 22.674595779149914)",0.2213028,-0.10543576,-0.002573371,0.073730804,0.14234498,-0.035698045,0.18184695,0.05457434,0.13787365,0.20696895,-0.0839906,0.019541543,0.20177758,0.05592951,-0.14250717,0.08437015,-0.009665638,-0.026985146,0.22926867,0.3118686,0.39071062,0.012710283,0.1970464,-0.0002347827,-0.06125297,0.010168271,0.05596427,0.08976861,-0.06563532,0.07287315,0.13486964,0.098065585,0.15372372,0.3962748,0.20716166,-0.09474846,-0.098222144,0.21098119,0.1727567,0.041666,-0.28625083,0.102013566,0.027426735,-0.11136864,-0.08850821,0.060135946,0.264877,0.070494175,-0.068253554,-0.14460623,0.041883916,-0.004336765,0.118264705,-0.22199094,-0.0760257,0.004347991,-0.2036612,-0.12108376,-0.28031978,-0.1466918,-0.12484214,-0.115880944,-0.2213521,0.19180797,0.07911958,-0.20930973,0.05326808,-0.028020002,0.012034133,-0.26778522,0.15332478,-0.13112916,0.046688985,0,-0.020645907,0.12615404,0.21737875,0.040304624,-0.21587348,0.25910473,-0.122419015,-0.07257737,0.04547626,-0.115322515,-0.06607695,-0.28133956,0.01562234,-0.043612406,-0.0009449795,-0.09272102,0,0.05432654,-0.05201073,0.011552969,0.06511101,0.21874636,0.055349357,-0.15787013,-0.14199492,-0.06339219,0.27548406,0.25392917,0.007513214,0.25227982,0.30816984,0.06119676,0.11317891,0.24446964,0.17478634,-0.2825682,0.13845381,-0.10036527,0.09782977,-0.20632657,0.19773537,0.013653555,0.099981934,0.145077,-0.08018607,0.0052210856,0.3184548,-0.055274542,0.14139362,0.056076974,0.19961579,0.08887185,-0.15673707,0.040726747,0.0871565,0.37200448,-0.15680808,-0.018027486,0.35879976,0.30377033,0.02740682,0.009268431,0.48060393,0.07440661,-0.16362964,0.07266026,0.071942985,-0.19800346,-0.13821438,-0.02971489,0.06420798,0.112365626,-0.014425753,0.1408438,0.05255063,0.3605794,-0.063339725,0.08573303,0.118046835,-0.10762593,0.055819023,-0.13540775,-0.23084134,0.40132478,0.13676691,0.28260475,-0.17148684,0.14492404,-0.058014408,-0.103107154,0.17051853,0.0042530987,0.14300868,-0.2186134,0.18393017,-0.024997817,0.02179226,-0.055487573,-0.038099647,-0.10074951,-0.015575133,0.057765365,0.17011474,0.16804262,-0.055087008,-0.16775313,0.26750487,0.16559166,-0.052671406,-0.0118165575,-0.09301009,-0.17056432,0.0707574,0.010849306,-0.21179706,0,-0.14421734,0.40984678,0.028241498,-0.019104963,0.26495972,-0.46869633,0.07399693,-0.08259911,-0.2795571,0.06537025,0.08306192,-0.05535704,0.0052089007,0.057900324,0.16911168,0.19419007,-0.1822335,0.14839073,0.06294245,-0.027558135,0.01030089,-0.055160142,-0.21241973,-0.03791043,-0.035611726,-0.033827946,-0.031063573,0.29455456,-0.11041119,0.009168439,0.23261711,-0.33043966,0.439528,-0.2231788,0.018676687,-0.058174014,0.2984007,-0.05347599,0.036231197,-0.10153971,0.02536406,-0.32129994,0.24490549,0.0619236,0.029366702,0.4175101,0.054451454,0.18679827,-0.2589481,0.25450364,-0.093531646,-0.09555959,-0.08279967,-0.15694417,0.099739626,-0.22647685,0.16340326,0.07736316,0.12194929,-0.22528692,-0.023681082,-0.2614724,-0.054232597,0.040045477,0.041815877,-0.08280293,-0.027616061,0.0051793866,-0.031245112,-0.104058735,0.058458395,0.1413416,0.10275102,-0.013974771,0.08611897,-0.0895298,0.060445473,-0.13150811,-0.33508483,0,-0.03277736,-0.0036733951,-0.13137513,0.24064606,0.19455417,0.05514957,0.18937647,0.19378479,0.15199226,0.02310237,0.050296385,0.24215588,-0.047114603,-0.2690382,0.08847804,0.10416772,0.12731436,-0.071063474,0.1977698,-0.1302455,0.018549453,-0.12022343,-0.42244858,-0.05229529,0.14092916,-0.3462935,0.17790632,-0.30808586,-0.03548021,0.17456175,0.3308255,0.19973758,0.10760145,-0.15824586,-0.19548066,-0.075700074,-0.19250038,0.41643307,-0.20941855,-0.08916068,0.04090422,0.016576726,0.058991347,0.22089876,-0.23330423,-0.09826387,-0.28590348,0.09222761,-0.113547295,-0.121150605,0.40464061,-0.015308619,0.10886681,-0.05233065,0.14157239,0.094273046,-0.06219726,0.17081337,0.010583534,0.082044125,0.15086536,-0.09590849,0.045224257,-0.0951858,-0.028086782,-0.22967315,0.14579989,0.12152067,0.24437433,0.27671427,0.054661177,0.20733342,0.042124905,-0.083665095,0.061342955,-0.09176411,-0.16000709,0.03898958,-0.08924015,0.05003171,0.1146062,0.16291015,-0.12564915,0.20273042,-0.046870343,0.35496953,-0.096060656,-0.033860106,-0.11031736,0.11296064,0.1185793,-0.06598558,-0.117421865,0.2480948,0.10497142,0.016572922,-0.118047744,0.14454101,-0.28835934,-0.16000135,-0.16854563,-0.10955276,0.14821328,0.3231047,-0.09223233,-0.044694558,-0.029215094,-0.20978877,0.04100867,0.31894526,0.032053214,-0.024768185,-0.2714771,0.030764518,-0.0070989057,0.29583257,-0.08729584,0.23321643,0.025172397,0.15731186,-0.031154148,-0.0010590926,-0.027796611,0.092824236,-0.011965565,-0.0909544,0.024123453,0.13051526,0.1273719,0.060931325,0.17959963,0.19897264,-0.08811354,-0.023697615
"(113.81886298729506, 22.76700798838546)",0.023041874,0.098372355,-0.06812098,-0.13425195,-0.16101374,0.089260355,-0.5724498,-0.047721017,-0.031823337,-0.05881156,-0.015716098,0.0656919,-0.1864095,0.22936752,-0.5318598,-0.06636523,0.26600432,0.32679942,0.4270677,0.32003838,0.19473094,-0.074320555,-0.077640444,0.4937182,0.046391454,0.24296875,0.198991,-0.14611928,0.12768729,-0.46660116,-0.16017562,0.0540588,0.8076545,-0.12361566,-0.04614503,-0.5039858,0.21230617,0.06434545,-0.5102772,-0.23508376,-0.41780806,0.60968596,-0.26268792,-0.031417057,-0.27343065,0.052043952,0.18568365,-0.24173687,-0.36618295,0.12117058,-0.11378902,0.1553148,0.013782863,-0.0011434704,-0.83794755,-0.37043202,-0.2959924,0.5217249,-0.20306426,0.026698567,0.057995398,0.015556081,0.3199631,-0.15236677,0.115025416,-0.23592478,-0.25826764,0.12266797,0.23384257,-0.42141795,-0.06284816,0.29459652,0.09094207,0,-0.25188586,-0.03003518,-0.07835312,0.119288586,-0.059003502,-0.10956441,0.40493247,0.32630077,0.4459793,-0.5036095,0.07540685,-0.19474551,-0.21230097,0.14606425,-0.27667934,0.012585022,0,-0.27708778,-0.06798094,0.5899097,0.075551465,0.7042613,-0.04106667,0.08931707,0.43886557,0.14200659,0.49654046,0.04461112,0.34628773,-0.1832535,0.02418743,-0.36872378,0.42844468,0.25229904,-0.123615034,-0.38603428,-0.04932376,0.018452507,0.076676495,0.02299605,-0.20327508,0.58211315,-0.190692,0.24198684,-0.31904185,-0.28374928,0.42018002,0.1518215,-0.11065608,0.35598993,0.1905915,-0.20731279,0.05344129,0.05465721,0.018902205,0.058522277,-0.46674365,-0.28823057,0.20038167,0.1528498,-0.019738883,-0.05646129,0.36446863,0.1780456,-0.4192141,-0.2967622,0.37330914,0.07060744,0.7435702,-0.33009544,-0.16194877,-0.39006042,0.035008185,-0.047612388,0.7126727,0.3864839,0.13439958,0.2626612,0.5166951,0.17569833,0.6481705,0.44363257,0.4319531,-0.058011264,0.278436,0.03346038,-0.3895702,0.8398168,-0.27940154,-0.32259828,-0.052886084,-0.1921961,0.46558586,-0.03561698,-0.25921673,-0.35840482,0.04845404,-0.059017673,-0.7949313,-0.09805685,-0.7110683,0.10441673,0.1912675,-0.07982562,-0.041618206,-0.3013576,0.4877167,0.16476822,0.21099931,0.09471037,0.49296477,-0.82224107,-0.10863165,0.15919372,0.08256201,0,-0.07602023,-0.044293765,0.27725238,0.26632604,0.2586071,0.32516518,0.2295961,0.25947827,0.21172453,-0.49919054,0.28492737,-0.092714876,-0.15279596,0.07370859,0.24574246,0.16493018,-0.020175785,0.16206211,0.36530146,0.31375536,-0.044431493,-0.24717396,0.46858275,0.100099325,-0.7948861,-0.7671438,-0.041794315,0.37119684,-0.49322647,-0.13426994,-0.006406937,-0.3827182,0.31744194,0.47303826,-0.015954535,-0.08014555,0.6837583,0.21953923,0.39202416,0.041314073,-0.07700433,-0.39483806,0.36772308,0.39349294,0.54101604,0.2585492,-0.11594772,0.17087546,-0.5937234,0.5817241,-0.31356817,-0.2284226,0.20133826,0.12529437,0.26864374,0.1764158,0.0738074,0.14235476,-0.26153737,-0.6712419,-0.40459743,-0.2466144,-0.30980247,0.0043591503,-0.0765655,0.051647343,0.22152555,-0.39373845,-0.2091688,-0.76511896,0.25709757,0.4607562,-0.030057076,0.14870024,0.16948883,-0.20404999,0.16426742,-0.4855835,-0.18966472,0,0.2879056,-0.1271585,-0.10089677,-0.47604105,0.09478474,0.16374668,-0.0889433,0.4982762,0.41131875,-0.3075111,-0.16152348,-0.080835894,0.28405136,-0.15899655,0.64654595,-0.025930807,-0.095378295,0.14364468,0.30077738,-0.21017863,-0.5792257,0.18578319,-0.95215553,0.09267236,0.6384467,-0.12976986,0.15825208,-0.14807367,0.05305974,0.21650708,0.3274807,0.08835154,-0.14501853,0.42428905,-0.09752834,-0.2759038,-0.24517716,0.16068721,-0.17830385,0.10166439,0.064807564,0.96546024,-0.03978166,0.68465483,0.14341138,-0.080439575,-0.09644511,-0.4789491,-0.041977692,-0.30163816,0.02406551,-0.25082365,0.5492436,0.40133232,0.15574816,0.1081585,0.44785208,-0.34774914,-0.4382299,0.10505721,-0.22730666,0.5078838,-0.31081074,0.17237343,-0.18554468,-0.21277276,0.35740668,0.37295985,0.32205808,0.19759162,0.39241633,-0.04146307,0.005754195,0.13918383,-0.114422366,0.02166298,-0.6807896,-0.13851541,-0.38870054,0.29662788,0.6879333,0.19727074,0.4255979,-0.25408036,0.16936925,0.5419887,0.14898829,-0.48160768,-0.55558217,-0.2406732,-0.20035484,-0.07946425,-0.22864114,-0.0755877,-0.3233075,0.2727874,0.23749977,0.73234284,-0.2456749,-0.40637398,-0.42477363,-0.12682556,0.28973037,0.09160715,-0.24348572,-1.0379934,-0.27798837,0.13411796,0.07877989,0.57058483,0.37499407,0.06968494,-0.09781859,0.39402834,-0.08122173,0.29248375,0.53078896,0.08932939,-0.22015885,-0.3390653,0.15945464,0.27613026,-0.5552089,-0.31778234,0.92064106,0.269217,0.12546493,0.7867881,-0.06369944,0.21853967,-0.08207503,-0.16324472,0.009011805,0.14478731
"(113.81987002829452, 22.616923503026)",0.1312694,-0.0568261,0.017175186,0.13011877,0.11617632,-0.08887608,0.15792353,0.057175077,0.18558422,0.10221549,0.061461188,0.20866293,-0.0018912405,0.087371685,0.012564011,-0.040847138,-0.094058454,-0.010278255,0.2018384,0.21587038,0.21305758,0.048035946,0.055104516,-0.056843936,-0.042980257,-0.0072797257,0.029375605,0.018311076,-0.022296146,-0.043327123,0.038352188,-0.019772895,0.10861712,0.27323875,0.023848359,0.010440325,-0.08007494,0.071240194,0.12069209,0.051427,-0.18431845,-0.028089546,0.06885345,0.10788805,-0.062720075,-0.11286793,0.15005402,0.10904513,-0.041926824,-0.10379988,0.056652308,-0.002125008,0.09991757,-0.073648304,-0.14062402,-0.04148485,-0.032447316,-0.14864147,-0.07054407,-0.20207077,-0.19895129,-0.0877196,-0.056272887,0.21069358,0.02919169,-0.079822995,-0.036431298,0.09590906,0.012350036,-0.15869358,0.051961415,0.0071681086,0.11759095,0,0.07780766,-0.05954088,0.088079184,-0.0062411726,-0.17396148,0.27006468,0.062868476,0.007913046,0.14631149,-0.18968569,-0.028590996,-0.110985026,0.17876591,-0.18009984,-0.15680853,0.077482924,0,-0.05921346,-0.09813533,0.019352982,0.07611678,0.14761527,-0.12441701,-0.14141901,-0.11863058,0.15821594,0.3097026,0.129581,0.15679769,0.08910416,0.04029797,0.044372365,0.12818564,0.25233546,0.10593875,-0.12370625,-0.050287444,-0.114793055,0.07424972,-0.07488649,0.2128562,0.09601445,0.19798829,0.2324281,0.020794697,-0.018295035,0.24034695,0.110858165,0.23986374,0.18188623,0.058810897,0.15191373,-0.010707226,0.020952716,0.09761187,0.3132519,-0.19878753,0.018312206,0.087778285,0.17635833,-0.11001152,0.23750784,0.23016495,0.02010369,-0.059018563,0.12650077,0.11368646,-0.12023327,0.018225074,-0.104348905,0.030449674,-0.2798838,-0.037488602,-0.06185324,0.17196299,0.27646053,-0.09804435,0.09179702,0.06747535,-0.16146082,0.015750263,0.012567617,0.13289139,0.13408309,0.09685918,0.26582557,-0.28115878,0.20761469,-0.055861548,-0.14315258,0.17587176,-0.04417465,0.06042227,0.08106056,-0.054513738,-0.072787546,0.09002558,-0.07342948,-0.19259277,0.07959001,-0.2868423,-0.109152466,0.0834914,0.11253656,0.06867715,-0.16082337,0.23965643,0.06406503,0.0014533214,0.13991347,-0.024110071,-0.27478155,0.1866293,0.0718417,0.10534682,0,-0.0729278,0.14949134,0.08440527,-0.0016346067,0.07677453,-0.050996564,0.040563203,0.016516425,-0.07571855,-0.23444352,0.016573234,0.007968396,0.07800106,-0.19377838,-0.078419685,0.1309843,-0.007867977,0.10911213,0.1604589,0.09488592,-0.04796554,-0.045287363,-0.0010687597,0.021980137,0.026924208,-0.10356559,0.022557078,0.19892463,-0.013517506,0.047331743,0.07485914,-0.08973084,0.29682618,-0.110767454,0.097362086,-0.051834226,0.29368272,-0.14340538,0.0980402,-0.052503236,-0.34555534,-0.07486688,0.1840049,-0.08386047,0.030784115,0.29122055,-0.01119348,0.086162895,-0.12205273,0.27173942,-0.07001666,-0.15113895,-0.07653803,0.052576356,-0.12156235,0.11999648,0.13612822,0.04042132,-0.07153358,-0.08066909,-0.1442303,-0.0038539022,-0.09080361,0.06756489,-0.017935082,-0.012834877,-0.076639764,0.174875,0.0817803,-0.18477899,0.1366067,0.010434769,0.18952425,0.06611383,0.10403603,0.12302542,-0.024711907,-0.094342336,-0.12999585,0,-0.032955892,0.038600244,-0.07197411,0.11300701,-0.13086605,0.061604507,0.14723143,0.2398404,0.16860643,-0.26422393,-0.02259052,0.07765613,0.024562912,-0.11179057,-0.009778101,0.061876252,0.11858019,-0.034300093,0.083198085,-0.070573375,-0.031965666,0.05729203,-0.18599707,-0.15995091,0.16993555,-0.21955985,-0.041922458,-0.22168837,0.04649307,-0.019591752,0.1952655,0.22555454,0.054765675,-0.19095792,-0.03174721,0.10824792,0.011955742,0.18752691,0.05522904,0.13651139,0.08798434,0.16192724,0.18138593,0.049703877,-0.11748265,-0.1158293,-0.38784254,0.067125514,0.064603865,-0.018976934,0.05705159,0.0050583333,0.29169592,-0.12569441,0.06275565,0.038875878,-0.028420217,0.18802537,-0.2310025,0.023698866,0.13297181,-0.04981503,-0.040724583,-0.05920761,0.06019644,-0.0031608269,0.14490123,0.05697948,0.04587508,-0.006903786,-0.041852318,0.014441526,0.10437907,-0.107449904,0.2074402,-0.07664753,-0.13737023,0.07459283,-0.16158406,0.17256175,0.10341515,0.13694955,-0.16581076,0.031062767,-0.13080531,0.120005324,-0.0011920035,-0.31391013,-0.047849663,0.09130642,0.018295169,-0.021056807,0.016971646,0.09002406,0.069988996,0.20193595,-0.07247206,-0.047550727,-0.18754211,-0.07216537,0.097586595,-0.2257431,0.114609845,0.22909477,-0.107138224,-0.035918057,0.110782966,-0.08470985,0.06315413,0.11224845,-0.21196724,0.14086565,-0.015818335,0.14151761,0.06769814,0.17978302,0.014710732,0.0793857,-0.15950331,-0.024359178,0.18827797,-0.0136161,0.008140013,-0.09075621,0.21825182,-0.056720145,0.13137193,-0.061527006,0.2951609,-0.08594808,0.10352115,-0.07710716,0.018302005,-0.30532163
"(113.81990074537435, 22.67253901250752)",0.34440264,-0.10545677,-0.03550093,0.114661105,0.2132012,-0.14343876,0.35882193,0.1019657,0.09596816,0.3121097,-0.061924484,0.08897744,0.05783981,-0.06629496,-0.22212836,0.22110431,-0.06296356,-0.02446013,0.12646136,0.3733943,0.21814618,-0.13685372,0.14935705,0.1082726,-0.014536578,0.071719185,-0.1078771,0.109894305,-0.29209897,0.20011757,0.1300656,0.19822758,0.09056958,0.25013795,0.30135387,-0.2036671,-0.2787836,0.20828658,0.12339552,0.10144355,-0.32517797,0.33933204,0.046553254,-0.29688105,-0.08602153,0.19960584,0.28158742,0.025149953,-0.0076007172,-0.17471087,-0.06835872,0.0837577,0.037828445,-0.3126635,0.109247826,0.21859694,-0.18329532,-0.24770075,-0.3405752,-0.21038789,-0.24479985,-0.15893973,-0.12840214,0.115217075,0.116061345,-0.19929269,0.039593257,-0.0842791,0.06836897,-0.3754216,0.23227802,-0.045521684,0.02604951,0,-0.13897817,0.079747915,0.41936815,0.11955779,-0.20278943,0.22932595,-0.079980925,-0.11490494,0.21188505,-0.20145889,-0.079154566,-0.07222782,0.02279476,-0.2073969,0.080606535,0.073464036,0,0.19339138,-0.16308057,0.07503895,0.0740206,-0.15787722,0.06597418,-0.12890865,-0.13105704,-0.12843755,0.10170756,0.18936765,0.0147128515,0.46261716,0.47598052,0.020964786,0.14778754,0.37128398,0.22731756,-0.21307278,0.13304406,-0.04498542,0.1635302,-0.2676468,0.099863835,-0.04070741,0.32027435,0.2967395,-0.06923574,0.009121055,0.28790003,-0.1947028,0.1423192,0.04682893,0.21647952,0.1688936,-0.19660918,0.061224062,0.07646596,0.61561906,-0.4134989,-0.17083697,0.29518032,0.22800052,0.009521253,-0.1258753,0.73395836,0.023573708,-0.0438915,-0.10134958,0.10008201,-0.15840341,-0.047928125,-0.021409847,0.07105631,0.21519768,-0.16167925,0.43044472,0.028668813,0.43058276,0.10418309,0.18779686,0.12404579,0.008220881,0.15534858,0.034879345,-0.07955326,0.53287566,0.18718162,0.38072097,-0.18562853,0.059273392,-0.10183731,-0.22318506,0.20532726,-0.19484016,0.14438994,-0.16278155,0.08709763,0.10271165,0.020664541,0.06894459,0.1943341,-0.023619719,0.09834403,0.24091658,0.28072593,0.21939276,-0.035856567,-0.118017,0.38098004,0.18158,0.05209508,0.1415525,-0.07709492,-0.17026749,0.1783621,0.048887253,-0.06986907,0,-0.07457596,0.5268519,-0.071236014,-0.104451925,0.33245113,-0.44314986,0.29266542,-0.08919906,-0.1799891,0.20704213,-0.14601263,-0.15344921,-0.0070142164,-0.11197545,0.16382037,0.23022105,-0.23106419,0.1924338,0.021203622,0.017449627,-0.2253959,0.14387369,-0.29982656,-0.045426577,-0.061382167,0.017174736,0.038029157,0.19330907,-0.047700875,0.042414367,0.29282704,-0.17178689,0.54115224,-0.23056829,-0.0761663,-0.056779027,0.34889063,-0.01732173,0.049149908,-0.08707047,0.17536618,-0.38096362,0.30540836,0.056938343,-0.04173474,0.53037745,0.12750159,0.08911255,-0.24066359,0.253499,0.15500334,-0.07386815,-0.07858713,-0.26872486,0.20163798,-0.16373217,-0.01071012,0.10069245,0.11418109,0.04213856,0.010626167,-0.4288228,-0.18300591,0.14865004,0.13276899,-0.14534277,0.0049056336,0.054234684,-0.13537504,-0.0026521906,0.030950345,0.2244092,0.09839259,-0.061168425,-0.09209521,-0.14950775,-0.07295963,-0.072141975,-0.56692,0,0.07573892,-0.20863321,-0.28377032,0.29822338,0.26894423,0.20644206,0.1706345,0.22088508,0.033015028,0.05942994,0.14400536,0.3129557,-0.00061710924,-0.29000747,-0.09805758,0.1672783,0.22873978,-0.06825435,0.11501306,-0.10714902,0.06082504,-0.060516775,-0.31225026,-0.036393337,0.1630396,-0.5227055,-0.13123307,-0.22078799,-0.05843006,0.2439774,0.22969836,0.31340596,0.2258546,0.09293741,-0.17570272,-0.26545882,-0.106359825,0.46462873,-0.16366056,0.13084543,0.14329259,0.035778794,0.0794392,0.20518214,-0.33463436,-0.015229069,-0.38182467,0.08091667,0.06494716,-0.17736995,0.44585997,0.0032001995,0.0089317,-0.08474486,0.3248495,0.2267698,-0.14959306,0.08675063,0.14099026,0.33190766,-0.12082833,-0.21995647,-0.037762247,-0.19632025,0.13373303,-0.3408286,0.19092707,0.2137119,0.3616408,0.101677,0.13184375,0.2580262,0.1488918,-0.12741114,-0.0042699575,-0.026702784,-0.02984671,-0.0017702314,-0.1408052,-0.0812469,-0.054860838,0.05009925,-0.028184265,0.34782317,-0.05250532,0.39236534,-0.14283453,0.14635931,-0.1267772,0.036142156,0.2830704,-0.11744844,-0.1969771,0.31922475,0.28019878,-0.10996804,-0.14519897,0.16765246,-0.29280806,-0.18963645,-0.014607497,-0.022851339,0.08508379,0.4150903,-0.22839981,-0.018491283,0.011455789,-0.27631944,-0.04192325,0.23586817,-0.014412034,-0.05344906,-0.33299583,0.17494182,0.10963975,0.25687575,-0.20185862,0.015201748,0.1510763,0.2713986,0.08330863,-0.0074059963,0.06846546,0.09962538,-0.11810274,-0.039284892,0.14534329,0.07130182,0.18691769,0.030219201,0.09984608,0.45187098,-0.19025654,0.074822985
"(113.82065416321832, 22.661839741975623)",0.35500705,-0.15538904,-0.02558129,0.15625256,0.3433233,-0.018623207,0.41045094,0.10342649,0.13437767,0.3651625,-0.07758522,0.032242786,0.2790094,0.0070361383,-0.12551975,0.1483837,-0.0941236,-0.085842036,0.18194783,0.40476793,0.26932004,-0.14273183,0.118822195,0.01070264,-0.023534264,0.068900675,-0.164408,0.17187728,-0.26863003,0.2193091,0.1203568,0.1654034,0.16680163,0.29547456,0.24407527,-0.16438615,-0.3453695,0.25216794,0.14659533,0.05363404,-0.37367904,0.15823764,0.007739052,-0.23650795,-0.084235564,0.040476486,0.27422595,0.071148455,-0.028130405,-0.25201654,-0.04089348,0.077154815,0.025810052,-0.2842319,-0.007724978,0.10847893,-0.2129544,-0.1977047,-0.29286835,-0.15295419,-0.2644348,-0.17936103,-0.24180551,0.19378255,0.098337784,-0.16557333,-0.012721747,0.014202107,0.011746723,-0.36822897,0.19692165,-0.057035483,0.026389696,0,-0.15308103,0.10478556,0.3747255,0.11623583,-0.23697677,0.28325948,-0.06355719,-0.13211748,0.13844697,-0.21712004,-0.05449723,-0.07737401,0.042733528,-0.31828937,0.017268367,0.08133061,0,0.026931293,-0.21566728,-0.10822057,0.02251685,-0.12850045,0.057139106,-0.1268032,-0.12836851,-0.1890856,0.22140127,0.14953601,-0.0006198622,0.4183966,0.428245,0.034696802,0.12423879,0.40954098,0.22851613,-0.22333243,0.016632635,-0.083358325,0.13110852,-0.23700589,0.1917601,-0.13588968,0.4142642,0.33465704,-0.0025060102,-0.02570495,0.2467377,-0.14195561,0.18951963,0.16274776,0.1588169,0.13780853,-0.13541733,0.03543961,0.11861012,0.6237593,-0.35911122,-0.11168468,0.18206328,0.20267361,-0.0035421178,0.06538468,0.60715115,-0.04293767,-0.04879887,-0.0627711,0.08371614,-0.15864983,-0.19897613,-0.020308875,-0.031063937,0.115735434,-0.17899667,0.4183192,0.03539992,0.41105413,0.12873809,0.19131836,-0.029284999,-0.028928071,-0.009736981,-0.16593018,-0.11047205,0.4497315,0.17861429,0.4281301,-0.2411763,0.01898107,-0.028806046,-0.15551488,0.22762069,-0.039353356,0.066314325,-0.13600214,0.123483494,0.111930735,0.0017058458,0.09651102,0.02598162,0.006308086,-0.03860504,0.13938567,0.259217,0.18123482,0.004022293,-0.11584047,0.25743642,0.2127735,0.039907243,0.19159245,-0.1864481,-0.16209868,0.153981,-0.025104223,-0.16158041,0,-0.028685812,0.5639242,-0.12543325,-0.11870505,0.20709425,-0.47030586,0.111507446,-0.12869969,-0.2684972,0.10083186,-0.11329205,-0.10734525,0.025290009,-0.121834025,0.15771319,0.16139363,-0.31064326,0.17701277,0.03518056,0.0111596435,-0.29397953,0.096127115,-0.3368364,-0.014915033,0.04578615,-0.0072629824,0.009809447,0.17857611,-0.10055583,0.08054699,0.2980973,-0.2665375,0.4567809,-0.264754,-0.09627183,-0.042299785,0.38114738,-0.10886793,0.060121723,-0.10626108,0.10956147,-0.4035899,0.3204825,0.06250141,-0.10360315,0.53134644,0.057768922,0.06780349,-0.18774359,0.17658356,0.009170763,-0.13542269,-0.09994863,-0.25036818,0.06945756,-0.23813757,-0.0533994,0.026176047,0.122746386,-0.09444527,0.02419937,-0.4421869,-0.19836296,0.11488191,0.029585458,-0.19086075,-0.04352437,0.18489204,-0.1435862,-0.042722978,-0.022735238,0.09472575,0.12889577,-0.11513505,-0.11827937,-0.108933926,-0.09490466,0.0051054284,-0.5246287,0,0.047964886,-0.10677711,-0.27600586,0.24084586,0.2654068,0.2318809,0.19429931,0.065842405,0.13330439,-0.033658568,0.15754542,0.3044677,-0.014814496,-0.26650447,-0.15345493,0.08986494,0.1992148,-0.10433829,-0.059024543,-0.033591516,0.0325072,-0.14775729,-0.38510424,-0.060239695,0.18779227,-0.45059815,-0.1405178,-0.2898067,-0.03350158,0.18647146,0.19485572,0.31680548,0.19889699,0.045312822,-0.055468105,-0.25224245,-0.12851816,0.3524736,-0.0719654,0.101155035,0.040981147,0.017195802,0.097638585,0.08800876,-0.25157338,-0.05367779,-0.48280895,0.09013431,0.049007382,-0.13377571,0.31715763,0.0305655,0.13670026,-0.21733856,0.28424478,0.3082682,-0.15050068,0.1509239,0.14017585,0.31087366,-0.104866594,-0.2651935,0.037988476,-0.14221418,0.18560605,-0.3191308,0.18402925,0.17870428,0.26603338,0.10869062,0.08975584,0.263624,0.17668757,-0.1784873,0.034826532,-0.030433953,-0.0018515848,0.13384077,-0.12280363,-0.08008471,-0.045169514,0.067338094,-0.14119953,0.3759325,-0.059699543,0.42316622,-0.16601986,0.014274138,-0.105267756,-0.01731874,0.35528496,-0.16602229,-0.07870898,0.27043685,0.23105043,-0.19363476,-0.1294125,0.1067888,-0.2616314,-0.23496209,0.030526616,-0.0704812,-0.025356185,0.53323793,-0.13698047,0.059942633,0.09592694,-0.21596931,-0.08251417,0.19344693,-0.05915864,-0.056256633,-0.31659287,0.27526364,-0.000277929,0.34667712,-0.21954164,0.095864385,0.064582765,0.22863407,0.14482202,-0.17498502,0.087751225,0.03540632,-0.053394377,-0.13727264,0.12245515,0.0005063433,0.2580094,-0.0817329,0.059654985,0.38855073,-0.11410766,0.0065293154
"(113.82261750694376, 22.66056399635333)",0.32850346,-0.13148959,-0.016098794,0.13502295,0.3000853,-0.025851045,0.35220915,0.091424905,0.12850426,0.34697205,-0.0883813,0.037277956,0.25150087,-0.0038818829,-0.14914516,0.13041736,-0.06355412,-0.05733853,0.18628012,0.4003714,0.30289254,-0.11652156,0.12419603,0.011775881,-0.037227113,0.05519061,-0.11846211,0.15435903,-0.24955046,0.18583728,0.12604257,0.15535657,0.17710373,0.30102217,0.2498042,-0.156982,-0.2933149,0.24437016,0.14854115,0.05299612,-0.36084697,0.17537999,-0.008973494,-0.2252383,-0.09524493,0.040366463,0.27959415,0.061444532,-0.06127783,-0.24026385,-0.028476372,0.060498662,0.04252205,-0.27758783,-0.013753481,0.08965453,-0.21104616,-0.17162311,-0.29155117,-0.15427893,-0.22472587,-0.16872081,-0.23954797,0.18452121,0.08896215,-0.1742031,-0.013978198,-0.0038092732,0.013407424,-0.35105217,0.19308397,-0.06916835,0.028483897,0,-0.14269435,0.10946816,0.33761296,0.0836078,-0.2525775,0.2767277,-0.07985936,-0.121699706,0.11826475,-0.19860274,-0.055076126,-0.12906669,0.030829176,-0.25582102,0.0020000227,0.02980382,0,0.03821931,-0.17647952,-0.09051799,0.036911827,-0.0759003,0.05681067,-0.13022096,-0.13115086,-0.18246846,0.22032684,0.18451062,-0.015886333,0.381989,0.4096791,0.041067913,0.13840348,0.3839542,0.22794846,-0.24927571,0.049446825,-0.08690069,0.12828729,-0.2503191,0.16561177,-0.097899355,0.35630193,0.29205304,-0.036937274,-0.03640134,0.26995367,-0.13000768,0.17517695,0.13903855,0.1705558,0.121754974,-0.13190167,0.037178047,0.098607756,0.57987875,-0.32978615,-0.09562275,0.23563589,0.20146954,-0.007047251,0.03966301,0.5952746,-0.024596725,-0.06922051,-0.048535526,0.09581825,-0.15952718,-0.18985388,-0.019529067,-0.019838922,0.10724146,-0.14608426,0.37474605,0.0665777,0.4103418,0.09996517,0.17016828,0.010776803,-0.044750735,0.018833417,-0.1596634,-0.14432606,0.44502124,0.17140478,0.39706135,-0.23673472,0.05348663,-0.042526543,-0.1638863,0.21285461,-0.036944784,0.09364085,-0.157288,0.12866755,0.069441795,0.0045513306,0.08160689,0.022969663,-0.014643766,-0.022871323,0.12850924,0.24602807,0.1786957,-0.013708241,-0.14006343,0.28485274,0.20171529,0.028582525,0.12749982,-0.15515986,-0.16668835,0.13370752,-0.01571411,-0.16299951,0,-0.059520353,0.5257046,-0.08775581,-0.08803268,0.23177299,-0.4785002,0.104989946,-0.120301984,-0.26675004,0.10352645,-0.06741214,-0.1045371,0.01223501,-0.08665793,0.17245615,0.16501747,-0.29964256,0.1841292,0.04294891,0.0019751163,-0.23075621,0.07886595,-0.31610322,-0.020853326,0.018654741,-0.018926948,-0.0037183333,0.20749843,-0.096499,0.04876353,0.28691033,-0.2754236,0.46635658,-0.24601784,-0.060781326,-0.038720913,0.38039038,-0.09249445,0.05677548,-0.10817326,0.11119598,-0.4054518,0.30392513,0.07178276,-0.06769873,0.51000345,0.053027924,0.10168406,-0.21099044,0.18506044,-0.021940708,-0.1320882,-0.09481618,-0.21928395,0.08387731,-0.24325377,-0.021669835,0.044266555,0.13710827,-0.12052335,0.008601934,-0.41353816,-0.17010416,0.101094,0.025573947,-0.16810805,-0.028119989,0.1518969,-0.13137336,-0.059658967,-0.017408386,0.12731728,0.1164296,-0.09864115,-0.06971148,-0.11937949,-0.043373242,-0.0008813888,-0.49232402,0,0.035213403,-0.0898901,-0.23910892,0.23885974,0.28296375,0.18893152,0.1888917,0.0738259,0.12863672,-0.020498473,0.14554502,0.29811653,-0.017624691,-0.26418966,-0.09562047,0.10071933,0.18083434,-0.10048418,0.007850364,-0.06058097,0.02705812,-0.13711171,-0.41165453,-0.05567088,0.1803242,-0.4237408,-0.053685673,-0.28620884,-0.032935366,0.1987095,0.22209615,0.28918582,0.17433333,0.020361364,-0.068728186,-0.22835171,-0.15247585,0.37265095,-0.1057404,0.08728225,0.044366498,0.027811807,0.079162255,0.116250426,-0.26542687,-0.04578609,-0.43872482,0.07125004,0.00536998,-0.14817306,0.3535769,0.016665526,0.12374109,-0.17984666,0.2707318,0.27951267,-0.14009029,0.15674126,0.11791229,0.26337442,-0.06531827,-0.22646426,0.038472302,-0.12836723,0.14682055,-0.31427446,0.18015571,0.1743886,0.27358383,0.14456744,0.1074454,0.26177412,0.1614409,-0.1565496,0.03912823,-0.043137982,-0.028960478,0.10938847,-0.118956015,-0.034625873,-0.006761901,0.099080086,-0.10830662,0.33824912,-0.051844798,0.42045963,-0.14979695,0.009340773,-0.10445849,-0.015927315,0.3014001,-0.13691814,-0.090526216,0.27456355,0.20275533,-0.14628765,-0.12683979,0.14299992,-0.2731317,-0.23616119,-0.023461334,-0.07146617,0.0024017915,0.50844014,-0.1341379,0.01987052,0.074912876,-0.21570067,-0.05914205,0.2279239,-0.031082142,-0.05254164,-0.30614462,0.24955611,-0.008393683,0.35210693,-0.18923762,0.11390638,0.031340703,0.2205226,0.10529388,-0.12319106,0.04799314,0.042855397,-0.05039709,-0.115989685,0.10535265,0.049523436,0.21621278,-0.05567122,0.09158039,0.35358447,-0.11232001,0.021778665
"(113.82272544840345, 22.645748716168008)",0.09739913,-0.12273884,-0.048152395,0.0653942,0.31411937,0.20571779,0.17722367,0.13252403,0.33469552,0.242889,-0.0174503,-0.13331093,0.037548244,0.037828222,-0.10118215,-0.046167582,-0.04512459,-0.15155375,0.23051275,0.098819435,0.3656381,0.067851186,0.15493521,-0.27999276,-0.08604385,-0.07554099,0.06907184,0.11714815,-0.18080834,0.04715033,0.07086784,0.010690488,0.14144206,0.31607375,0.10158327,0.0028382558,-0.14907515,0.045199342,0.12934238,-0.057913616,-0.26225126,-0.06326134,-0.0689795,-0.1613456,-0.11495697,-0.10484884,0.1774824,0.1390046,-0.17833927,-0.1469925,0.03831801,0.016004017,0.08556241,-0.15144782,0.045351453,-0.11765283,-0.18444994,-0.06711265,-0.11492999,-0.2812472,-0.15327749,-0.0980007,-0.18810007,0.24784364,0.085858345,-0.25643027,0.11440631,0.05888984,0.04107183,-0.14156425,0.041688412,-0.005979767,0.09464326,0,-0.003678387,0.034504663,0.07490541,0.0009191558,-0.3261772,0.26832438,-0.0847211,-0.077386096,-0.07773174,-0.075635955,-0.10622747,-0.31884015,0.052196763,-0.094131716,-0.21358743,-0.0035275295,0,-0.01018893,-0.02713076,-0.33377865,-0.1427845,0.11797336,0.013637212,-0.08089256,-0.17581138,0.021780957,0.29730216,0.12711704,-0.09031327,0.06484872,0.06555869,0.064747415,0.061920583,0.3155202,0.12863971,-0.11644791,0.13035029,-0.21674499,0.054213427,-0.13882509,0.015665151,-0.051721696,0.15486108,0.12270725,0.023295902,-0.07827443,0.3503973,0.07198192,0.14929155,0.19594733,0.20434563,0.14187327,-0.08934059,0.029012647,0.035817087,0.34636357,-0.127672,-0.06614747,0.34238,0.06987351,0.0692417,0.14125796,0.31171426,-0.08702581,-0.14058328,0.15737212,0.11279108,-0.0938167,-0.28605947,-0.05852341,0.0668019,-0.3129094,-0.05566346,0.0888339,0.18890104,0.40473497,-0.2812167,0.015310854,0.121770956,-0.09262403,0.019616012,-0.3632915,-0.30998844,0.31936455,-0.029178508,0.20267422,-0.352183,0.1907967,0.18195356,0.0039444454,0.28800368,0.11999934,0.16304757,-0.082401186,0.112746805,-0.103726685,1.8985942e-05,-0.06719128,-0.18136618,-0.022585958,0.008513212,-0.091665134,0.0822245,0.13407826,-0.08792599,-0.15761566,0.13159123,0.13483894,-0.058726694,-0.049194008,-0.13192835,-0.0914633,0.073939666,-0.04442268,-0.14478211,0,-0.03586496,0.21276847,0.05675175,0.04089367,0.15815982,-0.34648374,-0.14136425,-0.12193643,-0.17247035,-0.023800202,0.11189392,0.06476697,0.050908867,-0.058212668,0.19640976,0.12667279,-0.1154031,0.050284415,0.15101638,-0.07524719,-0.049400777,0.051695824,-0.20300011,0.020303026,0.2931651,-0.005700119,0.010226624,0.14041816,0.04986746,-0.0917365,0.15904045,-0.263932,0.2716167,-0.2798211,0.15770766,-0.05729849,0.23796576,-0.071170636,0.05406799,-0.082105584,0.06676133,-0.15785892,-0.0018016219,0.030142793,-0.09542492,0.22702338,-0.0790607,0.2315566,-0.16754988,0.09884954,-0.118796416,-0.13732073,-0.1318241,-0.006545417,-0.10003656,-0.24992758,-0.06218744,-0.026202682,0.09060451,-0.29245806,-0.0849788,-0.22370562,0.038394555,0.048413023,-0.11123436,-0.066166736,-0.058915727,0.21307778,0.017183237,-0.00065408647,-0.113323055,0.0047486797,0.18147956,-0.048442848,0.095575586,-0.07042686,0.22385892,0.13018776,-0.117456615,0,-0.13071254,0.046660013,-0.16488224,0.29828355,0.087555386,0.034110814,0.1261919,0.005958181,0.18857768,-0.050701257,0.19934188,0.32920855,0.01827379,-0.16244072,0.023507223,0.0034103643,-0.07476086,-0.05068662,0.06987934,-0.009244604,0.025321778,-0.32937753,-0.23592675,0.19854864,-0.0031997748,-0.099598326,0.14467432,-0.35267887,0.13104779,0.0752905,0.15775359,0.097530976,0.10753378,-0.14267477,0.2200978,0.023750639,-0.25276944,0.21576506,0.08806758,0.03504935,0.008836135,0.06655754,0.093279324,0.1301216,-0.24469213,-0.14746845,-0.29336673,-0.02088014,-0.22783017,-0.13281818,0.23017262,0.0026591383,0.1913321,-0.22616985,0.0066274926,0.29117328,-0.03104978,0.3318578,0.0497562,-0.039238073,0.17254432,-0.17508847,0.17290747,-0.031895965,-0.076854944,-0.12783703,0.10023114,0.03695562,0.097042836,0.18922208,0.06751825,0.13681951,0.22809623,-0.18140848,0.3017971,-0.124772295,-0.18147266,0.16784538,-0.093601525,0.104359984,0.07100001,0.15151723,-0.1478185,0.27304596,-0.22719756,0.30465943,-0.09976182,-0.13505201,-0.025218673,-0.049694687,0.059025902,-0.026734455,0.06330995,0.19103463,-0.031633087,0.046488225,-0.18495324,0.040514205,-0.16892764,-0.21792345,0.04094682,-0.1455543,-0.11554497,0.422021,-0.027947368,0.022014499,0.19082125,-0.04387441,0.09216845,0.087486625,-0.12373157,0.11876583,-0.00858625,0.34352198,-0.118829235,0.3078103,-0.006295465,0.12014819,-0.10931943,-0.016375251,0.124846056,-0.036394313,-0.039602384,0.00010706484,-0.1028557,0.0018540034,0.022747908,0.14337994,0.21349072,0.06567903,0.115174755,0.10240099,0.059570044,-0.089122
"(113.82500545646027, 22.72651358988669)",0.25183883,0.1041424,0.04058486,0.071990386,0.002819466,-0.3003804,-0.021528512,-0.0013204031,-0.05755265,0.057760395,0.044522956,0.3725096,-0.1250969,-0.051619206,-0.1356476,0.12553357,0.04927419,0.18557712,0.024166763,0.26695305,-0.23160458,-0.1872924,-0.07608556,0.3705245,0.09369196,0.12410192,-0.12293992,-0.07683899,0.004042838,-0.07898365,-0.0013514571,0.15961961,0.15081304,-0.11390709,0.08679888,-0.2205796,0.037239246,-0.009969205,-0.22034119,0.15110171,-0.12459599,0.44919562,-0.039733678,0.01070305,-0.007907949,0.13556075,0.04432585,-0.13259022,-0.008907728,0.032826617,-0.056179076,0.14874601,0.007320244,0.012305543,-0.24466369,0.13387455,0.10101764,0.044054516,-0.14609425,0.029316574,-0.08571918,-0.037409518,0.17223275,-0.08465202,0.035702337,-0.04693564,-0.15750341,-0.012904491,0.10934286,-0.28667027,0.041834913,0.18449175,0.059123985,0,-0.0797719,-0.1392334,0.2497956,0.13126215,0.09251168,-0.071962,0.2757781,0.11127344,0.47772193,-0.36697894,0.10495505,0.27202934,-0.003603205,-0.20601228,0.056141414,0.16403326,0,0.030730687,-0.0896408,0.5219507,0.23090011,-0.08832317,-0.12645839,0.06491138,0.19199927,0.034165133,0.044405863,0.033916242,0.24128616,0.14798139,0.14021568,-0.046976656,0.25801396,0.23232761,0.027027436,-0.0663085,-0.12129275,0.15040785,0.16445372,0.036643837,0.04022575,0.23078372,0.1722044,0.32919315,-0.14484587,-0.016965438,0.075160384,-0.03429904,0.0646516,0.07420632,-0.054350562,0.053703517,0.015248064,0.062056966,0.1106684,0.30085656,-0.4563465,-0.1256394,-0.13466574,0.075341925,-0.19479007,-0.08387896,0.40993807,0.1599729,0.1629427,-0.14416179,0.2601721,-0.00066570565,0.56313676,-0.104516394,-0.09924608,0.05210501,-0.1112088,0.121785775,0.21202241,0.12982908,0.37092313,0.2216869,0.2447149,0.1069404,0.31659102,0.5750686,0.53772044,0.07387143,0.28470474,0.24871106,-0.023273624,0.28585276,-0.2518391,-0.32649404,-0.020182654,-0.23633565,0.11343099,0.19868334,-0.13753925,-0.048871897,0.13886975,0.102782324,0.014029041,0.12545122,-0.3012846,0.24449047,0.17674379,0.038586646,0.14031506,-0.11300659,0.40555993,-0.023593716,0.22435048,0.33882415,0.31315017,-0.40307027,0.13550094,0.20362306,0.31014687,0,-0.0368053,0.15216532,0.03697733,0.02099737,0.15161139,0.36609954,0.4451692,0.2137441,0.24664487,-0.19292861,-0.22898838,-0.23864412,-0.024307704,-0.22917967,-0.07009292,0.080442354,0.09288422,0.22397657,0.0729466,0.31659812,-0.10843955,0.07798933,0.15329911,0.04902543,-0.266913,-0.19024976,0.053475797,0.06040015,-0.16117498,0.03136398,0.034271803,0.15852997,0.36207646,0.32661173,-0.07384904,0.015960041,0.21105249,0.017731568,0.2116588,0.06295873,-0.15694968,-0.070364855,0.33047417,0.07641578,0.1863272,0.21748655,0.101008296,-0.08473341,-0.22980188,0.40858865,0.26989716,-0.07237791,0.1671006,0.030879244,0.21010754,0.3672457,-0.051544443,0.19230619,-0.11761395,0.22588052,-0.1632939,-0.16730154,-0.26498497,0.13609973,0.11648945,0.011756606,0.2195726,-0.061725885,-0.05959998,-0.27743238,0.24969566,0.36170393,-0.016092744,0.08535049,-0.050467093,0.0846373,-0.23377112,-0.2725025,-0.31846628,0,0.32588065,-0.15858154,-0.07366041,-0.2182146,0.08778906,0.14197204,0.16252232,0.28348944,0.04746767,-0.2372843,-0.111720204,-0.10245629,0.13410574,-0.031754106,-0.068743095,0.1705576,0.16070598,0.07259111,0.06082493,-0.1482047,-0.11740152,0.26934147,-0.23329085,-0.14584652,0.3622841,-0.21816266,-0.2529639,0.09722638,-0.11965516,0.09231189,0.11599888,0.18190035,0.10362244,0.2901889,-0.19441426,-0.17188534,0.15328526,0.15333904,-0.04826213,0.24546716,0.19961861,0.43682536,0.09461082,0.15784036,0.12021513,0.01002606,-0.15171057,-0.015832365,0.35156015,-0.14064384,-0.047502905,-0.057345662,0.15017298,0.2047061,0.31303492,-0.02781348,0.09375959,-0.29010028,-0.18863423,0.29647207,-0.33353978,0.12726843,-0.27211082,-0.10412123,0.18809399,-0.026196264,0.20520127,0.24970229,0.25272053,-0.22575517,0.1873185,0.007709956,0.036413357,0.107574314,-0.11915466,0.08626077,-0.1483298,-0.1090284,-0.19426936,0.024338212,0.10041155,0.048922595,0.22915055,-0.11082458,0.14074197,0.08309878,0.086303785,-0.12906934,-0.1359007,-0.056206807,0.106920265,-0.009468546,-0.1447952,0.05672168,0.14314193,0.016890064,0.15364745,0.20387658,-0.13828,-0.0749461,-0.055227824,0.057129614,0.20469207,0.106420666,-0.28864145,-0.34562933,-0.02485865,0.044414636,-0.064646915,0.24248944,-0.099739,0.08544357,-0.12502527,0.21590833,0.29242107,-0.027262699,0.11758735,-0.08919798,0.07345775,0.027962074,0.15533346,0.12520477,-0.0031731278,-0.14846183,0.39139527,0.12635772,0.26241446,0.062280595,0.11474958,-0.053601425,-0.037304398,0.13574374,-0.1320621,-0.06256511
"(113.82651395271009, 22.7279766134988)",0.20365003,0.10402058,0.0847009,0.029381027,-0.06303426,-0.28772533,-0.19162944,-0.036548328,-0.06452879,-0.040047586,0.055778332,0.3326551,-0.13671589,-0.02231586,-0.06622719,0.088940784,0.083959624,0.22073564,0.021307992,0.18038891,-0.23228988,-0.124057874,-0.07168543,0.34827942,0.12640688,0.11092861,-0.03548213,-0.14990412,0.115523025,-0.15374865,0.004287023,0.08718507,0.22742444,-0.06833189,0.049276292,-0.13686907,0.16812593,-0.111025065,-0.21595381,0.16996488,-0.034011565,0.34570235,-0.068790644,0.109005265,0.010312535,0.08887326,-0.0066102,-0.11542334,-0.028658748,0.12147671,0.020588726,0.12550648,0.04607477,0.1048643,-0.31400436,0.018642154,0.12559235,0.096275516,-0.07516143,0.05784695,-0.00969949,0.0019235713,0.17883134,-0.07513021,0.033286773,-0.086445965,-0.12802772,0.014798451,0.10417338,-0.24855115,0.01295536,0.14727798,0.09782375,0,0.032322086,-0.15593483,0.17684723,0.081601284,0.1180387,-0.11358028,0.26270658,0.15057278,0.40875572,-0.35789335,0.12471169,0.18199924,0.00026893616,-0.10379613,0.040407643,0.08548145,0,-0.05158996,-0.009744987,0.5415549,0.24846235,0.10628869,-0.1795819,0.0845073,0.20122151,0.110433176,0.11353062,0.05354861,0.21332623,0.015739724,0.03273277,-0.0102084875,0.22971275,0.15766881,0.027702875,-0.04653728,-0.10809803,0.17362423,0.11094221,0.13229793,0.03263498,0.30737758,-0.019647164,0.2563189,-0.17760172,-0.041880436,0.05948019,0.04463204,0.038954996,0.037799068,-0.12562038,0.022198975,0.069987744,0.05780951,0.1141452,0.13862324,-0.34771746,-0.06277273,-0.1003824,0.039304897,-0.21260935,-0.019261377,0.2837094,0.21983364,0.13128886,-0.046436526,0.3208309,0.01281731,0.57013226,-0.11252526,-0.13998449,0.030268341,-0.029141696,-0.042667974,0.24083714,0.03525921,0.27114946,0.14984953,0.33228636,0.08552037,0.34125412,0.53153175,0.49899477,-0.010930598,0.20576006,0.18021612,0.05905383,0.343173,-0.20218341,-0.28788787,-0.06935692,-0.15799244,0.13753696,0.21155454,-0.056322023,-0.16033092,0.18107283,-0.020826044,-0.04074362,0.05821888,-0.40346646,0.18499504,0.10195519,0.015893172,0.17333469,-0.14761816,0.35044736,-0.09477758,0.19705737,0.3000037,0.37235516,-0.40038663,0.06438087,0.2345852,0.29738835,0,-0.07701813,0.044932462,0.12348498,0.06795317,0.1291374,0.4690499,0.39868164,0.27411908,0.330545,-0.2712932,-0.13752593,-0.23782575,-0.019197242,-0.121375665,-0.11130214,0.025055692,0.15142742,0.17053156,0.12306296,0.3570634,0.04727193,-0.04113082,0.18541725,0.06363408,-0.23872197,-0.19734235,0.03378804,0.073158935,-0.17481464,-0.009659454,-0.019514587,0.14567687,0.37867504,0.39349756,-0.010174435,-0.015228808,0.14603269,0.044105217,0.1752817,0.121708624,-0.2849622,0.05598664,0.26912186,0.14961766,0.266778,0.043947846,0.08438346,-0.047448933,-0.25020945,0.476231,0.26026803,-0.026277734,0.19568644,0.16726457,0.1735591,0.3458695,0.014471009,0.18813278,-0.16319165,0.13481544,-0.21734855,-0.0634782,-0.22941516,0.106843874,0.07034918,0.07798175,0.25172043,-0.07942178,0.012465,-0.36474347,0.27886763,0.33947656,-0.07378721,0.12686801,0.044133496,0.17644715,-0.16054666,-0.3299829,-0.18717971,0,0.3308555,-0.07757818,-0.030262988,-0.2470783,0.02218981,0.06332555,0.2042677,0.26934448,0.046124928,-0.30598846,-0.19291312,-0.1796851,0.15358156,0.04138408,-0.00839581,0.19738933,0.060062315,0.10994843,0.09090656,-0.1667245,-0.10776002,0.23560359,-0.23739526,-0.17269862,0.3849044,-0.085424945,-0.09357315,0.08034921,-0.12581725,0.04899118,0.12766385,0.05439513,0.03491291,0.17474316,-0.22277556,-0.067714304,0.17354494,0.08550714,-0.0678384,0.13501143,0.13834982,0.47221023,0.08177752,0.16507722,0.18303855,-0.02546779,-0.02268885,-0.022102952,0.27914956,-0.13301477,-0.11623813,-0.059774246,0.19290483,0.24875799,0.17445824,-0.1242567,0.2031155,-0.31953946,-0.29688972,0.17845285,-0.20995991,0.20914452,-0.24376243,-0.10250355,0.06119149,0.08174313,0.16825901,0.23299006,0.19445345,-0.1984661,0.15684053,-0.07199741,-0.044547334,0.1915485,-0.09532148,0.055633575,-0.25526425,-0.1321873,-0.17841572,0.078039765,0.1536359,0.079022095,0.24486898,-0.23939437,0.14237571,0.03718169,0.12054519,-0.23005551,-0.077770524,-0.057854846,-0.018586032,0.057560183,-0.08841185,0.022851633,0.0926399,0.11083771,0.18322223,0.21323475,-0.16907759,-0.06336295,-0.19627595,0.027636433,0.30621877,0.036900148,-0.3018909,-0.39302915,-0.057679806,0.103211656,-0.028486114,0.29947925,-0.069335684,0.12098347,-0.06801688,0.14870709,0.2901179,-0.078795165,0.2189433,0.009288133,0.04515925,-0.0071239555,0.0492545,0.1603913,-0.023446992,-0.12569782,0.46399134,0.16503538,0.2543752,0.08177261,0.06814058,-0.029990759,-0.006316643,0.013246812,-0.098244734,-0.073536314
"(113.827021136085, 22.704083921151742)",0.28634012,-0.014319597,0.014922079,0.050030388,0.04170815,-0.22556673,0.22392662,0.08334933,0.1310722,0.22740088,-0.057947397,0.16478461,-0.07512073,-0.13524835,-0.31600758,0.22481866,0.02061294,0.091398515,0.13735177,0.42546642,0.3437236,-0.09095577,0.16928571,0.17027207,-0.099891394,0.08787094,0.044594266,0.06816686,-0.30900094,0.092860155,0.106587425,0.19664834,0.19418547,0.20001978,0.30935726,-0.2635503,-0.21023554,0.2571631,0.1308785,0.08854834,-0.36229175,0.49112892,0.08085732,-0.33294484,-0.16732803,0.27304363,0.31840825,0.01925933,-0.10644284,-0.14376429,-0.027453646,0.03607571,0.102305725,-0.38741547,0.11638575,0.18970686,-0.20534211,-0.24217567,-0.45433566,-0.19508317,-0.11953451,-0.114971355,-0.070028186,0.065288156,0.10960035,-0.20778283,-0.013089895,-0.1452761,0.11496383,-0.32569084,0.30083156,-0.104390375,0.03718298,0,-0.046510004,0.11199786,0.31677994,0.03187657,-0.25916886,0.17783698,-0.15091644,-0.06241761,0.20782657,-0.09998503,-0.09398349,-0.21435073,-0.013217032,0.028258897,0.07365425,0.013907976,0,0.27503276,-0.08808076,0.15600823,0.14390314,-0.030842885,0.092776254,-0.19805758,-0.14903054,-0.085072935,0.052655548,0.33296075,0.015110832,0.3934058,0.50860196,-0.01575549,0.21445832,0.31290755,0.21586213,-0.31819335,0.24401009,0.006714057,0.21058246,-0.38525334,-0.016120352,0.02049788,0.11909637,0.1319538,-0.1844694,-0.05373567,0.29221457,-0.24621832,0.0597683,-0.055353254,0.3309099,0.17423177,-0.15974578,0.07787683,-0.033604108,0.5440028,-0.38838816,-0.16042726,0.46164012,0.27555695,0.020957708,-0.25653586,0.794439,0.01121613,-0.14898695,-0.12894782,0.18101798,-0.15096638,0.0108044,-0.097468786,0.12409942,0.21437475,-0.077258594,0.4496992,0.17357579,0.40164912,-0.0016183667,0.17771998,0.301053,-0.010378629,0.22418427,0.12448904,-0.15161917,0.5815445,0.1166772,0.24276651,-0.17817593,0.13872293,-0.2268881,-0.3322316,0.1644267,-0.30002224,0.30118886,-0.33319145,0.08420585,0.038439073,0.021968601,-0.0017504115,0.2026843,-0.07647781,0.20775384,0.28320974,0.25455785,0.26199722,-0.05027681,-0.2415421,0.5377705,0.16714275,0.050710056,-0.06263475,-0.00075080246,-0.17190263,0.16098681,0.10375793,-0.0138065815,0,-0.15398467,0.4728492,0.013379062,-0.022208858,0.51114243,-0.49755338,0.32371598,-0.12121888,-0.12449677,0.26993993,0.002360193,-0.14429623,-0.043252002,-0.072256766,0.26675838,0.3153181,-0.19917668,0.20107812,0.006970547,-0.0024152147,-0.112643555,0.14406088,-0.2645023,-0.14913376,-0.2842083,-0.081028536,0.0008475762,0.30500793,-0.008159108,0.028481565,0.32934022,-0.1586865,0.54739857,-0.21598774,0.040866528,-0.11080563,0.42965132,0.048981152,0.08455694,-0.09950919,0.18991207,-0.41977778,0.34109822,0.08179201,0.039081782,0.5737653,0.14079955,0.21666151,-0.29367757,0.26662973,0.09949474,-0.038025416,-0.08822155,-0.1565884,0.2955734,-0.18785182,0.1769438,0.15353043,0.19585973,-0.024079487,-0.0038819835,-0.35032427,-0.07997428,0.09683347,0.13911921,-0.08952806,-0.0019572675,-0.05217495,-0.1429663,-0.0042729154,0.08197179,0.331899,0.04283217,-0.0006397441,0.041486513,-0.2113676,0.13282534,-0.10934821,-0.5589636,0,0.05029039,-0.24587181,-0.21933484,0.30783716,0.33510128,0.09303359,0.079069346,0.30176887,-0.0003381297,0.16227713,0.1403842,0.33513924,0.0016893446,-0.2798413,0.12860104,0.21557102,0.21452412,-0.05344463,0.3226821,-0.20476599,0.044834536,0.055030823,-0.4096926,-0.07933236,0.1993322,-0.52510816,0.031435773,-0.131477,-0.014326723,0.3006162,0.33060294,0.2322532,0.16590194,0.07993975,-0.274063,-0.2657379,-0.14028281,0.62172633,-0.31745705,0.20893842,0.24851617,0.12717025,-0.0045290366,0.25723344,-0.4493764,0.09411863,-0.31377774,-0.031996153,-0.02118403,-0.24215072,0.663958,-0.043841537,-0.0713892,0.054116197,0.3503418,0.14230338,-0.2505647,0.114565805,0.11901054,0.21044439,-0.03194711,-0.18575385,-0.020965397,-0.19107968,0.036426686,-0.34859982,0.18519501,0.18308958,0.41772616,0.23541571,0.17369473,0.24836132,0.15144226,-0.0632464,0.023214623,-0.057957925,-0.113033,-0.15392335,-0.13278955,0.042854976,0.078842536,0.107853964,0.10342161,0.3120549,-0.03236424,0.43389955,-0.060542367,0.17352341,-0.18202195,0.11749698,0.14301443,-0.056490414,-0.24869473,0.3340725,0.24766505,0.08068758,-0.10797826,0.29480588,-0.31561372,-0.11705751,-0.09694926,-0.0065899696,0.20385277,0.2906426,-0.2115391,-0.093404606,-0.121448696,-0.37068504,0.04036719,0.3355284,-0.021032799,-0.08919768,-0.28532746,0.1003838,0.04668629,0.2378778,-0.18025386,0.08544943,0.016885608,0.31188637,-0.056012206,0.20084353,-0.0014983267,0.10507345,-0.12221361,0.076058924,0.014444466,0.21288201,0.039855413,0.090842456,0.17407672,0.37927425,-0.21941045,0.09946695
"(113.82792140028327, 22.69836252444683)",0.3137187,-0.036285564,0.019404303,0.046271086,0.06406845,-0.19829941,0.18714665,0.07237531,0.10454455,0.22431107,-0.0604845,0.15062878,-0.022231251,-0.09920133,-0.3155606,0.22355239,0.024964318,0.09912128,0.1723948,0.45786935,0.33518314,-0.11479119,0.14797243,0.20406154,-0.0690732,0.117056996,0.02388028,0.05715607,-0.29104397,0.073026955,0.09034817,0.18846348,0.29182342,0.20379807,0.2895285,-0.2928402,-0.22144014,0.25398284,0.08313207,0.076633476,-0.40234697,0.4873204,0.047263324,-0.3207902,-0.17994213,0.24591742,0.3219731,0.013527896,-0.12050622,-0.13523987,-0.025188357,0.054010496,0.09829041,-0.37635496,0.006804399,0.12900832,-0.23404406,-0.19467705,-0.44875842,-0.173677,-0.13245852,-0.12067081,-0.07145159,0.067395285,0.122877076,-0.2369692,-0.044547334,-0.10372573,0.11878121,-0.38407022,0.28836808,-0.088439904,0.047437042,0,-0.060598277,0.10383128,0.3268027,0.05730044,-0.24743327,0.17346251,-0.106976315,-0.0435151,0.23234472,-0.16930549,-0.07644409,-0.22009872,-0.025176361,-0.009750716,0.051757988,0.028527848,0,0.1904805,-0.12185391,0.17488901,0.13998824,0.03067432,0.07436221,-0.18109469,-0.10658572,-0.09536168,0.13073322,0.31209832,0.036698636,0.37815022,0.5091437,-0.04204011,0.22377232,0.34344897,0.20943059,-0.34086344,0.19656938,0.017409842,0.2023679,-0.3506886,-0.0011015311,0.03772772,0.11720537,0.17450811,-0.19515663,-0.0850874,0.29944807,-0.23240495,0.05746172,-0.011831763,0.30183342,0.14823511,-0.13872491,0.07261648,-0.0070359185,0.5539385,-0.43045568,-0.17886344,0.42623526,0.25840995,0.0077798963,-0.20387027,0.801302,0.021267798,-0.17806575,-0.14869335,0.22244373,-0.14802726,0.039101034,-0.12698567,0.060800932,0.1910797,-0.08963714,0.44785115,0.21564634,0.4083752,0.028415788,0.20315534,0.30457819,0.0148292035,0.24308819,0.11043686,-0.10667586,0.55515,0.1300163,0.26870644,-0.19698569,0.18674764,-0.22362213,-0.34612575,0.15032224,-0.2836122,0.31213745,-0.3196553,0.091630325,0.012507418,0.028383648,-0.017605709,0.11018318,-0.086887464,0.08826426,0.27777585,0.2663142,0.24281923,-0.025891118,-0.26498458,0.52769506,0.1782848,0.06887099,-0.0062878057,0.01709608,-0.24115503,0.14171964,0.105257615,-0.03645712,0,-0.14675054,0.49850076,0.008642102,-0.021254638,0.4963417,-0.45582825,0.31832016,-0.0947394,-0.10536358,0.1940251,0.006224213,-0.1689207,-0.047112875,-0.06303571,0.27081245,0.29146612,-0.23463692,0.20049845,0.041833676,0.03881859,-0.14569716,0.09255133,-0.26242477,-0.1297017,-0.31453672,-0.14419258,-0.009446891,0.30907932,-0.07913878,0.036226317,0.32930222,-0.20981133,0.57632595,-0.17450464,0.010021228,-0.13120233,0.4791919,0.05067849,0.103452645,-0.08692186,0.1482711,-0.4411309,0.38418195,0.13715756,0.086078435,0.5746655,0.12085393,0.20769256,-0.33358112,0.3194063,0.07676006,-0.05921226,-0.06700325,-0.1455883,0.29266033,-0.1986135,0.16561927,0.13759327,0.16067465,-0.10691054,-0.03773249,-0.3919943,-0.13640662,0.09316936,0.10642341,-0.10931214,0.010440551,-0.046303026,-0.16705102,-0.098434545,0.09902238,0.33373278,0.025985863,-0.010952339,0.02892388,-0.1957757,0.11077817,-0.15643804,-0.5847825,0,0.08938039,-0.24549055,-0.2527339,0.24492264,0.33526447,0.12682594,0.09498711,0.2984189,0.04760728,0.09583254,0.11258249,0.3116835,0.024646416,-0.28036845,0.13736619,0.20895165,0.19358546,-0.043897375,0.2723285,-0.19846527,0.0017975756,0.0341757,-0.50426495,-0.10174794,0.28107986,-0.52459574,0.013884189,-0.16542186,-0.02159709,0.2928623,0.33484882,0.22377309,0.14930266,0.10435268,-0.2742123,-0.29935285,-0.1477532,0.5916433,-0.31726578,0.1925433,0.21277088,0.20504399,-0.0049151853,0.2761577,-0.39807516,0.06933438,-0.342448,-0.055712353,-0.0068881623,-0.25766703,0.6090464,-0.05165344,0.011555169,0.046285033,0.34536538,0.16528903,-0.19564006,0.06539251,0.076946735,0.24145597,-0.06513327,-0.16981496,-0.028316878,-0.18527251,0.02846592,-0.35450897,0.20660913,0.21414825,0.42131472,0.2335868,0.18934855,0.24198732,0.13875094,-0.053159937,0.0039372593,-0.054263152,-0.16816047,-0.1365114,-0.16127007,0.036306743,0.1128086,0.10760401,0.10665387,0.2931394,-0.016279958,0.48797303,-0.060697477,0.09788469,-0.21668637,0.076217875,0.16149703,-0.0880109,-0.23666938,0.3130891,0.2289378,0.058817178,-0.07628243,0.3400852,-0.34274092,-0.16594289,-0.14207047,-0.020317769,0.22113886,0.33300886,-0.23607036,-0.15666474,-0.13178582,-0.34045684,0.016532797,0.37671944,0.02405287,-0.09041892,-0.30652925,0.1580753,0.02906233,0.2603788,-0.14573486,0.12054501,0.012814343,0.28806132,-0.045145802,0.15896963,-0.024615064,0.07682276,-0.021818161,0.071940735,0.03768061,0.23323362,0.05852878,0.06928322,0.13776514,0.36679244,-0.21285605,0.11076886
"(113.83225576634852, 22.69259187196166)",0.38964474,-0.098401904,0.050403286,0.0943114,0.21283285,-0.10780054,0.2145886,0.06836428,0.12923324,0.25006953,-0.05074034,0.113897145,0.21304801,-0.024290668,-0.19089915,0.18401574,-0.028554484,0.03029614,0.20469137,0.46670604,0.293649,-0.1887546,0.09419382,0.16278902,-0.042650256,0.1459354,-0.08468331,0.08520048,-0.24530107,0.089005396,0.05691219,0.17541847,0.4127698,0.20554458,0.20413789,-0.27764437,-0.29700458,0.26480132,0.030691933,0.06413322,-0.4419514,0.31927094,0.0022034347,-0.2659292,-0.15946971,0.08567853,0.26929057,0.062547386,-0.12366759,-0.1971573,0.003031537,0.08205903,0.06951679,-0.3142606,-0.14874688,-0.00083969906,-0.2343018,-0.13885269,-0.4022182,-0.054090433,-0.15318651,-0.1313192,-0.14086387,0.14480127,0.117706016,-0.21197945,-0.11889978,0.026035722,0.07343656,-0.42756134,0.246851,-0.07241533,0.05765368,0,-0.047571562,0.103073746,0.33116525,0.10913295,-0.23082486,0.1657744,-0.043204118,-0.038106978,0.21320513,-0.2225265,-0.017208416,-0.14586474,-0.02565619,-0.17976922,0.027074069,0.11201738,0,-0.01718495,-0.20067999,0.02976633,0.102861345,0.019607518,0.033111908,-0.13454272,-0.05302853,-0.1504514,0.23777458,0.2353361,0.02623995,0.32781816,0.43204206,-0.036341578,0.19421314,0.3995491,0.1895179,-0.31182644,0.004236703,0.03230165,0.20867944,-0.2487542,0.09642749,-0.08173086,0.22047928,0.24182734,-0.13850276,-0.12823191,0.17874403,-0.1918783,0.07757066,0.09657123,0.1939705,0.13556665,-0.041842368,0.049363032,0.057738326,0.590423,-0.42374247,-0.13662057,0.23051992,0.19088748,-0.012275845,0.009379363,0.67996615,-0.053280268,-0.12188929,-0.13388428,0.25473812,-0.12373863,-0.03958091,-0.13722944,-0.108155064,0.11283434,-0.1433027,0.4867335,0.23400082,0.33334,0.118209675,0.22464862,0.1911353,0.033923477,0.090135425,-0.029800616,-0.039918095,0.45015123,0.10576471,0.32741898,-0.19559094,0.14509484,-0.12751544,-0.30232403,0.16556968,-0.1482018,0.25357875,-0.25861835,0.16141774,0.03975915,0.035549834,0.0055449884,-0.050545946,-0.04085031,-0.1210828,0.2306124,0.23662025,0.18559021,0.08504563,-0.28536728,0.39145613,0.17300233,0.11232822,0.1407174,-0.059282087,-0.25865617,0.10602304,0.06190432,-0.10271965,0,-0.06608785,0.5738351,-0.07685351,-0.059517473,0.36579537,-0.3572386,0.18265261,-0.11978697,-0.103899255,0.042968407,-0.014105262,-0.17350796,-0.007922499,-0.11565571,0.26674408,0.21018301,-0.2954682,0.18839556,0.045277916,0.10216246,-0.26318765,0.061153956,-0.30474597,-0.09208532,-0.1889143,-0.18781252,-0.02973199,0.23382929,-0.18542463,0.11345142,0.33911574,-0.2489105,0.49878293,-0.14797607,-0.046197604,-0.12567274,0.49026966,-0.014792105,0.13477817,-0.07174354,0.044231195,-0.41479757,0.43708572,0.1783669,0.024530187,0.536013,0.062061872,0.14331254,-0.26439172,0.29444605,0.04042303,-0.10330422,-0.051669046,-0.10322513,0.1794886,-0.23174092,0.09845343,0.057707638,0.14461583,-0.20594282,-0.033702567,-0.43957776,-0.18870257,0.055898413,-0.019423105,-0.162278,-0.009111859,0.08524804,-0.17557323,-0.16843039,0.06517918,0.21393272,0.016441684,-0.07999002,-0.04129595,-0.12199958,0.026732288,-0.115796536,-0.5804262,0,0.14773488,-0.15404175,-0.28144607,0.114697605,0.33433908,0.17028886,0.1418302,0.12306695,0.13999033,-0.051554773,0.09811988,0.26034433,0.024991205,-0.22046262,0.008444857,0.15042798,0.1557159,-0.050700605,-0.017965227,-0.118783906,-0.033839334,-0.054921456,-0.58527815,-0.13323972,0.36901793,-0.44125783,-0.08621526,-0.18929496,0.0031572413,0.2071993,0.26967087,0.18522362,0.14376466,0.12181057,-0.17382301,-0.3252396,-0.11307651,0.4400477,-0.19656956,0.19113714,0.13072976,0.26022246,0.0017176345,0.10963097,-0.23043059,0.03702224,-0.43812793,-0.049816567,0.06153101,-0.22669077,0.40327454,-0.020938396,0.15895562,-0.068722926,0.30611515,0.2451676,-0.16648775,0.030208156,0.077007085,0.26887825,-0.14416446,-0.23778395,0.046726517,-0.16986887,0.10380022,-0.28985754,0.2048994,0.18133032,0.32221538,0.1649039,0.1555469,0.22251165,0.16965985,-0.05632709,0.034444764,-0.029393949,-0.14457068,-0.00962105,-0.15223287,-0.023505863,0.098624274,0.08574869,0.02305904,0.32842654,0.003579937,0.51796484,-0.07188783,-0.067075096,-0.17917085,-0.020747706,0.28803307,-0.14650483,-0.09255876,0.23399726,0.21551421,-0.09150173,-0.002749633,0.28909466,-0.29763648,-0.20218273,-0.08703513,-0.034501694,0.13156125,0.45830014,-0.16636944,-0.08083849,-0.03989623,-0.23879506,-0.054170217,0.32007045,-0.056245018,-0.08668336,-0.2818908,0.3238584,-0.0623931,0.30281442,-0.15812369,0.20827058,-0.021459311,0.2497024,0.010323025,-0.03750086,0.05383219,-0.0110518485,0.09909595,0.014299535,0.051418144,0.11980385,0.13837951,-0.08120458,0.044044692,0.32953328,-0.16958734,0.032222785
"(113.83283652657371, 22.674427983479188)",0.3284451,-0.08086372,0.010733742,0.11044622,0.27339792,-0.07253797,0.29759425,0.100835375,0.1666382,0.2755341,-0.038803805,0.0715016,0.14564085,-0.06706577,-0.13011202,0.17242481,-0.046234936,-0.050571658,0.10764845,0.30986953,0.16065311,-0.15385985,0.11549234,0.045179695,-0.029896352,0.062444698,-0.11605864,0.117771335,-0.23626283,0.15740745,0.08880143,0.18536127,0.15468094,0.17403895,0.21307677,-0.17634252,-0.25460154,0.16801062,0.059485596,0.085555054,-0.3097305,0.24065796,0.006795138,-0.26059353,-0.073826894,0.106192105,0.19146279,0.053250547,-0.052163333,-0.17027181,-0.013386816,0.09077078,0.043311704,-0.24269596,0.041879587,0.10949463,-0.13266744,-0.15721074,-0.3129112,-0.095955245,-0.16032831,-0.11921526,-0.14753506,0.13115992,0.097993985,-0.18247578,-0.0057631433,-0.023252126,0.059225492,-0.30404496,0.18187141,-0.026848858,0.036147617,0,-0.060097434,0.062655956,0.3325983,0.11898769,-0.17763479,0.14326176,-0.05065601,-0.081072465,0.16671138,-0.1542417,-0.030347567,-0.033336494,-0.009157352,-0.20882478,0.059074152,0.11138928,0,0.09325882,-0.13324535,-0.027410617,0.04478031,-0.14742677,0.045941573,-0.07651214,-0.08050769,-0.13950469,0.105674654,0.15505415,-0.018205237,0.32463866,0.3544044,0.037761256,0.1273327,0.35154194,0.16796412,-0.1583802,0.048986193,-0.00017934281,0.17986009,-0.19004434,0.08190236,-0.12323243,0.27101853,0.23128945,-0.055484626,-0.03312073,0.15948632,-0.16339338,0.0962116,0.06724416,0.15974982,0.15963662,-0.096478835,0.05441226,0.07060888,0.5359572,-0.34223643,-0.12015366,0.17717941,0.14645734,0.0034188107,-0.044004083,0.5897303,-0.04008961,0.017155424,-0.05364985,0.16383056,-0.105694816,-0.06908324,-0.046761446,-0.021498084,0.12968424,-0.15351202,0.41827816,0.0865453,0.30174637,0.10509992,0.16409835,0.12519492,0.0326204,0.05349833,-0.025849711,-0.07477158,0.43288264,0.1135027,0.31301636,-0.13617009,0.05616656,-0.036973715,-0.18430194,0.19115956,-0.07906227,0.15031236,-0.14091115,0.14792903,0.07932485,0.028952913,0.06279728,0.10055362,0.010973394,0.055727795,0.2158987,0.20176208,0.1751082,0.03469526,-0.14997062,0.28790015,0.13031957,0.08268793,0.14697185,-0.07705978,-0.115957335,0.12461233,0.034671776,-0.06822941,0,-0.026323412,0.48423964,-0.09408631,-0.067664415,0.27730054,-0.30496818,0.17735338,-0.10410171,-0.09942229,0.1259942,-0.11511637,-0.13856664,0.015243854,-0.1382316,0.19900015,0.16966532,-0.18068789,0.16336526,-0.0025654212,0.050356902,-0.21410213,0.15945116,-0.28543162,-0.051808536,0.0428124,-0.007005684,0.018689914,0.11004862,-0.059987567,0.06281242,0.2760252,-0.12538669,0.40333378,-0.16438001,-0.033563536,-0.05346457,0.26928407,-0.039567403,0.093388334,-0.05967454,0.14337768,-0.27456352,0.2766412,0.081146926,-0.08632995,0.4152301,0.07724656,0.09109491,-0.17640005,0.18438116,0.1470159,-0.06880679,-0.045721352,-0.14294343,0.14145243,-0.17175224,-0.042971015,0.06460282,0.149055,-0.008665606,0.015242793,-0.39364246,-0.11699204,0.09513854,0.03140144,-0.13207155,0.02524975,0.1212788,-0.11160796,0.014722176,0.001573503,0.17798865,0.05786218,-0.08085997,-0.07984552,-0.09049844,-0.02390477,-0.011885069,-0.46570638,0,0.10336366,-0.12816402,-0.23501986,0.18945906,0.28718358,0.14432877,0.17311037,0.057097197,0.07289972,0.019645032,0.1517094,0.27083856,0.008679252,-0.18407044,-0.12500563,0.1282906,0.13209124,-0.046938725,-0.023067787,-0.06994738,0.056078527,-0.119702764,-0.30615628,-0.00092030317,0.17528996,-0.3402801,-0.12467027,-0.1476199,-0.016203823,0.17493111,0.17077398,0.1838468,0.20424925,0.108296186,-0.06945701,-0.24043278,-0.086221576,0.3549891,-0.084218726,0.14649549,0.12932634,0.10332222,0.0455358,0.07112089,-0.19643547,-0.00029035658,-0.33666986,0.043879807,0.0668284,-0.17387807,0.31984693,0.010465324,0.038232733,-0.093037955,0.27672702,0.2347672,-0.15972048,0.07248591,0.16609667,0.25142404,-0.13690335,-0.24612297,0.053299703,-0.16434696,0.13319233,-0.22367105,0.14749658,0.14439712,0.27655473,0.07548925,0.12489631,0.21506661,0.18297002,-0.08500907,0.052503258,-0.015392557,-0.047266196,0.038250882,-0.08690962,-0.08308314,-0.02816394,0.05578273,-0.018800318,0.33682826,-0.035697885,0.34745908,-0.092168584,0.064046234,-0.07535779,-0.0066084564,0.28962356,-0.09612358,-0.06862004,0.24420989,0.21283454,-0.15441966,-0.06013593,0.1318578,-0.19808632,-0.14429022,0.019244678,0.025919663,0.006897174,0.41004905,-0.13552164,0.03801799,0.062429808,-0.16083755,-0.046087813,0.18410411,-0.13730444,-0.028092023,-0.22424778,0.284868,0.029326037,0.21041298,-0.16917421,0.092641264,0.086745754,0.22258437,0.060089946,-0.04384681,0.11749859,0.028959066,-0.08207161,0.0030847127,0.076262906,0.035957485,0.15938495,-0.034909707,0.049972776,0.37610143,-0.13523045,0.014065034
"(113.83289163641456, 22.686656236579)",0.35566333,-0.072307624,0.0077420957,0.10214562,0.23509844,-0.10121359,0.30436748,0.109867565,0.15106124,0.29050666,-0.003634788,0.15106827,0.010496691,-0.08475609,-0.22661558,0.20951761,-0.04314874,0.044097982,0.15954298,0.472516,0.17621565,-0.19964707,0.030264817,0.16632316,-0.013289545,0.15821156,-0.14162764,0.10040825,-0.4051264,0.1264997,0.026272153,0.16740493,0.35948113,0.06949977,0.20836607,-0.29875565,-0.40010655,0.2133299,0.0014743172,0.050284438,-0.44952977,0.42962503,0.007257253,-0.3280688,-0.17639858,0.13990264,0.27600926,0.039732557,-0.09845814,-0.16439655,-0.065812916,0.12093944,0.03233297,-0.34667704,-0.0347533,0.106561676,-0.20830199,-0.17917296,-0.3672892,-0.1829657,-0.2492577,-0.14426927,-0.036304202,0.07666229,0.13505107,-0.19258481,-0.1211984,0.015874337,0.12374428,-0.41077662,0.24758223,0.033194564,0.067933545,0,-0.114354275,0.018434424,0.3626366,0.116028555,-0.22253808,0.17055485,0.03157289,-0.046412095,0.29579696,-0.28467074,-0.047563206,-0.046587184,0.034957327,-0.2525871,-0.024190135,0.22157544,0,0.04971736,-0.26070487,0.045458026,0.060214743,-0.1741444,0.020735,-0.116560414,-0.051021628,-0.11873752,0.1736382,0.15280265,0.078643784,0.38319075,0.46936107,-0.09053214,0.20732343,0.46472532,0.19302708,-0.22944537,0.02748439,0.032409232,0.18584517,-0.27649537,-0.02068641,-0.050754458,0.32236892,0.328109,-0.08422458,-0.13804856,0.2193325,-0.20789221,0.10910262,0.14716548,0.20555791,0.16984525,-0.051256355,0.05567655,0.033989064,0.667887,-0.56871617,-0.24557646,0.17197482,0.111790515,-0.040330403,-0.031114044,0.75244373,-0.085638195,-0.10531703,-0.22037238,0.27391106,-0.07406068,0.024047583,-0.18292439,-0.058932893,0.003203757,-0.20781517,0.55631953,0.2737599,0.39621705,0.12792496,0.28414255,0.16325526,0.09309295,0.18157767,0.05140323,0.08615668,0.4556789,0.11567923,0.34545022,-0.2982176,0.1491313,-0.148634,-0.35413763,0.18021254,-0.27301463,0.23312221,-0.1448773,-0.020520046,0.064711355,0.022785416,0.060710996,-0.0019226521,0.039981306,-0.07027167,0.24202108,0.29092145,0.20422518,0.056410708,-0.2197952,0.4326841,0.19539148,0.14465542,0.20354937,-0.023011439,-0.27375907,0.20714349,0.07362191,0.059964452,0,-0.014808018,0.5017984,-0.08616621,-0.064554274,0.35581094,-0.2812759,0.26786774,-0.07293131,-0.004442569,0.06478442,-0.1292719,-0.17004088,-0.0047739004,-0.2401925,0.2040877,0.19922937,-0.2669807,0.17390697,0.08036464,0.10635771,-0.39117903,0.15279104,-0.28544605,-0.066814154,-0.20304078,-0.18477638,0.027471332,0.16298291,-0.06979885,0.092015415,0.30265126,-0.13472714,0.49037743,-0.14081728,-0.053374376,-0.14676262,0.5317697,-0.0078936685,0.15882811,-0.06048634,0.09400326,-0.39712414,0.39446312,0.13899638,-0.009941436,0.558682,0.056803178,0.09988479,-0.24585524,0.25620082,0.1199291,-0.112172715,-0.05922164,-0.11162904,0.17388307,-0.13535613,-0.028959826,0.049984682,0.080908835,-0.078061715,-0.061756633,-0.45196682,-0.25438952,0.14120875,0.032183938,-0.18230566,-0.014360391,0.16587773,-0.2203808,-0.108565874,0.050690584,0.22697446,0.06266838,-0.07046201,-0.11265169,-0.12450768,0.007660575,-0.045018405,-0.5993901,0,0.14501712,-0.28869948,-0.35387087,0.15752733,0.26510793,0.27015933,0.07440783,0.16982777,0.09245794,-0.056405637,0.16870643,0.29922792,0.09129323,-0.20127505,-0.035576288,0.15025587,0.17509472,-0.042424776,-0.006210208,-0.06940999,-0.027594473,-0.0011393279,-0.42882138,-0.0886051,0.35034025,-0.47901955,-0.28127825,-0.1526702,0.026816828,0.21025962,0.1753875,0.26077503,0.16988434,0.2515051,-0.049313888,-0.36526766,-0.06688589,0.40064204,-0.10159226,0.364444,0.17143653,0.29840568,0.057958186,0.13256747,-0.3094808,0.06688868,-0.49774414,-0.09515052,0.13762191,-0.2370461,0.359927,-0.011515241,0.16138904,-0.12584373,0.38006845,0.3415207,-0.19288588,0.044142693,0.08440329,0.37606698,-0.24894364,-0.27139428,-0.021067888,-0.18369049,0.16812639,-0.32424232,0.22600734,0.23283191,0.34184557,0.04313301,0.18470031,0.19331497,0.2515446,-0.13290566,0.042755708,-0.008913562,-0.1220049,-0.016242806,-0.202549,-0.026921209,0.019437637,0.022368964,0.073042825,0.35165477,-0.059583776,0.47580695,-0.06815235,-0.0061389776,-0.21402851,-0.05622126,0.29713324,-0.17377628,-0.12133093,0.24167225,0.24367961,-0.04924096,-0.04340218,0.25397596,-0.2703254,-0.21551804,0.06627663,-0.024581244,0.0546048,0.47489658,-0.25182512,-0.09966612,0.012663726,-0.23724763,-0.07131128,0.21865335,-0.112605825,-0.045948844,-0.22416869,0.43669033,0.007957414,0.24900912,-0.15777472,0.006827333,-0.026077867,0.23030226,0.15977147,-0.013934761,0.040984467,-0.056499302,0.071204565,0.05316966,0.11325614,0.1050708,0.21558893,-0.07594754,-0.01833221,0.3773471,-0.14273706,0.04077649
"(113.83420890431732, 22.58840231780645)",0.26650643,-0.12283771,0.057989646,0.08990268,0.18079425,-0.050417315,0.04140587,0.057840813,0.21166247,0.10146797,0.06400863,0.069368884,-0.013830632,0.05084645,0.005851507,0.020070974,-0.11500093,-0.0465469,0.1542823,0.096411884,0.14019957,-0.07172883,0.033027925,-0.025694385,0.02303804,0.023597125,-0.033853255,-0.06779382,-0.08078621,-0.0028177202,0.0309345,-0.0078817755,0.26423907,0.2266385,0.029798303,0.018811708,-0.10506471,-0.03799309,-2.2239983e-06,0.116835676,-0.13594684,-0.021741815,-0.04275921,-0.024363607,-0.056769937,-0.14440654,0.09248564,0.15118076,-0.1020915,-0.09027505,0.051587015,0.05420685,0.06445682,-0.017746545,-0.06947588,-0.14489534,-0.045294844,-0.12709123,-0.05403445,-0.13128507,-0.16862324,-0.07323682,0.0007879548,0.24559091,0.076708466,-0.1745334,-0.0060757697,0.1438774,0.035030704,-0.28008214,0.062345855,0.022196079,0.1497198,0,0.10894764,-0.056827094,0.19804846,0.052022986,-0.17835732,0.14932114,0.04868364,-0.00087789446,0.09174183,-0.2014699,0.004999552,-0.13524507,0.098085895,-0.22775432,-0.11062939,0.1391862,0,-0.13545996,-0.09781339,-0.0997166,0.02852891,0.050979923,-0.15624362,-0.006710306,-0.0750571,0.10800527,0.26659548,0.099290855,-0.031734277,0.056634843,-0.039993465,0.057205796,0.07919389,0.29498315,0.133191,-0.053625792,-0.106583215,-0.050679833,0.1285511,0.045919508,0.07641592,0.025342971,0.14641006,0.20369852,-0.044860095,-0.09380311,0.13280034,0.09028337,0.14334583,0.12389299,-0.0072307345,0.18344422,0.05901896,0.025293633,0.09002827,0.37522414,-0.22931525,-0.0311633,0.125433,-0.017955445,-0.04104752,0.2642725,0.25500143,-0.03701036,0.009252254,0.08217963,0.23183817,-0.039993685,-0.035454005,-0.081434675,-0.11334858,-0.25238317,-0.09454689,0.10920663,0.24061717,0.21245988,-0.077870384,0.051515676,0.21375486,-0.020991415,0.10836147,-0.10682145,0.085101284,0.16746166,-0.06879804,0.24683909,-0.16840276,0.17769721,0.15524814,-0.14748858,0.20531534,-0.050916113,0.18113166,0.07117851,0.11680953,-0.09527325,0.11656093,-0.103336275,-0.098106384,0.023507997,-0.31088382,-0.0071495697,0.06578201,0.07549427,0.15159464,-0.2502355,0.17943302,-0.0064701587,0.082808584,0.19316363,0.019624569,-0.22930846,0.08681473,0.100536875,0.031968735,0,-0.013261126,0.21938625,0.05385258,-0.035081994,0.11485567,0.049152106,0.039335497,-0.013569407,0.09380035,-0.20086375,0.0019542854,-0.08079252,0.0672278,-0.16214265,0.052363984,0.080152825,-0.0503214,0.095764816,0.15786499,0.15378234,-0.10372265,-0.0017991085,-0.15750715,0.05926156,0.18799749,-0.076735124,0.016148599,0.070085935,-0.0830852,0.02647145,0.10777037,-0.05005616,0.36713326,-0.0656856,0.081734225,-0.079918414,0.25872493,0.012202995,0.06152694,0.022537217,-0.26183772,-0.01606113,0.13775288,0.09273291,-0.019578695,0.10175134,-0.021812093,0.08668968,-0.093559325,0.32375202,0.15173861,-0.07710817,-0.03833571,0.13037655,-0.07605611,-0.010381244,0.025379658,-0.0028236844,-0.045294188,-0.114879,-0.15837389,-0.14166972,-0.11074625,0.04664523,-0.13042638,-0.038872994,-0.007796921,0.2005175,0.07410711,-0.18851262,0.032949932,0.032846965,0.0696934,-0.024062142,0.04723696,0.0910489,0.022390962,-0.020737417,-0.1776802,0,0.10157132,0.040906757,-0.18689713,0.08507627,-0.0028952435,0.06332608,0.17924988,0.06244578,0.09267292,-0.300512,-0.0010984344,0.09314661,0.040307663,-0.036605455,-0.13405836,0.12686896,0.0051000095,0.018688332,-0.16528611,-0.03705468,0.0044150017,-0.1259423,-0.23324159,-0.008621022,0.21791494,-0.12877393,-0.04153312,-0.20925668,0.1077867,-0.02668855,0.1288411,0.031713765,0.07933962,-0.06906557,0.039649893,0.016880294,0.00911114,0.10485135,0.11296652,0.16789705,0.06337355,0.24190088,0.09125994,-0.029898273,-0.067523286,-0.081638895,-0.27280974,-0.0053156316,0.061123956,-0.11593742,0.01711344,0.021653159,0.28964186,-0.15648684,-0.016864084,0.16254099,0.07903039,0.039048523,-0.13546671,0.07199103,-0.018748183,-0.14083157,0.07477929,-0.16462082,0.00023012608,0.02020242,0.13441585,0.04886725,0.04952804,-0.07440013,0.04469695,-0.011145348,0.15141135,-0.0054614265,0.25577042,-0.052373305,-0.16093725,0.08563422,-0.16172451,0.05399696,0.011724699,0.06659284,-0.0374216,0.12805614,-0.12148475,0.20563787,-0.031492792,-0.30778235,0.0589241,-0.14361946,0.11202815,-0.007882258,0.093149796,0.090951405,0.13382223,0.031393692,-0.023670837,0.06636599,-0.20459588,-0.16051774,0.0088256225,-0.15079275,0.12453195,0.3656259,-0.14769216,-0.027196541,0.1697464,-0.005321961,0.020142708,0.08036503,-0.20103946,0.14047873,0.020829402,0.36751804,0.0006281957,0.16512649,0.03135688,0.101044215,-0.0661301,0.027219597,0.085960925,-0.064054176,0.08418962,-0.06913337,0.16670579,0.0787122,0.19149713,-0.035406217,0.2451717,-0.09879568,0.040299322,0.032132134,-0.05105924,-0.18568033
"(113.83697362284232, 22.630120653226736)",0.2754126,0.031172851,0.03187928,0.14613096,0.09515071,-0.20767601,0.10926007,-0.026860844,-0.09035444,0.26303715,-0.083487056,0.27075154,0.1544972,0.0013902411,-0.10410361,0.019746874,0.0016103834,0.15770102,0.060599636,0.35724807,0.022101946,-0.15998673,-0.094126076,0.23802803,0.051259484,0.074885026,-0.18641317,0.009178896,-0.062430177,0.06131345,0.119584605,0.11416943,0.11097389,0.06690628,0.19785911,-0.07112702,-0.027231678,0.12004396,0.009493869,0.1514186,-0.074057244,0.24901268,-0.118417025,0.0686576,0.015239872,-0.08164246,0.16343242,-0.09837559,-0.03796602,-0.18881404,-0.0878481,0.07925976,-0.04738638,0.01727894,-0.14540374,0.14026253,0.032868616,-0.0017567202,-0.047620907,0.020775247,-0.1297637,-0.124819875,-0.045858946,0.05206196,-0.036691252,0.09988012,-0.1801921,0.010320205,-0.044924278,-0.2918628,0.078635834,0.074367754,0.011609197,0,-0.2622794,0.0036145635,0.26906118,-9.121746e-05,-0.08763838,0.13653955,0.13658954,-0.021547005,0.26090083,-0.31707406,0.099811226,0.16243234,0.06857556,-0.32779,0.011991084,-0.04686468,0,-0.049401157,-0.11864387,0.20973425,0.22555333,-0.1918923,-0.09119033,0.022160217,0.06306971,-0.1595339,0.09020804,0.09771117,0.06318954,0.25877577,0.17910545,0.058700636,0.24875177,0.24484435,0.20735209,-0.17030978,-0.16123545,0.0033766776,0.08419507,-0.071006276,0.15811372,0.17400847,0.41843504,0.3778043,-0.09613935,-0.018319637,0.13796736,0.030853609,0.20573032,0.15815559,-0.10796667,-0.021043867,0.02355269,0.02321482,0.12287081,0.36530396,-0.29226902,0.023244103,-0.05125554,0.07607901,-0.20870307,0.095993504,0.27886206,0.120366946,0.16238402,-0.1298904,0.07433997,-0.037774067,0.15532829,0.089395486,-0.15525016,0.07588204,-0.09768209,0.13028139,0.113184616,0.22314143,0.4604681,0.16006365,-0.07027045,-0.056183174,0.15049937,0.19856077,0.30722588,0.052686043,0.32326144,0.39286482,-0.09070088,0.089957,-0.1454231,-0.22569738,0.034573287,-0.07884112,-0.060151815,0.1920561,-0.094740435,-0.012058651,0.08581187,0.26624343,0.06889933,0.10322376,-0.3161021,0.09255565,0.21592183,0.011247161,0.08678182,-0.053452425,0.32539967,0.055974267,0.1519727,0.23579653,0.10186263,-0.3009861,0.10270915,0.07179048,0.101510465,0,-0.05427005,0.20219564,0.008225495,-0.04437421,-0.015075445,0.016779771,0.2118726,0.11580815,-0.08807659,-0.09599557,-0.14480966,-0.1604405,-0.02388489,-0.1129748,-0.114376485,0.013696,-0.15392365,0.2918092,0.070630275,0.18576121,-0.13450284,0.039951213,0.0201434,0.13436468,-0.13035187,-0.060937002,0.0017405059,0.15888602,-0.16578025,-0.0073954314,0.047826566,-0.0145705845,0.39252365,0.1587182,-0.102347106,0.1490763,0.31625932,-0.06508053,0.07882228,-0.02200257,-0.11913459,-0.28318503,0.28421068,0.04910869,0.046727285,0.2658096,0.056626108,-0.10537153,-0.11738931,0.23885494,-0.0071880445,-0.1398115,0.064102784,-0.075249836,0.05193379,0.16662031,-0.10285665,0.14558196,-0.03738468,0.1483339,-0.0861103,-0.15915634,-0.30386895,0.12952209,0.0577515,-0.038415335,0.13929513,0.07680748,-0.062327832,-0.24479496,0.07855032,0.21659756,0.06244537,-0.016024984,-0.06228364,0.005897086,-0.26223978,-0.013009429,-0.28909788,0,0.20864752,0.018878574,0.0075949496,-0.09556171,0.20289987,0.17044994,0.19565201,0.05856226,0.03404458,-0.26892653,-0.06595562,-0.0613743,0.026325855,-0.09335646,-0.15979503,0.12972552,0.26165938,-0.055052273,-0.041007653,-0.075686865,-0.08737844,0.21190076,-0.3028792,-0.17432663,0.23931369,-0.25351563,-0.04456885,-0.06400379,-0.12704612,0.14348191,0.127252,0.3179825,0.047894742,0.14962699,-0.07532207,-0.12669857,0.07373685,0.08296831,-0.0015413575,0.1912117,0.009064805,0.12209292,0.10787977,0.03961153,-0.00561516,0.033302404,-0.24687219,0.06439671,0.23045808,-0.060208566,-0.012967303,0.003988296,0.18812099,-0.0160039,0.27200654,0.11058049,0.07826664,-0.11307269,-0.14494759,0.29083893,-0.25448006,0.12101567,-0.22188944,-0.049526416,0.3076801,-0.16634205,0.21794057,0.23973788,0.17996863,-0.1675904,0.16260934,0.09605713,0.035288393,0.01054793,-0.1287507,0.0703892,0.09213731,0.09481176,-0.16102624,0.094416484,0.014302973,0.12334989,0.10517755,-0.059573203,0.15069264,0.12227222,-0.045073383,-0.12925984,-0.00058364123,-0.20216115,0.19327247,-0.012580266,-0.0984271,0.12348317,0.18614995,-0.101851985,0.02706062,0.17481978,-0.19638632,-0.23386432,-0.09193192,-0.06591136,0.08641359,0.3604361,-0.18464197,-0.21316288,0.11775781,-0.028206084,-0.119655475,0.19727103,-0.015667517,0.014478419,-0.22891986,0.18434128,0.17490613,0.26548582,0.0070280656,-0.10263255,-0.06742939,0.103965074,0.20063785,-0.07548964,-0.039137647,-0.10500093,0.28231937,-0.109760575,0.31964687,0.004779758,0.16358146,-0.17526457,0.077160284,0.13036963,-0.097849794,-0.018423595
"(113.83713312895696, 22.61181445340532)",0.26362774,-0.09822407,0.067276746,0.10172626,0.15796109,-0.037024546,0.072442815,0.029434014,0.14808732,0.19963624,-0.010802276,0.11124271,0.10521117,0.054492787,-0.066555806,-0.011382405,-0.063463956,0.057289608,0.21788521,0.3246105,0.30178726,-0.06794641,-0.021778587,0.030942947,-0.012322161,0.06920169,-0.041548096,-0.009435228,-0.17301242,0.006943509,0.05442507,-0.01573123,0.40102553,0.2315076,0.09489637,-0.035636783,-0.17881718,0.11227871,0.07400477,0.071212314,-0.24302143,0.06104163,-0.08316758,-0.01893261,-0.12686066,-0.18860927,0.22087453,0.11329377,-0.16741094,-0.18343441,0.025020406,0.024383275,0.059141424,-0.10713272,-0.16353363,-0.14162186,-0.13654566,-0.09328707,-0.101514935,-0.13281617,-0.1761502,-0.11968463,-0.08012529,0.22534414,0.048284207,-0.102216415,-0.13465823,0.14244188,0.0013174228,-0.32235345,0.12930948,-0.020882031,0.122969285,0,-0.022660201,0.013206769,0.17544559,-0.036188424,-0.27437088,0.24391037,0.02674381,-0.021801561,0.08488415,-0.24941437,0.005992323,-0.21483693,0.12070519,-0.23126742,-0.16716081,0.03685376,0,-0.19215718,-0.16014895,-0.11697238,0.08045579,0.07691258,-0.11765366,-0.08018629,-0.08608303,-0.019413214,0.33996758,0.17833,-0.013970505,0.13019763,0.11567244,0.016047359,0.16662166,0.33717147,0.21622781,-0.22372815,-0.10413329,-0.06859693,0.08803419,-0.1118375,0.08501724,0.06766293,0.22985508,0.24790809,-0.08129765,-0.16425027,0.20927204,0.062129017,0.19285691,0.1964602,0.021660248,0.09768325,0.08573341,0.011062935,0.06368207,0.426894,-0.27288887,-0.01446815,0.16793346,0.027453035,-0.09913963,0.29396957,0.31273103,-0.044986267,-0.10541311,-0.023652585,0.22412997,-0.059713047,-0.12428334,-0.09517307,-0.16118056,-0.24231681,-0.07767253,0.17149521,0.3231122,0.29479757,0.01946332,0.11745601,0.087298155,-0.0770638,0.09436339,-0.18433669,0.051622674,0.16831982,0.015211798,0.3088132,-0.28008604,0.18026257,0.025717556,-0.22888494,0.16399065,-0.067223884,0.15185203,-0.00088882446,0.03373362,-0.108901866,0.07538279,-0.015306832,-0.17908233,0.012287401,-0.3736983,-0.045520343,0.1477376,0.08479072,0.1148561,-0.27296743,0.27562022,0.092603825,0.074159026,0.11684303,-0.021077357,-0.29570216,0.100123756,0.056364387,-0.0065357313,0,-0.060149834,0.25974187,0.055223033,-0.019649936,0.12174498,-0.1481938,-0.008449793,-0.024627484,-0.04994875,-0.18416682,0.07594012,-0.07138541,0.030119644,-0.11646673,0.059524167,0.07038875,-0.22926499,0.15666659,0.18405652,0.11980676,-0.16324677,-0.059260868,-0.17992301,0.053236276,-0.027943596,-0.17518145,-0.033437617,0.2138725,-0.12075966,0.021838136,0.14390479,-0.18811606,0.422796,-0.082800865,0.059147004,-0.070781305,0.48446655,-0.03514701,0.07106999,-0.036015816,-0.2447045,-0.2520959,0.24723044,0.12901479,0.02713637,0.27201438,-0.04824544,0.11095029,-0.14453404,0.2765233,-0.093953975,-0.14679946,-0.06947568,0.09731534,-0.07600628,-0.09693258,0.06763135,0.0028845295,-0.0043827593,-0.2442903,-0.15662172,-0.17038968,-0.19485192,0.051497366,-0.13185138,-0.08529808,-0.04211454,0.23241195,-0.02960585,-0.2832569,0.025418252,0.05802291,0.08356556,-0.04159219,0.06097455,0.017366532,0.059072427,0.024109691,-0.25827563,0,0.068412684,0.026459048,-0.15898599,0.07027131,0.105582714,0.12186259,0.13124342,0.04157858,0.13460034,-0.30905586,0.01164713,0.114748694,0.038509466,-0.092497185,-0.015299972,0.11577255,0.088366725,-0.04919558,-0.09197897,-0.04574476,-0.061534315,-0.02577579,-0.4388076,-0.13457015,0.30343708,-0.22725368,0.04147473,-0.2582154,0.08133429,0.06111239,0.19149905,0.14831018,0.0027414672,-0.047672346,0.03961633,-0.06435898,-0.05021755,0.1593764,0.020250205,0.23049894,-0.00070020184,0.23597063,0.07919121,0.0019442865,-0.17849796,-0.010831557,-0.39267957,-0.065059334,0.019076731,-0.12883914,0.120789886,0.0117616225,0.3588601,-0.20133555,0.08685515,0.2364758,0.015125044,0.100935474,-0.17209473,0.11924301,-0.018132571,-0.10097207,0.031530485,-0.10364575,0.0721003,-0.13290823,0.18946289,0.12049313,0.098514326,0.020721186,0.09239798,0.05203698,0.15094808,-0.061675236,0.17309946,-0.057665594,-0.13051403,0.11004776,-0.19444251,0.16340066,0.08889733,0.13076614,-0.011174411,0.108417474,-0.06843766,0.3243458,-0.046228886,-0.3325777,-0.025765054,-0.17666164,0.12301692,-0.057199664,0.04488647,0.12521076,0.12588708,0.072770074,-0.034742817,0.182524,-0.28073692,-0.2585714,-0.06201958,-0.20735702,0.12251926,0.4740822,-0.14791733,-0.10901652,0.12676902,-0.10153194,-0.019022223,0.18187177,-0.09785442,0.054184932,-0.077180184,0.3709354,-0.07816501,0.3335999,-0.00093030167,0.11015172,-0.23835358,0.07977917,0.11877558,-0.09173267,-0.034662142,-0.10514179,0.2491749,-0.020660095,0.17080323,0.04540278,0.23313606,-0.1661987,0.0762015,0.012159146,-0.031581514,-0.11838006
"(113.8394482351746, 22.60323301894253)",0.2194573,-0.19368172,0.004334327,0.09882545,0.28119177,0.115223214,0.111054406,0.08985342,0.2847817,0.15943772,0.047572523,-0.082175516,0.06119901,0.12152182,0.02283331,-0.026173502,-0.14509265,-0.14184824,0.2148573,0.04920778,0.23413205,-0.019818584,0.06984606,-0.16196623,0.012303028,-0.008451229,-0.029342137,-0.0044600563,-0.10246816,0.043676853,0.041641124,-0.043833494,0.24631995,0.3090725,0.017956043,0.06583079,-0.16081858,-0.02391322,0.05606557,0.039981164,-0.16127798,-0.16517985,-0.05768548,-0.041065913,-0.06078532,-0.20792343,0.117775515,0.19273973,-0.10185932,-0.12412128,0.041327998,0.043643884,0.051487118,-0.025940709,-0.042652227,-0.19548133,-0.12097731,-0.11800387,-0.015022567,-0.19494247,-0.21973948,-0.09397992,-0.0723328,0.30976492,0.09232335,-0.19670957,0.06280235,0.18466952,0.012427308,-0.25275964,0.03130129,0.01749787,0.14593084,0,0.067057125,-0.018708032,0.17181025,0.05945144,-0.23128542,0.22804928,0.01568311,-0.043005608,-0.017752688,-0.17518859,-0.036258098,-0.21050687,0.11424348,-0.25796583,-0.17124593,0.12219811,0,-0.1796053,-0.11445031,-0.28205302,-0.08433588,0.08945574,-0.11430033,-0.012184292,-0.118822806,0.09805687,0.34982526,0.052760914,-0.07010864,0.05482611,-0.06033241,0.059573114,0.023081288,0.31616572,0.13976648,-0.038075224,-0.08519116,-0.1462336,0.07055413,0.047606416,0.100243665,-0.027926095,0.19269152,0.21406403,0.03897389,-0.084732205,0.20148699,0.14024007,0.18048854,0.20842786,0.026670167,0.1715485,0.020425234,0.01247794,0.107231,0.3757347,-0.15881911,-0.033822387,0.16352642,-0.0039056018,0.027742878,0.34699592,0.19337457,-0.07694171,-0.060319882,0.12862523,0.15235825,-0.05235165,-0.20879129,-0.05964098,-0.083393835,-0.338732,-0.097897194,0.08656813,0.19160438,0.28568467,-0.17414878,0.025285475,0.110179186,-0.046715513,0.038395483,-0.32409307,-0.054751746,0.17686215,-0.0945174,0.2633381,-0.257188,0.14644817,0.2698099,-0.02666476,0.26983723,0.055327043,0.13564943,0.063771576,0.13228923,-0.0800812,0.07074977,-0.107574515,-0.19082746,0.0051115006,-0.29327387,-0.10059118,0.06425133,0.06937542,0.08710127,-0.19261003,0.05826228,0.05766397,0.019620065,0.17274016,-0.09323119,-0.17829832,0.07266112,0.017738195,-0.08952738,0,0.022566628,0.22332084,0.037493065,-0.046006527,0.04285661,-0.08332212,-0.10268133,-0.061980464,-0.024655152,-0.19162795,0.047080234,0.0050536096,0.08693378,-0.115388654,0.07615377,0.06518541,-0.097431764,0.046592332,0.18730569,0.06938745,-0.13548578,-0.0288862,-0.20096949,0.09585879,0.31909713,-0.038121298,0.020069828,0.06768998,-0.06555768,0.006079443,0.10850842,-0.17193623,0.3075562,-0.18506497,0.07578915,-0.07717812,0.26183763,-0.018137434,0.033258386,-0.0064604655,-0.19855501,-0.046084102,0.057569604,0.080918126,-0.10133667,0.100621715,-0.07307221,0.1078466,-0.06979646,0.24137229,0.041316807,-0.10831066,-0.093166545,0.069041535,-0.16608852,-0.12697649,-0.033792123,-0.06970781,-0.04796747,-0.24160458,-0.13633645,-0.16959406,-0.08863984,0.04397187,-0.16822761,-0.07126126,-0.07101496,0.2626385,0.07572137,-0.13853353,-0.054393806,-0.08340033,0.13806769,-0.061315797,0.031739455,0.05600803,0.05724393,0.061574727,-0.11842664,0,0.005563397,0.08852356,-0.22080497,0.16846442,-0.042255253,0.099227935,0.16630489,0.005682923,0.1550025,-0.2781706,0.06316644,0.16957086,0.025672432,-0.07586804,-0.135633,0.047920648,-0.036581285,-0.0101243,-0.2141801,0.03422276,0.0047525503,-0.26841378,-0.21466476,0.097112976,0.1352363,-0.103404365,-0.013236901,-0.3330298,0.15065725,-0.03848776,0.10961649,0.05848555,0.0818642,-0.12954575,0.16421576,0.04923907,-0.07818049,0.0525931,0.18712328,0.084730275,-0.024838645,0.14643882,0.11927405,-0.0124575365,-0.09715417,-0.15032955,-0.31602395,0.00887391,-0.041663732,-0.082079865,-0.0055167377,0.04078041,0.34217718,-0.27613539,-0.089737155,0.26113576,0.10589839,0.15440077,-0.08724022,0.04471807,0.058153566,-0.17667137,0.14148685,-0.12257173,-0.030038841,-0.017372698,0.124100536,0.027435882,-0.0013825223,-0.00850033,0.0060965866,0.00743076,0.17861384,-0.09494809,0.31014484,-0.07917504,-0.16071895,0.19537562,-0.14956167,0.03662054,-0.0069329683,0.063747674,-0.15404868,0.20501718,-0.19308451,0.24501249,-0.090859056,-0.31326693,0.059900396,-0.16000068,0.1325656,-0.04656797,0.13717896,0.09672286,0.07636341,-0.011619604,-0.100517094,0.0024312623,-0.18974328,-0.2189972,0.055486463,-0.20602007,0.013926499,0.4439658,-0.08435335,0.037781775,0.23287117,0.010360207,0.031059358,0.021691803,-0.18036072,0.14931011,0.027494963,0.39850858,-0.079646125,0.24771409,0.020658776,0.109145716,-0.066079035,-0.02245022,0.14707687,-0.16418722,0.06215854,-0.0561262,0.099308856,0.005387985,0.16629246,-0.025488442,0.30559197,-0.07065812,0.035320986,0.031397983,0.019412102,-0.18991831
"(113.84075510056547, 22.64596100859384)",0.19369876,-0.20724887,-0.10636529,0.13687526,0.3822994,0.12467222,0.22783162,0.16559084,0.36782068,0.23355772,0.0504879,-0.1919227,-0.087433785,0.06871327,-0.054684337,-0.03987606,-0.23227383,-0.320926,0.12135215,-0.23745312,0.19853485,-0.04977683,0.18471119,-0.32066742,-0.056568384,-0.11818449,-0.043461464,0.032169085,-0.11208032,0.11818193,0.075202875,0.061317265,-0.12963744,0.32921648,0.07997191,0.09421052,-0.10065613,-0.09380472,0.0725953,0.03263268,-0.030063525,-0.18510672,-0.031090222,-0.18246675,0.024252228,-0.15841237,0.031041164,0.17260082,-0.07348548,-0.20918192,-0.051039673,0.078011535,-0.04479282,0.019111708,0.310992,-0.030132178,-0.05917853,-0.21877506,0.027472746,-0.24140587,-0.21927655,-0.09293076,-0.04655424,0.35020173,0.08058065,-0.17840731,0.25818133,0.077379,0.01612734,-0.16706946,-0.019994006,0.07981127,0.08623825,0,-0.017418867,0.011655081,0.21435946,0.11754779,-0.29248685,0.2107499,-0.07194643,-0.10055794,-0.05785719,-0.008296736,-0.08688226,-0.074676245,0.047059864,-0.27858722,-0.10125131,0.14852947,0,0.08411364,-0.014310911,-0.42559943,-0.18900988,-0.19382884,-0.05003946,0.045192868,-0.18007153,0.13641964,0.08251852,-0.016883828,-0.20207866,0.10192388,-0.18656972,0.14676762,-0.012648702,0.30232248,0.11050949,0.124531165,-0.008074134,-0.28357798,0.15536731,0.057639845,0.054746144,-0.13018224,0.37359115,0.19194265,0.10032403,0.036629315,0.2055401,0.14338568,0.14972885,0.17075294,0.1302065,0.27729422,-0.11388038,0.03587521,0.07091743,0.43050376,-0.071386784,-0.05600152,0.26784527,-0.0138995275,0.16541575,0.16738391,0.1797136,-0.15113139,0.1511915,0.1983467,-0.047365215,-0.029044282,-0.24775407,0.14312935,0.093552805,-0.32308322,-0.16103938,0.13669199,0.009350449,0.36925256,-0.21738471,-0.08676019,0.1529778,-0.07145929,0.0036619492,-0.2706995,-0.19063321,0.28466368,-0.08804276,0.23464595,-0.22781861,0.029990703,0.43854254,0.12954885,0.43683153,0.09532931,0.11928901,0.09125121,0.17618717,0.043034703,0.049500212,0.009568287,0.06431748,0.044719487,0.035128858,-0.020377517,0.010298297,0.078282714,-0.01075656,-0.07185383,0.019205077,0.0064535514,0.025155637,0.12766461,-0.17146358,0.0016604774,0.06387454,-0.010969887,-0.10561569,0,0.10107365,0.19456029,0.0051959567,-0.09150817,0.025001384,-0.12711428,-0.09114164,-0.19591314,-0.10366383,0.017273918,-0.038818896,0.079172544,0.09895329,-0.19050752,0.13717127,0.1794848,0.019027546,0.053438656,0.092418574,-0.027495539,-0.12762971,0.25314876,-0.15730435,0.10742427,0.6424987,0.20198505,0.10437188,-0.0521219,0.060524058,-0.05993943,0.11599307,-0.03152544,0.20650102,-0.31894356,0.103779286,0.09319599,0.022651281,0.008487018,-0.012997292,-0.032563157,0.068497255,0.037293497,-0.15227577,-0.08312968,-0.30276614,0.039995164,-0.02215882,0.072501495,0.051486924,0.10540854,0.21945691,-0.08129407,-0.14230298,-0.08909418,-0.17213938,-0.08265322,-0.22884229,-0.038054403,0.0072841793,0.042921975,-0.03425271,-0.20187277,0.05948074,0.06521206,-0.11879974,-0.006368533,-0.04886485,0.18203822,0.15872072,0.16926947,-0.2156555,-0.10620171,0.22973216,-0.09525723,-0.035852525,-0.08003884,-0.0016616434,0.24202123,-0.07183158,0,-0.043458812,0.1342209,-0.1936397,0.3395504,-0.025104538,0.03728612,0.17024603,-0.026941322,0.050690927,-0.12108299,0.20318349,0.2749293,-0.032580867,-0.12615478,-0.33669034,-0.0058339797,-0.03366508,-0.006806124,-0.23200107,0.04607536,0.075341836,-0.38480693,0.07404242,0.3989831,-0.19447735,-0.08701422,-0.04190503,-0.28680342,0.2037126,-0.008087233,0.012976045,0.103698775,0.24920787,-0.080330566,0.27429456,0.095530696,-0.11473511,0.06442742,0.35474062,0.06774797,0.0906277,-0.061619163,0.12215368,-0.024404475,-0.1457603,-0.18219906,-0.2173273,0.08371599,-0.08121845,-0.055820916,0.0384804,0.045735184,0.08413233,-0.24799433,-0.12590244,0.2984497,0.0743314,0.23246658,0.14637037,-0.0036880374,0.003964577,-0.21889357,0.1576804,-0.11955062,0.021615297,-0.010457464,0.0867751,-0.05783483,-0.007250212,-0.09278736,0.015889235,0.07502744,0.2908451,-0.12952857,0.404163,-0.052145153,0.06709385,0.23427796,-0.09549984,-0.07533224,-0.15192507,0.030645046,-0.18602878,0.3848624,-0.2666059,0.14728378,-0.18219015,-0.081967995,0.19939029,-0.19770509,0.17702246,0.05495944,0.120979175,0.15106472,0.10660261,-0.17432185,-0.2297197,-0.12166457,-0.051740173,-0.18676616,0.2656094,-0.14682887,-0.19722757,0.40715405,0.0088582765,0.1868009,0.38102418,0.03651892,0.093973845,-0.19813295,-0.265416,0.20584716,0.07761113,0.3791048,-0.019064408,0.2612816,-0.055195756,-0.07391031,0.11278321,-0.05990811,0.2179629,-0.11671105,0.17541963,0.035427086,-0.2407665,0.056554846,0.22501951,-0.038656265,0.2860526,0.058987033,0.08713545,0.19928506,-0.04549919,-0.16114141
"(113.84188176687331, 22.604345806207352)",0.19463938,-0.17434745,-0.0412398,0.09845623,0.2631826,0.07549839,0.16453747,0.11996934,0.2676341,0.18448494,0.0812064,-0.046304867,-0.15332896,0.06587126,-0.046418928,0.018775377,-0.15396117,-0.11044689,0.17387894,0.053377513,0.15187207,-0.027191892,0.04277403,-0.12552729,0.04461856,0.011487482,-0.050468914,-0.01167437,-0.229848,0.06556168,0.030334108,-0.038168818,0.19659671,0.22630402,0.060271736,0.026335848,-0.21605575,-0.076709956,0.04525223,0.039298914,-0.1595326,-0.022760846,-0.03946799,-0.10732678,-0.07469651,-0.11275496,0.1377825,0.15102296,-0.071814604,-0.08035505,-0.022778407,0.08070937,0.017491758,-0.06614371,0.066380925,-0.07550371,-0.11409855,-0.1777395,-0.0019960217,-0.3256117,-0.2996584,-0.108098194,0.03125053,0.23745815,0.1169453,-0.20371431,0.08608698,0.14340355,0.06881876,-0.26626098,0.05458472,0.09386338,0.15198256,0,0.0029786918,-0.0809484,0.22313511,0.064818926,-0.23347828,0.23806617,0.058434006,-0.04402156,0.07841228,-0.2401204,-0.07338253,-0.13933693,0.15744771,-0.28324535,-0.19012368,0.18624115,0,-0.07932845,-0.15043789,-0.20090719,-0.09582327,-0.038651824,-0.12233175,-0.016736254,-0.12433048,0.14887278,0.28755975,0.0053407922,-0.018204022,0.13185547,0.007820696,0.016033426,0.051082835,0.3682742,0.16414975,0.011841685,-0.021966644,-0.15142083,0.053136565,0.008174412,0.00074812025,0.045912102,0.25595173,0.29853928,0.057625182,-0.08471426,0.2753514,0.115543894,0.199477,0.22847869,0.058041565,0.20321561,-0.018991675,0.025980398,0.082194656,0.4424368,-0.2995713,-0.14159429,0.1801727,-0.03869973,0.006147206,0.2585125,0.3127492,-0.067735866,-0.06135058,0.05333168,0.1654701,-0.024835754,-0.113843724,-0.08192863,-0.013416074,-0.37648374,-0.14215337,0.13544479,0.21096358,0.36815435,-0.1773573,0.070842355,0.1423001,-0.006710753,0.16740443,-0.19600894,0.041761845,0.22229591,-0.06366121,0.2848373,-0.33067176,0.1732997,0.22099635,-0.08632234,0.28124672,-0.081718735,0.1412454,0.13320448,-0.010639012,-0.06839269,0.07191199,-0.08464548,-0.111015275,0.038220502,-0.24443488,-0.057989135,0.11907557,0.10619158,0.047428496,-0.13733144,0.14359869,0.07236224,0.04623167,0.21789277,-0.04162278,-0.21369228,0.15515271,0.052116215,0.052344747,0,0.039130334,0.16903582,0.057116568,-0.052100793,0.07746207,-0.041345343,0.0321415,-0.011648677,0.057774276,-0.14202428,-0.04636945,-0.010092169,0.07679778,-0.1917315,0.015367851,0.09106739,-0.075763986,0.037242316,0.22933853,0.0838305,-0.21443786,0.04214768,-0.16974328,0.10681461,0.25825515,-0.03207332,0.07770334,0.044978723,0.026637375,-0.027125143,0.088522896,-0.085556366,0.36945692,-0.18246654,0.06809875,-0.09545705,0.30840546,0.005680631,0.03710556,0.010101952,-0.15315187,-0.045703556,0.03113875,0.061106898,-0.084809266,0.13779521,-0.047024082,0.080556095,-0.095305264,0.26332933,0.1309906,-0.10061402,-0.10041458,0.037523687,-0.13229021,-0.0447931,-0.11820182,-0.048802566,-0.120804705,-0.116872504,-0.16961986,-0.18637651,-0.16055803,0.1314496,-0.08928465,-0.066116735,-0.06104725,0.27288198,0.038917065,-0.108938485,-0.044536654,-0.037084334,0.17001784,-0.033368275,-0.01570541,0.039241042,0.03195568,0.070466176,-0.16866222,0,0.014192998,-0.04698556,-0.29523814,0.23907968,-0.10455993,0.18395528,0.12239197,0.11789589,0.09409494,-0.27192584,0.106852755,0.20533323,0.089222685,-0.089301094,-0.15170969,0.073851265,-0.005980843,0.004918758,-0.13193096,0.040352732,0.008312162,-0.19875826,-0.098927766,0.11576538,0.124374725,-0.18831185,-0.14706592,-0.31331807,0.14633399,0.00044899806,0.05599519,0.14393899,0.1137031,-0.02809818,0.20013332,0.007712899,-0.037679654,0.07061389,0.22080046,0.20277247,0.02649172,0.17960203,0.16634,0.07231307,-0.20274755,-0.13066968,-0.34916586,-0.022906475,0.010732789,-0.1019016,0.009288266,0.035988107,0.31359336,-0.27559134,-0.026716225,0.3065624,0.101618074,0.14874029,-0.09809898,0.14238891,-0.015081037,-0.17187859,0.04438804,-0.14839141,-6.3441694e-05,-0.07093793,0.15354052,0.102265194,0.05760715,-0.09443651,0.03796356,-0.0069733355,0.22153956,-0.14177698,0.290147,-0.06757015,-0.15438564,0.14818524,-0.20878033,0.037473436,-0.060925916,0.016796496,-0.094207525,0.21200901,-0.2435439,0.23264639,-0.09984812,-0.23619264,0.019163929,-0.16857553,0.10928937,-0.05076862,0.065494806,0.13307297,0.122256644,0.05292581,-0.15478805,0.008390676,-0.20926368,-0.24138525,0.13826743,-0.20830978,0.0033046603,0.4314326,-0.20057595,-0.0260064,0.23517811,-0.027228516,0.03099439,-0.01888379,-0.17402238,0.1757299,0.03562925,0.4316041,0.020684138,0.20907526,0.027301863,-0.06574997,-0.036873087,-0.019894343,0.2473183,-0.09825222,0.040990308,-0.052917168,0.07417805,0.051509306,0.24593197,-0.0028719138,0.35196283,-0.023609113,0.011507947,0.10000852,0.0068348646,-0.1433087
"(113.8421353552905, 22.629825994386664)",0.28427944,0.07538663,0.021920059,0.12142678,0.052968632,-0.29103142,0.13250105,-0.022725549,-0.17056964,0.32522136,-0.1339334,0.29128304,0.05416128,-0.11695925,-0.21623817,0.10469051,0.06552915,0.23788351,-0.0048640855,0.43790516,0.0213143,-0.17101803,-0.06958937,0.3044337,0.060903538,0.08988634,-0.17183298,0.023757026,-0.18295793,0.11066311,0.17463431,0.1728456,0.07926654,0.04386071,0.34730113,-0.13402836,-0.030253798,0.124526426,0.06291892,0.18282062,-0.086786024,0.45759097,-0.12905726,-0.04974614,-0.0025317594,0.07747746,0.22237322,-0.17537194,-0.043356277,-0.16700548,-0.11747813,0.09439002,-0.05122378,-0.07481305,-0.0232156,0.29068467,0.008102634,-0.046164267,-0.12301423,-0.047533654,-0.11565061,-0.14461696,-0.059355047,-0.04627113,-0.02223489,0.05646176,-0.15252078,-0.11765234,-0.006599389,-0.321604,0.16463047,0.04725256,-0.015751466,0,-0.3373554,0.024231944,0.3440112,-0.039971,-0.121778786,0.13269418,0.06586222,-0.05371307,0.30518833,-0.33379388,0.06674947,0.14947344,0.042116694,-0.24703518,0.07456332,-0.13205582,0,0.10836465,-0.08721431,0.3200706,0.27574363,-0.26842085,-0.040891815,-0.011611983,0.032869257,-0.2282763,-0.013299048,0.16676879,0.0342048,0.38006043,0.37303132,0.06828043,0.30167323,0.2637309,0.2912715,-0.22034407,-0.0018389346,0.03129804,0.073208176,-0.19581613,0.061490662,0.23138498,0.40007144,0.39045006,-0.16735007,-0.023114137,0.22226934,-0.07449076,0.18041563,0.079576075,-0.04794257,-0.03215459,-0.047967833,0.04558125,0.078368135,0.410439,-0.38258392,-0.041195028,0.092674285,0.08681057,-0.2322731,-0.108401336,0.4910239,0.17794254,0.1511474,-0.19454531,0.10273677,-0.052442413,0.18661025,0.11741593,-0.09313794,0.2624972,-0.094947666,0.21993113,0.093048,0.29023188,0.49457666,0.18115473,0.004716873,-0.039754257,0.26933604,0.296274,0.22536404,0.19701323,0.38332695,0.4099632,-0.06279442,0.087638766,-0.25415432,-0.3038874,0.00039817346,-0.16350685,-0.03011969,0.11602418,-0.10295354,-0.021686306,0.081060424,0.29427758,0.25983676,0.05066262,-0.14504848,0.21047765,0.28559142,0.082600154,0.013070799,-0.030225717,0.4695417,0.072119035,0.15322508,0.16362333,0.14825973,-0.274654,0.12204514,0.100284256,0.1368198,0,-0.11890219,0.23523015,0.030513974,-0.032030955,0.11634443,-0.11942123,0.36664402,0.13728002,-0.088706136,0.089174084,-0.18891115,-0.22810873,-0.07309916,-0.058895715,-0.09611867,0.04621093,-0.20908265,0.32029426,0.05475261,0.16590641,-0.10396515,0.09757491,-0.03535963,0.09172194,-0.24650782,-0.010795198,0.014601847,0.21073934,-0.09591279,-0.07576683,0.096132606,-0.0035485085,0.54901713,0.15337494,-0.1005308,0.14536843,0.34077978,-0.03646286,0.04176805,-0.019049495,0.0400139,-0.37304717,0.29903954,0.09655945,0.110694945,0.33823127,0.12764634,-0.07482294,-0.21544616,0.2523445,0.046676192,-0.09714656,0.06737232,-0.13535018,0.18595384,0.10259973,-0.13715576,0.21850273,0.009797897,0.24710664,-0.067491286,-0.23875558,-0.33647364,0.19683808,0.16441086,-0.029352047,0.20484325,0.017276803,-0.13437086,-0.20484626,0.07593914,0.35667655,0.020420428,-0.0023970231,-0.06806998,-0.063085,-0.22835752,-0.020531356,-0.41534507,0,0.2247571,-0.102347486,-0.02471757,0.0161179,0.32709584,0.18992883,0.20800866,0.11683202,-0.061809026,-0.15029888,-0.019462679,0.00870191,0.053935193,-0.14241792,-0.12212287,0.21182849,0.2955711,-0.064179465,0.15828359,-0.13801096,-0.037632335,0.2549445,-0.308128,-0.20002624,0.22354493,-0.35837543,0.011038782,-0.041314423,-0.2095452,0.27836463,0.1468251,0.36853537,0.078048825,0.21543923,-0.1564017,-0.22178827,0.05008212,0.22233284,-0.13550292,0.20559677,0.04236095,0.08078925,0.08767947,0.16378324,-0.16558672,0.08949905,-0.19773671,0.054808557,0.19246759,-0.12947157,0.18003055,-0.011534758,0.040360365,0.058302082,0.3848797,0.11194196,0.025046758,-0.11832963,-0.08158861,0.362918,-0.27679047,0.13706468,-0.28806862,-0.08400483,0.305015,-0.2880405,0.22910437,0.34201172,0.32796913,-0.12123418,0.24338648,0.1735708,0.02402395,0.014349343,-0.23358102,0.06676678,0.10684529,-0.0017391178,-0.16490322,0.098345146,-0.011278689,0.13597392,0.21497086,-0.04674846,0.17247379,0.18025777,-0.07288114,0.058249768,-0.029575042,-0.18128128,0.16669437,0.01585109,-0.21968605,0.24253717,0.25548884,-0.071759835,-0.028582357,0.2804223,-0.27943394,-0.26989022,-0.19306225,-0.0047550406,0.1276198,0.36350128,-0.3003367,-0.28439343,0.04022021,-0.13011195,-0.12869151,0.30060342,0.094208196,-0.041545596,-0.33754796,0.11193544,0.26380858,0.27061838,-0.030369066,-0.16520375,-0.015651822,0.2242689,0.14186454,0.041134283,-0.07335456,-0.0077255666,0.1586422,-0.07893134,0.34129807,0.09962188,0.087074995,-0.09519142,0.13587756,0.28511485,-0.16518849,0.15643336
"(113.84220571020438, 22.596960861844384)",0.21929663,-0.19016418,-0.013305906,0.12077037,0.33483374,0.14190798,0.17277232,0.10115993,0.29619068,0.16407506,0.06453293,-0.08361812,0.09600562,0.13319224,0.08266989,-0.024358626,-0.1651045,-0.19328758,0.17581281,-0.0071923994,0.10560236,-0.041622497,0.05150982,-0.1764271,0.03626213,-0.024612857,-0.1005058,0.020733628,-0.06697027,0.082518175,0.03229653,-0.024983212,0.13640279,0.25046855,-0.02074404,0.09084324,-0.16951728,-0.046811983,0.013671871,0.04604178,-0.116839744,-0.21468043,-0.051056564,-0.016059995,-0.0064447075,-0.21203391,0.06022177,0.18633664,-0.037855774,-0.11383371,0.021738589,0.06619261,0.026554886,0.028126128,-0.023402773,-0.15419653,-0.058499306,-0.094729446,0.02302659,-0.15523306,-0.23931988,-0.08570585,-0.061966814,0.29845816,0.082784146,-0.15344715,0.07985243,0.19816285,-0.0005584955,-0.21098514,-0.02270028,0.06911722,0.1297419,0,0.05052436,-0.048414495,0.18994726,0.11587418,-0.1439427,0.18701708,0.07302272,-0.050551742,0.0007818453,-0.1728208,-0.014282942,-0.078758694,0.1135795,-0.33903435,-0.13717148,0.1856373,0,-0.17814228,-0.12473788,-0.28301063,-0.11263513,-0.016714785,-0.111310765,0.04529068,-0.07878531,0.08407113,0.2991675,-0.03347332,-0.047142547,0.055931002,-0.10863088,0.06858219,-0.015980259,0.29851517,0.08886788,0.05320632,-0.14386663,-0.12967107,0.06996963,0.121388264,0.13488403,-0.07992498,0.2560786,0.24195963,0.10324066,-0.026821362,0.13339247,0.1502128,0.18891415,0.22251867,-0.02388663,0.17216165,0.012361731,0.010095945,0.14694923,0.3635008,-0.14201373,-0.02987075,0.020613253,-0.017856188,0.031801507,0.36103308,0.12060774,-0.07809745,0.03347697,0.13553339,0.1047343,-0.034994606,-0.17577949,-0.036554076,-0.08450983,-0.32526085,-0.13008158,0.080931306,0.10763186,0.23326671,-0.099074244,0.033016764,0.025906667,-0.010125354,-0.010560285,-0.29365638,0.023585,0.120634325,-0.06447654,0.27406108,-0.21337622,0.089715466,0.30832076,0.03282733,0.26617777,0.09203294,0.056391962,0.15815908,0.1085169,-0.020957386,0.06384466,-0.04857219,-0.1668368,0.06719773,-0.2699837,-0.0971556,0.057967722,0.034488197,0.09942948,-0.111984126,-0.033623416,0.04646846,0.03163958,0.25838053,-0.10164284,-0.13605706,0.085731626,-0.004065104,-0.07319486,0,0.07948275,0.21269178,-0.018084643,-0.06922043,-0.04587171,0.01331163,-0.10544198,-0.042296223,-0.009255342,-0.20626843,-0.04389979,0.011660039,0.10626858,-0.16252224,0.036235057,0.024221823,-0.032372743,0.042866662,0.1447241,0.07397349,-0.1727375,0.012137121,-0.17342906,0.13056938,0.41851142,0.01748544,0.042316265,-0.02948568,-0.059404604,0.031232819,0.071308434,-0.102361344,0.20671198,-0.15011308,0.025644783,-0.03969407,0.15171193,-0.03998468,0.04922767,0.0020175353,-0.17098494,0.02330305,0.027595468,0.030424206,-0.17508,0.05484633,-0.072851956,0.032374047,-0.0041829497,0.1867255,0.10792926,-0.10641904,-0.06308922,0.031019919,-0.18561363,-0.052217536,-0.11830036,-0.08161631,-0.062190942,-0.1418703,-0.10245968,-0.1690194,-0.08554004,0.0539522,-0.15101197,-0.0850433,-0.05416175,0.28794187,0.08960353,-0.068994366,-0.06395465,-0.11725127,0.15514585,-0.075693585,-0.03603888,0.08908625,-0.03782396,0.0844748,-0.079755194,0,0.024466917,0.09962524,-0.20522541,0.11815576,-0.073317766,0.123514764,0.17873093,-0.042026702,0.15629539,-0.27122897,0.0687646,0.13661574,0.017326105,-0.046209425,-0.23549607,0.012086052,-0.027857913,-0.0039014146,-0.3140521,0.08415495,0.019796036,-0.28500128,-0.0932633,0.15156579,0.08760112,-0.051320516,-0.13059896,-0.28649253,0.13675416,-0.08582402,0.04467377,0.0663125,0.117085695,-0.08249344,0.2146992,0.0589206,-0.03671884,-0.035596196,0.26877427,0.072524786,-0.030863136,0.106293336,0.14644527,-0.06916779,0.010745406,-0.17358422,-0.29522365,0.06281841,0.037252177,-0.038798027,-0.12806351,0.060856648,0.3277213,-0.29572675,-0.07850426,0.26484492,0.11976304,0.11808011,-0.04197987,0.08575857,-0.010445405,-0.1896393,0.13682711,-0.11510982,0.033051282,0.031144276,0.10580631,0.0071240715,-0.04169416,-0.0934314,-0.01759047,-0.008061351,0.18156902,-0.10627049,0.29114097,-0.042838603,-0.1075401,0.24419586,-0.11904311,-0.039490405,-0.0729299,0.019474935,-0.18958676,0.21090469,-0.17735645,0.1507298,-0.08778011,-0.27819854,0.08511434,-0.15987968,0.1980823,-0.06611814,0.16469401,0.057491742,0.07367462,-0.10774686,-0.077417284,-0.09500645,-0.103284515,-0.17555867,0.14569083,-0.15612729,-0.064447284,0.4217149,-0.047641046,0.10517672,0.2886706,0.08711763,-5.432591e-05,-0.06412652,-0.24822928,0.17132327,0.050558746,0.41614246,-0.039692625,0.17808066,0.011817828,0.056684017,0.014706001,-0.055357922,0.20919576,-0.2287001,0.11555049,-0.084769785,0.078898616,-0.021071926,0.17837526,-0.108953655,0.3421922,-0.0917902,-0.019620948,0.053417735,0.042865496,-0.23488262
"(113.84230990090768, 22.644719268654715)",0.17728084,-0.19557747,-0.11006947,0.13460168,0.38390973,0.1525842,0.20554431,0.15083319,0.35891482,0.21807694,0.03824631,-0.22519015,-0.027497023,0.09282877,-0.007381074,-0.05775987,-0.2206649,-0.3432958,0.086597174,-0.31498182,0.1208184,-0.04888332,0.17861816,-0.3230709,-0.038240325,-0.14280483,-0.06819753,0.031737857,-0.024159439,0.1338453,0.087934956,0.06771545,-0.21747789,0.30113918,0.05655408,0.14608034,-0.032819487,-0.11820908,0.044008013,0.043813817,0.05882173,-0.25151467,-0.05105187,-0.13139877,0.083957426,-0.17771545,-0.023217712,0.1566243,-0.03485839,-0.19280896,-0.055948045,0.07949348,-0.061229836,0.10495174,0.31864813,-0.024702195,-0.004459449,-0.1599825,0.07568826,-0.16376466,-0.18029332,-0.07229534,-0.04951636,0.3415715,0.058317624,-0.12897927,0.2843237,0.07792704,-0.013948452,-0.115304306,-0.074917816,0.09554101,0.06555724,0,-0.029921135,0.018513061,0.20526409,0.14007029,-0.21279788,0.15390232,-0.051014293,-0.10313693,-0.09231098,0.027117878,-0.05479765,-0.0054142177,0.021408767,-0.288596,-0.05325547,0.12711796,0,0.075072736,0.02621743,-0.4202014,-0.19595128,-0.22269191,-0.03953132,0.11222956,-0.13639873,0.1111016,0.03264931,-0.06436432,-0.22373296,0.06764965,-0.2619925,0.17565228,-0.049315974,0.23284516,0.07311774,0.18478692,-0.044383723,-0.26741207,0.1407722,0.14066407,0.08365228,-0.14475086,0.362259,0.16517438,0.12508741,0.091006756,0.13992655,0.17580438,0.13666381,0.15045674,0.07118536,0.24101505,-0.11380553,0.032166503,0.09956415,0.34689403,0.024417503,-0.008421445,0.18815546,-0.017183118,0.18224634,0.1719955,0.056851737,-0.12011707,0.22586024,0.22443384,-0.10715298,-0.01132828,-0.23572978,0.1998702,0.0835673,-0.26654422,-0.1448939,0.082078755,-0.07607263,0.291564,-0.15066642,-0.119500674,0.09371923,-0.054611012,-0.028215345,-0.27209607,-0.176864,0.20755157,-0.07213932,0.21332498,-0.13413748,-0.021994941,0.49126166,0.21121198,0.4094057,0.16603692,0.054409094,0.15054071,0.20171691,0.065620705,0.045260776,0.054780148,0.098523684,0.058201496,0.058823984,-0.027183987,-0.014757812,0.026059838,-0.010626871,-0.0052042753,-0.07926017,-0.019798212,0.02064531,0.14499986,-0.1615546,0.05917838,0.021723812,-0.033219915,-0.14260209,0,0.12648974,0.15359437,-0.012759699,-0.09462418,-0.061962593,-0.05738806,-0.12257259,-0.17304297,-0.1110542,0.020523664,-0.06082491,0.09101385,0.10143255,-0.14799544,0.11485407,0.12958853,0.080270275,0.055582773,0.04842613,-0.034583427,-0.07890177,0.24936816,-0.11902881,0.14971566,0.72282946,0.26386908,0.10313802,-0.11134911,0.039908312,-0.065050185,0.06698537,0.00133208,0.114534415,-0.26333025,0.07119726,0.15023932,-0.101761,0.019056832,-0.023477953,-0.018455178,0.10269033,0.09742224,-0.20396896,-0.098264426,-0.351677,-0.059327614,-0.021855075,0.021495052,0.10768427,0.05771289,0.24500021,-0.060751185,-0.10297354,-0.1061376,-0.17798492,-0.048712954,-0.2725113,-0.035650488,0.010667175,0.09509298,0.00045586377,-0.1698178,0.0903738,0.04877971,-0.1119897,0.007997066,-0.011766918,0.15340215,0.19213574,0.21561691,-0.23402932,-0.12517223,0.21714702,-0.10309004,-0.05634323,-0.065111145,-0.055076763,0.26002133,0.011296526,0,-0.02779565,0.19809575,-0.12881167,0.28069648,-0.020928144,0.014368806,0.18930632,-0.09334421,0.039408498,-0.098205745,0.17788413,0.21697968,-0.05909507,-0.09208897,-0.38415045,-0.031081662,-0.042287916,0.0009205565,-0.2960146,0.07392599,0.08571286,-0.40633762,0.15133159,0.4639101,-0.25517312,0.0040367953,-0.026014036,-0.24658804,0.18155044,-0.037213553,-0.017777128,0.06950948,0.24852623,-0.07299118,0.28979862,0.13303676,-0.09877947,-0.024974007,0.39092878,-0.010912087,0.053405013,-0.12790865,0.117072925,-0.0602205,-0.031796165,-0.1982552,-0.11422217,0.13255258,-0.062237572,-0.0144626945,-0.055203035,0.05811914,0.052944925,-0.22618407,-0.15971038,0.26417094,0.13191938,0.18192467,0.17539419,-0.017484598,-0.01569536,-0.17250577,0.16291681,-0.099066205,0.03698626,0.04061877,0.060307868,-0.08426742,-0.05132147,-0.12621665,0.0026400238,0.054400556,0.24790795,-0.09539162,0.3676924,-0.022995695,0.107904315,0.27276254,-0.047744423,-0.121909946,-0.18412298,0.016528036,-0.19198412,0.34518886,-0.2174671,0.053418532,-0.17708078,-0.046365313,0.24999568,-0.21577892,0.19657606,0.070914306,0.14271277,0.11348257,0.08263905,-0.25686687,-0.19965088,-0.17417458,0.01716179,-0.1562434,0.2553723,-0.10143993,-0.230212,0.36295047,0.06587109,0.22176109,0.40847588,0.11599536,0.078836784,-0.23750027,-0.2759997,0.21243878,0.089195475,0.3342834,-0.0018481947,0.21428788,-0.03351801,-0.082717,0.18033893,-0.08775519,0.20873272,-0.15583186,0.19391905,0.033314966,-0.2584575,0.031591732,0.22281916,-0.07179621,0.26003996,0.06379897,0.074976966,0.18800908,-0.027072191,-0.169477
"(113.84258181257312, 22.60388970833724)",0.1977075,-0.1666857,-0.0023432188,0.091522805,0.25971988,0.10103379,0.0899674,0.08216081,0.25115833,0.1600551,0.041963346,-0.067949146,0.02074647,0.10404318,0.011977762,-0.025951479,-0.12165928,-0.11402675,0.18560359,0.038399685,0.18213624,-0.014964037,0.052953534,-0.13991675,0.032406133,-0.012870176,-0.033073954,-0.013178899,-0.09718469,0.040437393,0.050507445,-0.041737795,0.21086997,0.27287027,0.03398438,0.07245803,-0.12328417,-0.056033686,0.04315601,0.049613856,-0.12220647,-0.12897542,-0.07655631,-0.026749723,-0.043892052,-0.1862744,0.10638125,0.1562631,-0.09153859,-0.09743805,0.027647048,0.05224376,0.039932013,0.0007658601,-0.029332183,-0.15878958,-0.09242961,-0.092620604,0.012248144,-0.2006324,-0.20983538,-0.08931881,-0.050485525,0.26965016,0.08352649,-0.18226758,0.06726896,0.16126996,0.01654538,-0.23658201,0.01712311,0.0426972,0.13840958,0,0.036107086,-0.037480403,0.17161691,0.050211616,-0.20491722,0.20747516,0.037190583,-0.037789054,0.002616886,-0.19408287,-0.028306305,-0.17244169,0.11368741,-0.25050583,-0.16432443,0.09825276,0,-0.15589663,-0.09448915,-0.22679727,-0.070735715,0.064590424,-0.118632965,0.009651199,-0.097104974,0.09486696,0.31785434,0.03640791,-0.061743278,0.054339632,-0.06128645,0.06410597,0.03420251,0.29921082,0.14178537,-0.018816493,-0.06912995,-0.13646893,0.051334806,0.059916183,0.07626677,0.01846797,0.18910645,0.22811483,0.032897376,-0.07286751,0.21336578,0.14904776,0.18000929,0.20198345,0.0035286117,0.1482941,0.013766307,0.015625736,0.107622825,0.34277034,-0.16519475,-0.039518945,0.14947951,-0.0204921,0.004891008,0.31057838,0.18528393,-0.040330116,-0.03437726,0.11879627,0.1490404,-0.039148632,-0.15813133,-0.041590966,-0.075080745,-0.3176024,-0.090569705,0.053290606,0.18032712,0.27917615,-0.1381586,0.024339452,0.108558744,-0.037834927,0.08199112,-0.2673667,-0.020825952,0.15277275,-0.061472036,0.26182646,-0.23784572,0.15727672,0.25003725,-0.027346823,0.2429033,0.04864998,0.11310084,0.10859677,0.097194865,-0.095771365,0.075827025,-0.08300178,-0.1564161,0.011451714,-0.28385383,-0.09163456,0.070842505,0.059393067,0.07117405,-0.1570968,0.069403306,0.045496695,0.026088867,0.1762468,-0.050468333,-0.18180953,0.0726196,0.027340563,-0.05275371,0,0.016876724,0.17470375,0.05484633,-0.032731574,0.02638679,-0.03850045,-0.06391398,-0.017808355,0.0004473403,-0.18243733,0.020498974,-0.007706225,0.075546816,-0.10342452,0.038902044,0.044735625,-0.0727981,0.054113828,0.1921157,0.080589525,-0.11105473,-0.023956629,-0.1624956,0.11573822,0.30520543,-0.022310778,0.029888617,0.05564277,-0.050486557,-0.024707302,0.07618442,-0.1382669,0.31408867,-0.13532102,0.07056546,-0.055454165,0.23308611,-0.011184176,0.02916734,0.0072118714,-0.1812908,-0.029374171,0.034858998,0.08245988,-0.07896745,0.067876756,-0.06414236,0.087386996,-0.07970512,0.24343982,0.057560455,-0.10025285,-0.06911829,0.06892247,-0.14844443,-0.08580973,-0.07114048,-0.04706083,-0.0690464,-0.19040711,-0.1464572,-0.1536421,-0.10576938,0.06617867,-0.13897511,-0.053029783,-0.033113122,0.24380252,0.07512885,-0.14061606,-0.04711215,-0.050204195,0.13103843,-0.046214864,0.02889062,0.06374408,0.036712423,0.058530144,-0.096902564,0,0.020393997,0.07724062,-0.1987998,0.15462723,-0.044423938,0.10337803,0.1715375,0.015713457,0.13183954,-0.27743095,0.052860577,0.14371073,0.04132607,-0.06363937,-0.13721867,0.057329405,-0.03561986,-0.001887966,-0.17550336,0.030050391,0.0039916933,-0.23856972,-0.17550737,0.104571655,0.1216669,-0.084395826,-0.006812198,-0.30865985,0.12130608,-0.025196098,0.09156963,0.06817137,0.076639324,-0.10257259,0.1676207,0.053996354,-0.062650815,0.029398825,0.18781124,0.08111821,-0.03092644,0.14404619,0.1275648,0.017166419,-0.08422959,-0.14736095,-0.27047405,0.013255857,-0.029215898,-0.080281675,-0.031653494,0.03674585,0.32136685,-0.2448777,-0.076996945,0.24323887,0.13673946,0.12469974,-0.10250178,0.06000462,0.03812204,-0.12628011,0.09800996,-0.11291946,-0.021693848,-0.015336275,0.12505333,0.05626369,0.011842497,-0.03860906,0.024941303,-0.0013961736,0.15879977,-0.08221209,0.2709322,-0.06771703,-0.15615053,0.18396856,-0.15061247,0.045378987,-0.01425584,0.06539163,-0.11699396,0.15606034,-0.17455041,0.20568968,-0.08398206,-0.2852993,0.06464603,-0.17279775,0.107782505,-0.027610792,0.11469017,0.098943114,0.070919275,-0.0028042784,-0.09905256,0.009833809,-0.18524449,-0.22452815,0.034566663,-0.18759315,0.015107245,0.41913882,-0.11229203,-0.004881546,0.23051278,0.0327557,0.025538642,0.028195594,-0.15651737,0.15881887,0.023797028,0.3777101,-0.03104046,0.22356218,0.0499115,0.061273254,-0.050109833,-0.031012248,0.15816124,-0.13793269,0.040063143,-0.053486727,0.10608453,0.011639641,0.19522262,-0.009748986,0.29158264,-0.052272376,0.03789625,0.03486277,0.022886282,-0.16173609
"(113.84263648179012, 22.64234333439111)",0.17223758,-0.16024253,-0.11002209,0.13578372,0.36301628,0.11675395,0.19568755,0.13628632,0.3068957,0.22041525,0.02822008,-0.19885157,-0.037881643,0.06849192,0.0029332265,-0.04336153,-0.19746087,-0.31077564,0.026637984,-0.3307078,0.019837946,-0.06756676,0.15094185,-0.27449712,-0.007447958,-0.1394176,-0.1026857,0.025394507,-0.0035668276,0.15087737,0.103555694,0.087478526,-0.280794,0.2377738,0.077970386,0.15692592,0.010401607,-0.14749731,0.02483302,0.07224297,0.12798652,-0.21258453,-0.06603156,-0.10824452,0.1264241,-0.14689891,-0.05417034,0.10769394,0.0026857108,-0.16720244,-0.075631335,0.096621156,-0.086480856,0.15222077,0.34272543,0.041354682,0.050752766,-0.13395905,0.1042732,-0.12461161,-0.1597184,-0.06397749,-0.026563669,0.28713185,0.041138213,-0.0812441,0.2823576,0.04796258,-0.019829396,-0.09251939,-0.08778318,0.12187562,0.045948584,0,-0.069312215,0.0049878918,0.22713213,0.14265788,-0.15016955,0.10353085,-0.022721294,-0.101016834,-0.060130607,0.014191508,-0.028339332,0.092489555,0.013162367,-0.30097005,-0.0024090856,0.11037634,0,0.10484376,0.04659964,-0.34297934,-0.16403988,-0.29656252,-0.04015088,0.15333495,-0.095433414,0.08439422,-0.04090202,-0.0951669,-0.21704735,0.083855316,-0.2577514,0.19036993,-0.04228778,0.19824174,0.07439222,0.22565277,-0.05214536,-0.22977258,0.12537,0.17266493,0.07486277,-0.11482196,0.37585872,0.18521312,0.124330245,0.12153602,0.10232051,0.17183878,0.13026118,0.12824531,0.018867383,0.21074313,-0.11363135,0.035941586,0.110260904,0.30648535,0.02911981,1.991354e-05,0.12436432,-0.032414638,0.15301126,0.12605213,0.029643938,-0.07579912,0.29864943,0.20223626,-0.12540716,0.0109803565,-0.16792086,0.24082494,0.076166,-0.1840362,-0.14360897,0.06874573,-0.12742853,0.24281886,-0.052252647,-0.11717977,0.06611472,-0.032649375,-0.0023459382,-0.18575014,-0.11300394,0.16431537,-0.024181083,0.21653868,-0.061082438,-0.053383447,0.46717256,0.21785969,0.36437142,0.16539772,0.0016665068,0.21287955,0.17616728,0.079647474,0.053559087,0.1095808,0.17864807,0.07632184,0.07861086,0.008858703,-0.0065096915,0.0055741454,-0.008412398,0.056889176,-0.08670798,-0.044796035,0.04205313,0.17740223,-0.11727048,0.080127925,0.016535893,-0.023545204,-0.10090943,0,0.1336928,0.113631435,-0.017727187,-0.09609718,-0.10230529,0.01639066,-0.06622575,-0.122484304,-0.07797313,0.048581906,-0.11997363,0.065062806,0.09019324,-0.13603036,0.060922787,0.09351009,0.11609779,0.07132579,0.023029216,-0.010479268,-0.060613602,0.26938772,-0.07838462,0.17465939,0.7135985,0.30533472,0.115673214,-0.14750758,0.047445662,-0.07935469,0.030947,0.06830702,0.10131957,-0.18745136,0.038883317,0.1928573,-0.16694026,0.025614433,-0.030458614,0.0053192303,0.13173504,0.12727457,-0.21806064,-0.09824308,-0.35203034,-0.108829126,0.0039665774,-0.035008512,0.12523173,0.043575138,0.29616386,-0.036948144,-0.061417356,-0.118647546,-0.14843535,0.010738682,-0.32740417,-0.0056268126,-0.005122304,0.20222872,0.015157394,-0.1534301,0.06619456,0.07384489,-0.06729371,0.027322132,0.04337958,0.12930444,0.18942575,0.23527241,-0.22595781,-0.09145226,0.19400963,-0.09398287,-0.08728592,-0.048497833,-0.11947058,0.2611056,0.026808985,0,0.01518748,0.19124931,-0.09280827,0.2415185,-0.0059175193,0.0250924,0.20499465,-0.10867368,-0.0055843294,-0.08901954,0.15785217,0.16464302,-0.0501178,-0.06274253,-0.42665914,-0.017346647,-0.02177552,0.009780873,-0.29551584,0.07733581,0.095623285,-0.35692263,0.22123271,0.4632104,-0.27341253,0.030814435,-0.047704875,-0.18364224,0.13101208,-0.024791867,-0.054857656,0.08031725,0.25231832,-0.018875398,0.2766939,0.124950334,-0.05056138,-0.07144432,0.39500055,-0.0195604,0.045210492,-0.1549596,0.122329876,-0.062419284,0.017296866,-0.18016163,-0.043550134,0.15903732,-0.010685917,0.0015154257,-0.10924101,0.06321335,0.0046384074,-0.1826272,-0.13193858,0.23237225,0.16132034,0.11679174,0.18173014,0.02194415,-0.073323295,-0.11835839,0.10907075,-0.096444994,0.08038066,0.0530217,0.054909118,-0.05387785,-0.041669067,-0.18805611,0.018018864,0.042894676,0.21442987,-0.06419664,0.29364622,0.010173339,0.15196566,0.26355085,-0.031549983,-0.14551982,-0.2193887,0.0010790713,-0.14554483,0.29016277,-0.16594616,-0.017450852,-0.16971415,0.012208185,0.27524063,-0.23261735,0.2018196,0.09186698,0.122193865,0.10852187,0.10132687,-0.2931253,-0.17861658,-0.1833944,0.04325075,-0.14228971,0.23938754,-0.05471065,-0.23338377,0.32414263,0.045827404,0.20354119,0.40821543,0.14942367,0.051929165,-0.24325033,-0.2682537,0.20831795,0.07296188,0.29319388,0.06742358,0.16582102,-0.019798152,-0.14160362,0.2294664,-0.07627259,0.2158252,-0.14814906,0.20256011,0.037123762,-0.2592109,0.026895024,0.25921026,-0.08926469,0.23579487,0.06367308,0.06708595,0.21427521,-0.034763865,-0.13621229
"(113.84311741240558, 22.62726443663309)",0.29341787,0.07349936,0.045155656,0.123878695,0.02805463,-0.2998003,0.082646206,-0.04491314,-0.18402691,0.30444217,-0.13290443,0.32001635,0.09192678,-0.084947854,-0.20227087,0.07120708,0.063579544,0.26440674,0.028882448,0.4690718,0.05902744,-0.17091185,-0.09698971,0.3255019,0.05715281,0.10220866,-0.16302985,-0.0007425649,-0.14885163,0.07077518,0.16239789,0.14559807,0.15444478,0.059752963,0.31636554,-0.12742314,-0.015877232,0.14113928,0.05294914,0.18295011,-0.09682154,0.42786214,-0.14306238,0.0048203766,-0.017590739,0.013324762,0.23029095,-0.16324702,-0.07162447,-0.18357405,-0.10253066,0.08029516,-0.04263336,-0.054256365,-0.109455295,0.22541033,0.0034890259,-0.024242066,-0.10507029,-0.018187515,-0.10720442,-0.1446023,-0.05767409,-0.022026792,-0.035180166,0.07565073,-0.2042373,-0.07768456,-0.023077965,-0.3430887,0.158993,0.037721716,-0.0019980595,0,-0.32287943,0.024869923,0.31464997,-0.06075167,-0.1355772,0.14636001,0.08553769,-0.033932403,0.30295533,-0.35613805,0.08652806,0.11730097,0.054232508,-0.25666633,0.04086133,-0.14232647,0,0.03311629,-0.10137122,0.3189383,0.30089757,-0.20430392,-0.0728332,-0.018110588,0.04488746,-0.21909894,0.045027778,0.18517604,0.045970414,0.34110844,0.3338759,0.05931583,0.319742,0.26279825,0.29178616,-0.25854036,-0.05738986,0.031410612,0.074338205,-0.18317932,0.08860014,0.2557291,0.39281645,0.39153823,-0.18648678,-0.053486694,0.2120014,-0.0416799,0.19262329,0.10296266,-0.0758921,-0.04806134,-0.0025717877,0.036117245,0.08329833,0.39825982,-0.37344992,-0.009720558,0.07399231,0.080967955,-0.2570398,-0.03464014,0.442987,0.17435557,0.12783796,-0.19564855,0.12339598,-0.051899325,0.1897969,0.09958216,-0.14251614,0.20781858,-0.08135086,0.18506065,0.14870551,0.2766186,0.505031,0.18308982,-0.0010398775,-0.06214355,0.25810066,0.27877462,0.2649051,0.14330691,0.37537727,0.4144541,-0.08100796,0.11677423,-0.2627678,-0.3283472,-0.012148395,-0.15831505,-0.021482633,0.122470245,-0.10765837,-0.052211262,0.092543975,0.2813512,0.18280013,0.05140698,-0.25549006,0.17084706,0.2751636,0.06115194,0.04761868,-0.07752802,0.47746965,0.06632843,0.16109824,0.16620773,0.15804142,-0.3285281,0.10978592,0.10725096,0.13514125,0,-0.12966138,0.22401857,0.04746306,-0.025277978,0.094958685,-0.08796688,0.32939368,0.14384803,-0.089267164,0.0097330585,-0.14427948,-0.22651106,-0.071668066,-0.058807462,-0.10732807,0.03386627,-0.23052843,0.33302385,0.079626106,0.19227694,-0.099705994,0.046145998,-0.014374668,0.10066499,-0.28893673,-0.0692444,-0.0077289287,0.24360183,-0.1433461,-0.06177415,0.08528784,-0.02926292,0.55249554,0.1809144,-0.092932284,0.141398,0.39819157,-0.042081393,0.052126206,-0.020546153,-0.053043496,-0.3880645,0.33402595,0.11077551,0.14427684,0.3359642,0.10490237,-0.071517274,-0.21583526,0.28361428,-0.0123600885,-0.120680794,0.069726914,-0.08920422,0.15416232,0.118482865,-0.087978765,0.2097003,-0.0071525797,0.18285966,-0.09716564,-0.20617011,-0.35453945,0.1718537,0.12291057,-0.027571507,0.19148299,0.026563322,-0.12534466,-0.28718334,0.097231634,0.34200987,0.015149672,0.0013684854,-0.039673794,-0.04244213,-0.2240409,-0.038192958,-0.39872155,0,0.2345196,-0.063119076,-0.0026936894,-0.041175872,0.3129832,0.17922667,0.20573899,0.11191361,-0.03197267,-0.22263044,-0.062085133,-0.033920582,0.051019643,-0.1295614,-0.09437144,0.20925719,0.2987004,-0.0667046,0.12853645,-0.14499347,-0.07468593,0.28646243,-0.38536108,-0.25473413,0.28080985,-0.34760132,0.04230678,-0.054546192,-0.19530135,0.25467843,0.17018199,0.35889852,0.03690965,0.18772043,-0.16641945,-0.20338595,0.05777294,0.19967636,-0.13622741,0.22000816,0.024663609,0.12869589,0.08265116,0.1368942,-0.1376851,0.092739664,-0.225099,0.03301415,0.19876127,-0.12417249,0.14623493,-0.016228318,0.1138348,0.05128228,0.3627681,0.099619314,0.047293656,-0.1303482,-0.15083294,0.33875403,-0.26520222,0.16242437,-0.28886628,-0.0708657,0.30383718,-0.2696847,0.24308333,0.33244127,0.29791987,-0.12071647,0.23850673,0.15105751,0.0118469,0.03169799,-0.21956982,0.062772304,0.08799985,0.0077134487,-0.18494251,0.143667,0.033298645,0.15819149,0.21495032,-0.09029898,0.18856177,0.19409208,-0.056254353,-0.04044239,-0.032995187,-0.20681359,0.15201901,0.013720432,-0.19641279,0.21071446,0.23964539,-0.04216917,0.0013672784,0.3062292,-0.29731715,-0.28571913,-0.22146815,-0.045700155,0.16477224,0.37764183,-0.28974125,-0.31700844,0.037496913,-0.122346565,-0.13057074,0.32241553,0.10143982,-0.039080556,-0.32464468,0.12905943,0.22862008,0.30322984,-0.0053306147,-0.12609786,-0.0860033,0.20268354,0.13855946,0.023726553,-0.09749536,-0.04496117,0.2545299,-0.0889416,0.3474378,0.09830859,0.0931525,-0.14064853,0.13717337,0.20957959,-0.15658247,0.120156445
"(113.84411036931851, 22.599534665132524)",0.21364662,-0.18199232,-0.02136026,0.11178338,0.31106934,0.12856637,0.1589302,0.097148515,0.2784037,0.16624309,0.054478966,-0.084576055,0.066996485,0.12539521,0.05334472,-0.018736515,-0.1535695,-0.18088472,0.1710721,-0.010516655,0.10997134,-0.03600549,0.058730297,-0.16014838,0.038693365,-0.029873777,-0.08903741,0.01200501,-0.06660968,0.08186479,0.043040026,-0.01898355,0.115554966,0.2531331,-0.000110607594,0.08760644,-0.14663875,-0.050967455,0.013220381,0.05165913,-0.10381899,-0.182607,-0.057524994,-0.024513997,-0.004942354,-0.18886732,0.07019003,0.16977789,-0.03902793,-0.10687761,0.010057524,0.06482707,0.024851196,0.027328491,-0.0033489391,-0.1333012,-0.059271418,-0.091374986,0.021826193,-0.16829416,-0.23427092,-0.08632597,-0.05132596,0.28495878,0.082055554,-0.1577932,0.09309799,0.17530346,0.0028337762,-0.21573989,-0.021737717,0.07071352,0.123965725,0,0.03037856,-0.04484318,0.19780317,0.11186924,-0.14408664,0.18630525,0.0666728,-0.052819736,0.0040943287,-0.17285705,-0.01908445,-0.08801162,0.105530545,-0.3184333,-0.12977737,0.16033134,0,-0.1478228,-0.10972717,-0.2522608,-0.10479019,-0.017020054,-0.104168385,0.048892185,-0.07870621,0.08155216,0.2813923,-0.023871891,-0.053693417,0.067796975,-0.09916985,0.070014596,-0.009058699,0.2886558,0.09451084,0.04482688,-0.11694878,-0.1350669,0.06901971,0.11233171,0.12069211,-0.051623188,0.24653281,0.23825824,0.08749416,-0.016956445,0.15888156,0.14787653,0.18479362,0.20569068,-0.013724646,0.16416843,-0.0077308603,0.013538642,0.14171112,0.35763013,-0.14253661,-0.03657023,0.05520764,-0.010854743,0.035737216,0.32315245,0.13953489,-0.055884052,0.030902293,0.12791446,0.09371126,-0.03850889,-0.15806332,-0.021706857,-0.06422415,-0.30164945,-0.12271992,0.07153325,0.1003979,0.251281,-0.09469777,0.027491465,0.04173556,-0.009548187,0.02675024,-0.26951036,0.014247738,0.13480067,-0.048801176,0.27286482,-0.2078886,0.09949835,0.29903543,0.029733185,0.2615864,0.07429331,0.063095026,0.15522256,0.10126145,-0.02852122,0.06264267,-0.040832385,-0.13614371,0.0553068,-0.24397646,-0.0857268,0.06722675,0.03544314,0.077530585,-0.104990765,-0.012169624,0.047690846,0.027840879,0.23800379,-0.08201585,-0.14039364,0.08185879,0.0018327143,-0.0746088,0,0.065502286,0.20304081,-0.0037201587,-0.064515635,-0.030848943,-0.001077449,-0.07932106,-0.03228549,-0.016225062,-0.18147862,-0.043279722,0.005253479,0.094595805,-0.14253177,0.038304083,0.03305097,-0.029204011,0.05382727,0.14530766,0.06587723,-0.15095888,0.014193131,-0.163516,0.13581175,0.40129915,0.027038217,0.043994173,-0.017966293,-0.057668082,0.010472558,0.065403014,-0.10302764,0.22854008,-0.14325373,0.02476113,-0.029151455,0.14799638,-0.021578921,0.040583245,-0.00021695346,-0.14379689,0.009276862,0.01795601,0.031488523,-0.15980925,0.05447252,-0.063043386,0.03701757,-0.020605683,0.19793859,0.11433364,-0.1014652,-0.05864895,0.013264649,-0.16021398,-0.046979956,-0.11908852,-0.06454095,-0.061946742,-0.12652142,-0.1053034,-0.17145741,-0.08661957,0.06055335,-0.13059598,-0.07738524,-0.039561972,0.2548178,0.08964385,-0.06721944,-0.062561005,-0.08800567,0.15360802,-0.06930827,-0.028457243,0.06909956,-0.03613326,0.07608646,-0.08287274,0,0.024160072,0.09118838,-0.19735095,0.13043113,-0.06072107,0.11887401,0.17799322,-0.018235315,0.14079002,-0.25106,0.06556356,0.13885334,0.014710952,-0.061404668,-0.21969427,0.022732608,-0.019877458,-0.002247978,-0.27188405,0.06979993,0.019777589,-0.27528334,-0.092708364,0.16665292,0.07357118,-0.06464917,-0.1034149,-0.28766543,0.12568787,-0.065716945,0.05733282,0.074500635,0.117780596,-0.07712014,0.1961456,0.058075465,-0.048573133,-0.017013619,0.24781495,0.06123031,-0.025916092,0.095421836,0.14207947,-0.032527927,-0.0063974187,-0.17200813,-0.26945668,0.064653754,0.026037257,-0.046392538,-0.10054423,0.053848177,0.30514824,-0.27136412,-0.07237943,0.254729,0.13433677,0.10793395,-0.042098038,0.08975911,-0.010168273,-0.16485417,0.11742904,-0.115804344,0.022863485,0.013044938,0.11099316,0.020405961,-0.019664526,-0.08494653,-0.0017863438,2.0911917e-05,0.16906539,-0.09932722,0.27401984,-0.04270725,-0.10807718,0.22914615,-0.12265338,-0.03368937,-0.07131846,0.02578367,-0.16832775,0.19971573,-0.1701743,0.14956558,-0.09149559,-0.24915387,0.08151283,-0.16238001,0.18298993,-0.05590094,0.13440679,0.0719033,0.07465597,-0.100511484,-0.087949224,-0.07326947,-0.1147946,-0.18504511,0.118967496,-0.15089124,-0.048992254,0.41119963,-0.06234537,0.07683782,0.27621365,0.07877433,0.0061558224,-0.047891792,-0.21430817,0.16945398,0.034149386,0.39134812,-0.020651758,0.18096723,0.020995855,0.03772863,0.031093672,-0.051568713,0.1990881,-0.2014866,0.09436585,-0.067908704,0.06516331,-0.014878436,0.1899138,-0.08044587,0.3246304,-0.06370756,-0.0032130405,0.06646103,0.03027801,-0.20776397
"(113.84426727837266, 22.60202842652076)",0.2107709,-0.16028231,-0.030606657,0.09979755,0.2876691,0.0971892,0.1789945,0.102355845,0.2402321,0.20664687,0.034542076,-0.059801236,0.00039687753,0.07273195,-0.023150407,0.020068351,-0.11936496,-0.12283867,0.16536677,0.07826245,0.13741589,-0.036682036,0.05575093,-0.11745532,0.04146878,-0.0055163223,-0.078044124,0.0260486,-0.16295296,0.0945898,0.057229385,-0.00235454,0.15107113,0.23386985,0.070896335,0.03135322,-0.18357003,-0.030883089,0.039275866,0.047299452,-0.1550973,-0.05059042,-0.06266041,-0.0884479,-0.04275015,-0.11300372,0.1290302,0.13098587,-0.05674205,-0.09943469,-0.011417016,0.07275721,0.025305334,-0.049037248,0.025574319,-0.06857023,-0.09914301,-0.111940674,-0.02606248,-0.23501599,-0.25122803,-0.10551768,-0.048526682,0.23087855,0.09601489,-0.18423575,0.07897148,0.12507413,0.03272843,-0.24819909,0.032308675,0.06755635,0.11732357,0,-0.022847911,-0.042264026,0.22665809,0.083995454,-0.18377411,0.21117723,0.047972765,-0.06188567,0.046474133,-0.21249753,-0.04436795,-0.11520746,0.10997227,-0.2853523,-0.13597912,0.13038188,0,-0.08812622,-0.124622576,-0.1930417,-0.082647,-0.03619814,-0.0818911,0.00970906,-0.094713055,0.052809868,0.27031344,0.013585426,-0.03874747,0.13735645,0.027736455,0.04559073,0.036146685,0.32780883,0.1433884,-0.009193085,-0.036409378,-0.1283742,0.05592195,0.019471899,0.06067265,-0.0025590574,0.25144166,0.26918873,0.052839212,-0.045074813,0.2358269,0.0945127,0.18607455,0.20063281,0.033730455,0.15424661,-0.036517557,0.02288392,0.11234801,0.40554413,-0.23284383,-0.092833295,0.13323706,-0.002781801,0.0107910335,0.2369882,0.2776455,-0.036408577,-0.021676105,0.06808644,0.12801148,-0.046935957,-0.13835374,-0.04270429,-0.036591098,-0.25780654,-0.12739162,0.12878218,0.1375729,0.32142502,-0.08829577,0.066150635,0.072135076,-0.0024546087,0.104704976,-0.22310871,-0.004895091,0.21141386,-0.010309391,0.294078,-0.25454947,0.13059777,0.21392718,-0.040834416,0.24559726,0.0026360173,0.09078786,0.112786874,0.05212629,-0.04486601,0.054043293,-0.030879127,-0.09343353,0.034007564,-0.19636749,-0.042455688,0.12146789,0.07992532,0.035675578,-0.107562125,0.09096749,0.082943074,0.031034585,0.20422599,-0.057844676,-0.16925685,0.1128219,0.016166376,-0.03751862,0,0.03059901,0.22042987,0.014363145,-0.05124827,0.048149966,-0.084916614,0.00021316111,-0.014724471,-0.01753058,-0.113416545,-0.05469972,-0.024733081,0.06727194,-0.13330269,0.044727072,0.05713664,-0.08559798,0.06811122,0.16669607,0.05910801,-0.17258157,0.028303435,-0.18647592,0.111673966,0.28638938,0.0036799163,0.04947892,0.033913292,-0.024119996,-0.020478055,0.094438285,-0.12302188,0.32434505,-0.15278006,0.027131502,-0.05431986,0.23273659,-0.015248807,0.038632907,-0.008034952,-0.08330141,-0.07451681,0.051511206,0.061973497,-0.10461463,0.13785873,-0.04158478,0.06453647,-0.0926166,0.21668762,0.09804779,-0.10201798,-0.06781074,-0.012174815,-0.099479735,-0.07935991,-0.12600678,-0.03555083,-0.05538325,-0.12107353,-0.11832952,-0.21842161,-0.13379665,0.103421025,-0.081516854,-0.08649016,-0.025980517,0.24296968,0.02930066,-0.08254371,-0.05162189,-0.015671484,0.14689648,-0.057965107,-0.028176446,0.028507035,-0.0038059503,0.06480807,-0.16652231,0,0.023066841,0.0022579376,-0.23560335,0.18628275,-0.01316756,0.15697429,0.16081017,0.040202193,0.115850486,-0.2129658,0.09564459,0.18733573,0.046472337,-0.09904869,-0.16333084,0.05844345,0.004774543,-0.011878233,-0.1523673,0.040457174,0.01961578,-0.2308437,-0.13656116,0.1279284,0.10424102,-0.149185,-0.09614804,-0.29628515,0.0950401,0.009996511,0.076741755,0.12799382,0.11799899,-0.031663716,0.1694512,-0.0076098237,-0.06943478,0.06641841,0.17592074,0.108466916,-0.009519633,0.115925685,0.14140315,0.053087007,-0.118452534,-0.13792178,-0.299519,0.029872,0.0070344694,-0.09011386,0.006908536,0.039463393,0.27469656,-0.2516654,0.0037494376,0.28194663,0.09695182,0.121636465,-0.039010026,0.14390501,-0.023548547,-0.15812953,0.06889555,-0.124340795,0.024902783,-0.07598002,0.1360526,0.092131466,0.066056676,-0.051023528,0.045544304,0.03846986,0.17788467,-0.12250665,0.22460303,-0.05145845,-0.12731613,0.17898802,-0.15151605,-0.0024386868,-0.058755957,0.037114438,-0.11159688,0.2063657,-0.17375073,0.21454218,-0.100917384,-0.18590945,0.025647439,-0.1520126,0.16145772,-0.06372619,0.063791335,0.13218482,0.10021724,-0.047060505,-0.120192006,0.0028049834,-0.17723534,-0.22566628,0.07955953,-0.14598525,-0.025244422,0.434409,-0.13979304,0.005602151,0.22699222,0.0078082494,0.0015183873,0.017767001,-0.14884984,0.1399793,-0.02215229,0.38611105,0.01014629,0.20856638,0.008689009,-0.0038190922,0.012187764,-6.093923e-05,0.20064045,-0.14025299,0.045769766,-0.04134296,0.046487592,-0.0025103157,0.2016163,-0.010905294,0.3082954,-0.032155115,0.016613912,0.12896979,0.008621305,-0.12283334
"(113.8455430257009, 22.60315343136165)",0.18918258,-0.20225506,-0.047061168,0.09991879,0.32197684,0.16377403,0.14955008,0.11165106,0.296171,0.16976614,0.055167295,-0.14485453,0.021164924,0.13259691,0.028338023,-0.018490192,-0.15706627,-0.2040875,0.17942725,-0.058036786,0.13609442,-0.014599813,0.08979692,-0.19693509,0.041414645,-0.039942384,-0.059195764,0.01151747,-0.07859122,0.08230667,0.048641942,-0.025762767,0.106127135,0.28332132,0.015460774,0.09110494,-0.13636336,-0.08132249,0.025785591,0.030757368,-0.09777347,-0.1908193,-0.06059985,-0.055361968,-0.008338574,-0.170345,0.0731614,0.17019536,-0.043762874,-0.0905748,0.0043291226,0.069851816,0.01896676,0.022591889,0.035706393,-0.1368519,-0.0878153,-0.10006372,0.030799761,-0.2155945,-0.24221285,-0.08667787,-0.046576448,0.28961307,0.099598184,-0.19727203,0.14647594,0.16466646,0.018111559,-0.21364893,-0.024071656,0.07391876,0.12734747,0,0.024550611,-0.039114337,0.19616333,0.11413739,-0.1691465,0.1983993,0.043911662,-0.057150923,-0.018259134,-0.16497728,-0.044542894,-0.12442733,0.09967005,-0.28892076,-0.14213458,0.14626938,0,-0.12308573,-0.09207662,-0.27715668,-0.14099342,0.013003115,-0.092033125,0.046263948,-0.09594006,0.11091529,0.29041275,-0.032889284,-0.07260518,0.06593905,-0.10266161,0.07112156,-0.020855933,0.29414085,0.102419786,0.058440078,-0.06700213,-0.16853893,0.052848198,0.11284311,0.09312066,-0.035742663,0.22521466,0.23579672,0.095083065,-0.016054105,0.20741992,0.16050321,0.17751771,0.2129543,0.017155038,0.17108926,-0.03782915,0.01783432,0.13323364,0.34836626,-0.13383093,-0.061281063,0.12271078,-0.010149144,0.067994565,0.3010366,0.15668273,-0.052619953,0.0023585372,0.14789937,0.082298115,-0.038384195,-0.17904997,-0.0106020495,-0.029052623,-0.3182068,-0.117592,0.05671041,0.09103309,0.2910958,-0.1615179,0.0066191405,0.076824576,-0.010932237,0.05634952,-0.2985843,-0.045483842,0.16727298,-0.06555917,0.26141113,-0.22851503,0.11761668,0.3350984,0.061991397,0.28788614,0.08542116,0.0826883,0.1405074,0.11405374,-0.042398088,0.057985485,-0.070497744,-0.13588154,0.025448523,-0.21517552,-0.08997154,0.06172228,0.048269827,0.04302925,-0.08988221,-0.02071154,0.053734355,0.010608848,0.21739998,-0.09046041,-0.12840809,0.07150771,-0.0026604142,-0.09573358,0,0.06589539,0.18589598,0.018549468,-0.058660675,-0.015826575,-0.033371292,-0.08241577,-0.03899937,-0.02158286,-0.1542792,-0.02528325,0.023109816,0.09289601,-0.11390591,0.051508624,0.050889358,-0.025242686,0.027255557,0.16872999,0.0467166,-0.13501243,0.01660855,-0.16523226,0.13989897,0.4344639,0.045820914,0.058209404,-0.01351247,-0.03653864,-0.02060911,0.06685054,-0.12952186,0.24742414,-0.17922187,0.03989445,-0.035149157,0.13868545,-0.0052144965,0.022697203,0.005054012,-0.10631345,0.01836561,-0.028840423,0.043042086,-0.1583525,0.036066085,-0.06398657,0.06011398,-0.040242434,0.20447648,0.11833452,-0.09215876,-0.074409395,-0.0015444756,-0.16272838,-0.08398988,-0.14059633,-0.07004319,-0.07758304,-0.15230317,-0.1127026,-0.18309876,-0.0754156,0.07199432,-0.12649399,-0.06423641,-0.042038634,0.23876622,0.09671913,-0.05036629,-0.086432084,-0.097258724,0.16603562,-0.06550502,-0.019790221,0.048201304,-0.005800009,0.080866784,-0.06871599,0,0.0007581264,0.08479041,-0.2244384,0.18790925,-0.08181693,0.12125747,0.17593795,0.005552806,0.13878122,-0.2311545,0.088277794,0.17417118,0.02635336,-0.079613775,-0.20474422,0.016003082,-0.051382516,0.0051913,-0.23639464,0.07157732,0.024485063,-0.3242489,-0.07318488,0.22046682,0.037555046,-0.06536579,-0.0731397,-0.326322,0.1372145,-0.049300812,0.053475253,0.07179493,0.12886965,-0.0911476,0.21588717,0.06851773,-0.07866348,-0.008100506,0.25692087,0.026044294,-0.033728562,0.08151187,0.14662942,0.020656599,-0.04440339,-0.19806238,-0.24987599,0.057457894,-0.026731763,-0.054001756,-0.07781468,0.049170155,0.29199898,-0.27249077,-0.10852256,0.27026054,0.16151282,0.13383606,-0.029897975,0.07267386,0.023735654,-0.1586846,0.12285666,-0.11461138,-0.022552736,-0.0009829625,0.10815561,0.029151252,-0.0102394745,-0.059565052,-0.0011014417,0.0025874954,0.17429003,-0.11172468,0.29310137,-0.057800084,-0.13164863,0.22927722,-0.1288362,-0.03711292,-0.071792826,0.02410027,-0.17705393,0.22024253,-0.206402,0.17156571,-0.11317025,-0.22804911,0.08159078,-0.16433372,0.15326372,-0.044099614,0.12584867,0.091988124,0.060819864,-0.0855998,-0.12772402,-0.06895229,-0.12843584,-0.20888586,0.110521264,-0.16600803,-0.058801517,0.41091198,-0.07592827,0.062081993,0.27617824,0.07349521,0.029618863,-0.050657045,-0.18378876,0.18147305,0.036727488,0.38357538,-0.019785888,0.19421871,0.03600972,0.026131898,0.055791497,-0.06624115,0.19890144,-0.1839006,0.08138119,-0.03613197,0.025802575,0.00066321436,0.19737339,-0.04065527,0.3245656,-0.009434085,0.0089850165,0.08536443,0.034321994,-0.17690296
"(113.84637298813875, 22.61063259090205)",0.18525979,-0.076688066,0.013753232,0.06888182,0.13451046,-0.038115937,0.019414589,0.044695877,0.12794101,0.17098893,-0.002714567,0.04520111,-0.079149745,0.01686389,-0.09158418,-0.0019836985,-0.042377695,0.02530969,0.13518293,0.13078786,0.18010214,-0.016015038,0.031285405,-0.019416869,0.03244381,-0.00010595471,0.0042295977,-0.04653583,-0.12204027,0.008157663,0.08979279,-0.008340254,0.19603282,0.2289453,0.13632455,0.026191378,-0.034423225,-0.04933597,0.059727516,0.095049955,-0.093246706,0.07331877,-0.102131516,-0.029791135,-0.055470094,-0.09618234,0.14950743,0.05805647,-0.12086708,-0.081096545,0.0055661798,0.04625962,0.0399567,-0.022032246,-0.009795256,-0.051681187,-0.06498791,-0.08126452,-0.0152019,-0.21120977,-0.1541279,-0.09318581,-0.022636093,0.17016746,0.055181213,-0.15610987,0.022834688,0.056503933,0.03071957,-0.25187972,0.065192826,0.032827727,0.11496712,0,-0.034716256,-0.036421288,0.1818776,-0.02363287,-0.21963292,0.19233984,0.02103908,-0.024703138,0.07636902,-0.22705507,-0.0187404,-0.16751903,0.09838979,-0.16100901,-0.13304204,-0.019706003,0,-0.05078122,-0.044042118,-0.03782054,0.04338888,0.048144493,-0.11751478,-0.014748171,-0.08477511,0.057233725,0.23259303,0.12143072,-0.049293663,0.102759436,0.038527325,0.07150176,0.12867132,0.27364,0.1979554,-0.098641664,0.016636439,-0.10248349,0.050906815,-0.032011725,0.01560805,0.15494014,0.15996946,0.23190665,-0.07188356,-0.08293232,0.27622586,0.10596717,0.16751581,0.13375661,0.012952754,0.10182981,-0.0044459663,0.0299782,0.06531101,0.32047692,-0.22146353,-0.04329911,0.23956832,-0.0069103166,-0.072239414,0.15463667,0.29154354,0.048105266,-0.023689281,0.056799494,0.17588337,-0.044272322,-0.034883693,-0.009868644,-0.04815223,-0.19571516,-0.052936696,0.034720752,0.21644358,0.3057137,-0.047488254,0.037941776,0.17848524,-0.06106341,0.2111117,-0.08209304,0.012076125,0.18237218,0.034114294,0.265176,-0.20468071,0.20775452,0.09246533,-0.13623025,0.16924275,-0.043634035,0.13298048,0.09005611,0.03607793,-0.14949754,0.094715714,-0.03439547,-0.031585157,-0.0134139955,-0.23507185,-0.020727053,0.11310287,0.08250614,0.03268469,-0.16618185,0.24618737,0.028267168,0.04743242,0.09569829,0.060212888,-0.23176324,0.07884379,0.08271648,0.034994137,0,-0.06932956,0.12716848,0.12071713,0.0069428165,0.11022722,-0.058019914,0.0810197,0.04691706,0.014663089,-0.10663682,0.016141875,-0.07281187,0.0202728,-0.060848065,0.0030996054,0.06503828,-0.0894735,0.123397246,0.19295001,0.10496604,-0.027117386,-0.011270585,-0.10353842,0.09677172,0.114473455,-0.035818674,0.02230787,0.14101075,-0.032008044,-0.09164059,0.066750266,-0.09582896,0.439325,-0.044056777,0.08873789,-0.018381909,0.27889878,0.012672864,0.018260665,0.009088673,-0.1471817,-0.10539495,0.07529322,0.10261149,0.04431458,0.11102654,-0.010084767,0.0985315,-0.16507937,0.2956087,0.04817981,-0.08691324,-0.035343185,0.069964826,-0.038665194,-0.029666081,-0.043494284,0.05231788,-0.05704353,-0.09090446,-0.17082793,-0.13304722,-0.14599906,0.10324072,-0.052908786,-0.0057994574,0.048186548,0.14463487,0.041876644,-0.19372594,0.0048589483,0.1100022,0.0885535,0.0017383173,0.07546227,0.028482083,0.04251638,0.01395607,-0.1528227,0,0.058670826,0.021596665,-0.13422464,0.15206265,0.043732777,0.07791475,0.17624825,0.09934193,0.05542334,-0.24582183,0.017646257,0.1095463,0.060145013,-0.084022075,-0.057552207,0.13537553,0.023697967,-0.0037807524,0.03555736,-0.06169997,-0.0056918077,-0.08352984,-0.22611493,0.015077822,0.14703462,-0.14870423,0.09977472,-0.24464265,0.03745842,0.07594192,0.13943355,0.11836844,0.050324492,-0.05904329,0.05465274,0.018405622,-0.049589407,0.12622887,0.05772647,0.11935123,0.010396939,0.16214913,0.1056332,0.11864321,-0.16673543,-0.07803423,-0.20453838,-0.008407123,-0.027221013,-0.123736456,0.08758472,0.0032781214,0.23098695,-0.1137409,0.020181037,0.16640943,0.12656814,0.07233277,-0.15280692,0.08418146,0.0167454,-0.008954799,-0.021954559,-0.108085394,-0.0051161945,-0.08172973,0.15321283,0.14236474,0.119432755,-0.029550822,0.10600241,0.031568952,0.10919053,-0.030105991,0.15878572,-0.059502915,-0.14113578,0.07731184,-0.17250228,0.13154964,0.029609628,0.120711386,0.024253473,0.04857321,-0.10159566,0.20237795,-0.062584035,-0.20700397,0.040555127,-0.16907394,0.025156908,0.033285446,-0.0024217535,0.15851074,0.10208218,0.08657603,-0.09797851,0.13591321,-0.2550942,-0.24536876,-0.094247304,-0.15927817,0.11008309,0.36805585,-0.20573841,-0.15245873,0.14684586,-0.03092667,0.027381886,0.14892288,-0.047910262,0.12641443,-0.051020943,0.27504873,0.06555219,0.23341279,0.07621564,0.0016860524,-0.08396898,0.030814689,0.10615629,0.007917561,-0.041803524,-0.017113656,0.123786815,0.0407784,0.24010281,0.08754573,0.19758758,-0.014119301,0.112963185,0.060221937,-0.036140777,-0.052255347
"(113.84664168087733, 22.641077635242343)",0.1463365,-0.023517208,-0.039921947,0.121344365,0.26987287,0.015539225,0.121912405,0.07920557,0.17677711,0.26546282,-0.03523552,-0.027826827,-0.022153258,-0.044676155,-0.04572639,-0.061686784,-0.066815004,-0.10442703,-0.020825233,-0.10970563,0.01971542,-0.07052892,0.044230193,-0.16043177,-0.015519533,-0.10575737,-0.096359804,0.033641987,-0.070194215,0.104609326,0.1298348,0.092293546,-0.17154415,0.12039181,0.15714613,0.113231115,0.052160464,-0.10137932,0.049327295,0.101607405,0.10336963,-0.021159388,-0.14465721,-0.06023214,0.08400043,-0.14173113,0.00073645264,0.004753787,-0.0805382,-0.17716324,-0.06134355,0.07881814,-0.07101695,0.121405154,0.25013024,0.096115924,0.08817077,-0.045536466,0.08409244,-0.08242684,-0.07010776,-0.071906194,-0.06504631,0.16462444,-0.019216113,-0.003552474,0.11129694,-0.014771558,-0.029469866,-0.07571359,-0.03314522,0.10642328,0.025211148,0,-0.14844818,-0.0042344816,0.16973692,0.0013913661,-0.18191211,0.090788,-0.007269893,-0.08068849,0.00044090673,-0.05320613,0.019594144,0.09745671,0.022417858,-0.23941332,-0.0318377,-0.032220826,0,0.09599618,0.06714529,-0.2064589,-0.023222711,-0.31374478,-0.05439858,0.117770895,-0.058866374,-0.040534373,-0.06961766,0.0075674653,-0.19053526,0.08580999,-0.12511739,0.18984187,0.08919084,0.19552311,0.1493928,0.095989704,-0.024585709,-0.14995694,0.09014573,0.040704977,0.0044176057,0.0013135383,0.361729,0.19420142,0.015032098,0.0353339,0.12207346,0.12718274,0.13816942,0.11586361,-0.030719126,0.10686539,-0.03342254,0.035212703,0.05889482,0.26275998,-0.042236324,0.036565058,0.11039659,-0.07727196,-0.0134017095,0.05959516,0.08435519,-0.018850703,0.29362974,0.11257774,-0.020271635,0.028504483,-0.095722824,0.21882895,-0.0022496432,-0.119849116,-0.095077164,0.060294792,0.006165985,0.21279171,0.109080285,-0.061566137,0.041868582,-0.06719741,0.053688724,-0.06964489,-0.05114711,0.111744635,0.07949079,0.22871889,-0.0627656,0.0010269657,0.24609104,0.05672552,0.22803578,0.13113374,-0.01944195,0.21091174,0.07516447,-0.016572813,0.0646688,0.20018049,0.20017554,0.09118441,0.04150525,0.028132178,0.041023985,0.012524557,-0.0065062493,0.018273681,0.09120697,-0.046557546,0.07835424,0.08372558,-0.0097574815,0.018684257,0.025990792,0.006779447,0.01865448,0,0.042761017,0.046225406,0.032241177,-0.017465807,-0.06133213,0.012012115,-0.0033444986,-0.032723866,-0.05413195,0.054426827,-0.10068188,-0.007814571,0.034256596,-0.11020867,0.0039714724,0.028830796,0.0322773,0.15421571,0.034308515,0.035397142,-0.00838694,0.24494594,-0.036663253,0.1495923,0.4612036,0.21902905,0.068067655,-0.050612725,0.065029256,-0.13674071,0.015864238,0.093836255,0.1876385,-0.03332706,0.07589963,0.21419337,-0.04563629,-0.0210235,-0.0048154294,0.0026367009,0.110691115,0.011889431,-0.12237666,-0.040816173,-0.20812577,-0.048805967,0.008153487,-0.020695407,0.043556884,0.028041191,0.15251064,-0.061625466,-0.011864899,-0.02038841,-0.08768368,0.03848134,-0.30947906,0.074319154,0.040816594,0.22351706,-0.022417098,-0.11377033,-0.005319044,0.10074408,-0.03897544,0.046991736,0.1287787,0.1471565,0.104393885,0.11949266,-0.17295662,0.061287977,0.12541579,-0.059822634,-0.028261196,-0.032795668,-0.0706078,0.27645934,-0.010662824,0,0.057992857,0.1536007,0.015507683,0.14889713,0.14030612,0.0062364712,0.2003634,-0.15316024,-0.038094923,-0.118559,0.12652007,0.099546455,-0.006778501,-0.018804684,-0.3124544,0.04888342,0.020751124,-0.018389853,-0.121420026,0.011402076,0.06510629,-0.1612587,0.08480806,0.2684672,-0.16241622,0.04094633,0.07427718,-0.08913661,0.03445799,0.065432206,-0.029026693,0.11479318,0.157484,0.042321548,0.24466842,0.06336637,-0.026604366,-0.03239234,0.26385581,0.09402687,0.030210942,-0.08001925,0.09354749,-0.04949786,-0.03482519,-0.05793608,-0.03490798,0.08809419,0.00029060617,-0.04745578,-0.045471594,0.038570922,-0.006650705,-0.10472362,0.01974418,0.1981609,0.094565265,0.090059355,0.09503732,0.043827534,-0.107626244,-0.0059289467,0.011447966,-0.044717588,0.15442838,-0.0071294233,0.08047363,0.046631303,0.036453657,-0.17494409,0.118547656,0.072377995,0.18247524,-0.026006157,0.15874356,0.020269394,0.15815446,0.19305892,-0.039633773,0.01590154,-0.13131848,0.09530045,0.020304203,0.12720868,-0.055430673,-0.011775075,-0.10700502,0.006577025,0.23555359,-0.26389897,0.12530217,0.13101009,0.07076113,0.13919888,0.09372586,-0.17993663,-0.11947789,-0.03465784,-0.01884666,-0.17992394,0.09418555,-0.018731778,-0.18432117,0.33939445,-0.025375681,0.048273772,0.3396225,0.11626883,0.008802284,-0.090951025,-0.20015581,0.15401249,0.020778976,0.28125253,0.10061851,0.20388897,0.0131533295,-0.15609422,0.035744265,-0.004204902,0.18112248,-0.046724,0.08734581,-0.0073488504,-0.1499472,0.019354116,0.2570934,-0.007566644,0.1420497,-0.011760868,0.11653106,0.16645941,-0.027774312,-0.042568043
"(113.8467410439099, 22.602230489288548)",0.20935151,-0.194644,-0.056736697,0.09706835,0.31869707,0.14541645,0.18669312,0.11619562,0.2700001,0.20880532,0.03740611,-0.1293102,-0.0017475486,0.10102398,-0.024012946,0.014971543,-0.14300536,-0.18001667,0.17654817,0.0066106655,0.14189222,-0.031338114,0.08401809,-0.15823022,0.045890685,-0.025886882,-0.0787467,0.025913991,-0.14566419,0.11130615,0.059161525,-0.0035476163,0.11070465,0.26541474,0.05992721,0.05173924,-0.17929858,-0.051646665,0.028872173,0.03507527,-0.13669497,-0.102511056,-0.06699589,-0.10753967,-0.028162986,-0.12134867,0.11573857,0.14870927,-0.0464407,-0.09982844,-0.023384824,0.07761192,0.015174016,-0.029617682,0.061639808,-0.084751174,-0.11132476,-0.113142006,-0.006386373,-0.249405,-0.26703882,-0.104643375,-0.046194635,0.2605164,0.10839927,-0.20802048,0.13482961,0.1346526,0.030681534,-0.24929146,0.0057920218,0.077658065,0.117158845,0,-0.026839113,-0.034607287,0.2380981,0.11595481,-0.18154228,0.21360418,0.04029281,-0.0742322,0.011385094,-0.19250995,-0.057319287,-0.12735084,0.09662633,-0.29762447,-0.13515928,0.1426291,0,-0.08304882,-0.11615362,-0.24442647,-0.13119015,-0.037509054,-0.07094522,0.0354902,-0.100898795,0.068278745,0.2720745,-0.016995542,-0.06875305,0.13079722,-0.017957397,0.0522428,0.00025843084,0.32400757,0.12652236,0.025746249,-0.032844134,-0.16199932,0.056753792,0.057442173,0.06400897,-0.02541104,0.25721213,0.2624711,0.07741367,-0.021203618,0.24662863,0.1157874,0.18146425,0.20562708,0.04480376,0.16680087,-0.06540464,0.022409366,0.12478262,0.40614098,-0.19973263,-0.10167223,0.15359095,-0.0053134635,0.06129481,0.24556881,0.25240853,-0.0447854,-0.016710673,0.09311733,0.08979024,-0.047221158,-0.17155412,-0.018509723,-0.015005037,-0.27546737,-0.13669126,0.120520905,0.0992935,0.34060434,-0.12622595,0.04007455,0.0724477,0.00867337,0.102932304,-0.27539656,-0.046507828,0.22252607,-0.032410406,0.2899003,-0.25490612,0.11856948,0.29180074,0.01817463,0.2821851,0.029506428,0.092048906,0.12050179,0.08163786,-0.030657912,0.044827,-0.038806856,-0.09245962,0.023832753,-0.17095315,-0.053295195,0.110620886,0.06810201,0.015834704,-0.087406546,0.034594677,0.08549971,0.016355138,0.21103242,-0.08135996,-0.14482339,0.095467344,-0.0017467942,-0.08828202,0,0.053328287,0.22506076,0.006621469,-0.06498035,0.02743309,-0.095681705,-0.029257722,-0.035152145,-0.03692239,-0.10334986,-0.05417189,-0.002770245,0.074859984,-0.11899533,0.06870933,0.063107416,-0.06882049,0.051499054,0.16566816,0.034167692,-0.17261021,0.036691353,-0.19740993,0.13332973,0.375041,0.039631955,0.059604198,0.004045978,-0.02938909,-0.030131213,0.08898911,-0.14089832,0.30043596,-0.1879291,0.018205855,-0.0436624,0.18854454,0.0060554147,0.02389142,-0.009328939,-0.04414552,-0.052561197,0.0022045088,0.054080628,-0.14508688,0.10206397,-0.049632553,0.0636902,-0.07528798,0.20803371,0.1244081,-0.098050036,-0.07689902,-0.046053022,-0.11364061,-0.10079809,-0.15735462,-0.05462991,-0.061009623,-0.13376795,-0.108722694,-0.23775917,-0.110713944,0.096925974,-0.09244827,-0.09066848,-0.034393787,0.23192422,0.051110253,-0.046807148,-0.08650611,-0.04738433,0.16496958,-0.07415935,-0.041687135,0.008014027,-0.008174434,0.081358284,-0.14102188,0,0.0069088414,0.023792611,-0.25402328,0.21320221,-0.03160833,0.1570943,0.16470243,0.030323219,0.12217546,-0.19540378,0.11144516,0.20923236,0.03229353,-0.113921925,-0.19183956,0.036433533,-0.018052684,-0.006239403,-0.19260213,0.061409883,0.026714254,-0.3048441,-0.102015525,0.21316534,0.053891256,-0.13241193,-0.09662185,-0.33124802,0.11813359,-0.0045730807,0.06633561,0.113676906,0.14007986,-0.042505965,0.20053682,0.010616487,-0.09786601,0.043762747,0.21580483,0.061984323,-0.0219081,0.081293285,0.14362296,0.06367467,-0.103424385,-0.17537448,-0.27726725,0.046233937,-0.018462505,-0.08234639,-0.010612056,0.04427532,0.27121705,-0.2730214,-0.042410098,0.3051504,0.13528395,0.12905703,-0.0053601125,0.1337257,-0.016291637,-0.17217226,0.09726352,-0.12760258,-0.0011378452,-0.07029064,0.1285061,0.0701514,0.04797647,-0.047885336,0.035460226,0.038653977,0.18499215,-0.1327688,0.25518763,-0.05389151,-0.12546302,0.21046534,-0.145219,-0.04214194,-0.08433154,0.020166408,-0.14449877,0.24582541,-0.19933459,0.21295652,-0.12547654,-0.17084946,0.044327624,-0.17019384,0.17801598,-0.0674372,0.07438457,0.12938294,0.087552406,-0.09244135,-0.1440119,-0.024049442,-0.15888196,-0.23716383,0.09812511,-0.14917777,-0.05580367,0.4447468,-0.116848744,0.03313999,0.25702098,0.032493543,0.012335051,-0.021678489,-0.14230397,0.15664053,-0.011534013,0.39765579,-0.0026872456,0.21290858,0.012116797,-0.010768651,0.067576826,-0.027427401,0.20908475,-0.16766414,0.056974202,-0.02424746,0.0015162602,-0.002177923,0.20844176,-0.009487515,0.32181615,0.0020362139,0.009990435,0.1471932,0.012008507,-0.12358347
"(113.84877022572708, 22.703068574108467)",0.13603055,0.005208181,0.009518225,-0.070011675,0.05942211,0.005335983,-0.17127141,0.05254854,0.068915755,0.16173993,-0.0641548,-0.008784607,-0.15809679,-0.07699703,-0.38910416,0.12657028,0.18899384,0.22295406,0.22663401,0.39382327,0.3259471,-0.033235937,0.08716705,0.17076045,0.013296913,0.15852676,0.17561734,-0.0026493995,-0.27275217,-0.13079023,0.034556508,0.08254799,0.641702,0.120418705,0.26037267,-0.340299,-0.05842463,0.032892227,-0.04170393,-0.061961014,-0.4231493,0.5337704,-0.15564948,-0.2986677,-0.2565495,0.19899936,0.27356172,-0.09061514,-0.2984886,0.046348676,0.024060369,0.108488455,0.09165041,-0.2792802,-0.25194272,-0.10627438,-0.32139686,0.0833573,-0.32702985,-0.23146194,-0.017934214,-0.07253029,-0.019043345,-0.05685638,0.16287851,-0.40194517,-0.057072535,-0.053211875,0.2135579,-0.37155056,0.21298301,0.01099127,0.103134096,0,-0.08371999,0.03281801,0.13271008,-0.031975336,-0.30078378,0.08617582,-0.01598059,0.08050072,0.22256415,-0.33221692,-0.067433104,-0.3656908,-0.08321713,0.16812369,-0.14758557,-0.097791664,0,-8.0011785e-05,-0.03253057,0.21722068,0.06304887,0.39587185,0.021319512,-0.11972158,0.027137795,-0.0047432296,0.3439479,0.25265625,0.052403513,0.11560701,0.42441833,-0.11286582,0.30346268,0.37320325,0.2064536,-0.35453466,0.2894091,0.010490075,0.042817615,-0.26568475,-0.23642263,0.28722012,-0.14922355,0.18928489,-0.27421495,-0.2832036,0.4614662,-0.09416571,-0.031017002,0.13984239,0.26266414,-0.0018150508,-0.042452108,0.07562356,-0.051734067,0.30572927,-0.47505382,-0.26877195,0.5226605,0.08444838,-0.05053559,-0.17359413,0.7392419,0.09087579,-0.359481,-0.12141395,0.44923344,-0.042275514,0.16636778,-0.23191065,-0.051263116,-0.04990916,-0.00034091063,0.23128708,0.49428004,0.43181548,-0.12986515,0.17944023,0.517811,0.06359778,0.45504564,0.07394615,-0.14290491,0.4166045,0.09071643,0.15230325,-0.30057392,0.5090511,-0.21094118,-0.34001535,0.06162852,-0.13806126,0.42713025,-0.27449596,0.052579477,-0.28973958,0.05778855,-0.17250082,-0.23235819,-0.20209974,-0.18229206,0.1994502,0.21011655,0.2062667,-0.07337197,-0.2987762,0.54046863,0.14839226,0.08611104,-0.062187746,0.20331171,-0.39347225,0.008977801,0.13423583,0.018578582,0,-0.17517878,0.22567338,0.20027229,0.16512635,0.4950872,-0.2469343,0.26089454,0.078389056,0.11140467,0.0018289611,0.17266479,-0.16879398,-0.09706748,0.10032439,0.26068678,0.1814863,-0.2318374,0.08221346,0.2719925,0.14923005,-0.020402461,-0.069372125,-0.10292655,-0.07877076,-0.42363247,-0.34663087,-0.013255188,0.35221338,-0.10334175,-0.16381423,0.2335141,-0.3399752,0.64787006,0.034385826,0.12562759,-0.20365547,0.5669438,0.08730763,0.14383368,0.029632635,0.105410874,-0.3637116,0.2721535,0.3987006,0.35940367,0.34886438,0.013453495,0.31238782,-0.55600005,0.42605108,-0.10106773,-0.07018686,0.010543453,0.101327285,0.25693733,-0.2879505,0.0362909,0.12448093,0.00021611899,-0.44972247,-0.23843509,-0.37722746,-0.20916091,0.124617174,-0.0041343495,-0.0062402114,0.14557174,-0.058488354,-0.21729074,-0.38027054,0.09097413,0.39653262,-0.05979935,0.059895717,0.15338163,-0.14000276,0.33282605,-0.21953091,-0.41540593,0,0.1292727,-0.24617845,-0.28457904,0.14227647,0.27989793,0.12542526,0.08824642,0.28468174,0.1554777,-0.069013566,0.091389604,0.26534578,0.23245138,-0.17852353,0.38474086,0.1804949,-0.10347757,0.0426326,0.43427476,-0.20878653,-0.13997425,-0.0655257,-0.68580353,-0.044381283,0.42199954,-0.27660426,0.24830408,-0.24528731,-0.025538893,0.33990374,0.27450588,0.07256629,0.01073407,0.1596563,-0.0974098,-0.29770008,-0.23488247,0.44065598,-0.2997119,0.10903735,0.06692204,0.52556765,-0.020202778,0.5137434,-0.35124886,-0.0032799616,-0.19337255,-0.28817728,-0.21891946,-0.361017,0.4588465,-0.12432963,0.19352338,0.14025903,0.20922616,0.20874175,0.059428774,0.015352905,-0.12105007,0.12394789,0.013973933,0.06803484,-0.074708834,-0.059612177,-0.19742656,-0.31606343,0.21918254,0.3656243,0.4336213,0.307678,0.30835885,0.14656074,0.10916887,0.010339575,-0.013773009,-0.10232139,-0.49709007,-0.16552056,-0.23936638,0.20986845,0.3444974,0.18963969,0.27909797,0.070275515,-0.044913642,0.61195135,-0.011410192,-0.1126775,-0.30551708,-0.080282524,-0.11735319,-0.013611665,-0.17739919,0.27098382,-0.007696569,0.26586646,-0.040981755,0.5635998,-0.42487964,-0.35921472,-0.40272143,-0.06765915,0.23075569,0.32937187,-0.36998025,-0.55033475,-0.20060965,-0.17149082,0.06355129,0.55285764,0.22811754,-0.0148441605,-0.21222842,0.3114861,-0.0143369585,0.29426718,0.16386412,0.16833176,-0.15066579,0.1076196,-0.05540388,0.27485073,-0.25634503,0.023915172,0.24167919,0.21809423,0.06683326,0.5495085,-0.022624657,0.18943585,0.100538194,0.21036166,-0.07561534,0.28870377
"(113.84998576737696, 22.61167942720019)",0.1645334,-0.09160064,-0.049692947,0.06548166,0.2081205,0.05285191,0.09673925,0.08297333,0.17904095,0.1932135,0.005098149,-0.056040805,-0.09430349,0.02735354,-0.09063906,0.025943357,-0.055742785,-0.0750101,0.09747279,0.0069634803,0.06285528,-0.028214514,0.062723905,-0.06267427,0.053987976,-0.03297107,-0.04893019,-0.0036295662,-0.11392921,0.07809699,0.08710815,0.03360103,0.032883786,0.17033377,0.121801704,0.03487365,-0.047031954,-0.08521859,0.00089689717,0.07087716,-0.04869052,0.05100245,-0.10047069,-0.09197635,-0.00071337074,-0.035492055,0.0980898,0.0457658,-0.05187788,-0.052255213,-0.04580903,0.0819199,0.0029368773,0.010429926,0.100369565,0.015394788,-0.040664863,-0.049793027,-0.002393987,-0.21089754,-0.17657608,-0.08037625,0.0031422265,0.14870203,0.073738664,-0.1601184,0.12179978,0.03688022,0.042401407,-0.20296465,0.0020921156,0.10123239,0.08389065,0,-0.08481308,-0.04323945,0.22190176,0.07245571,-0.13240728,0.13405451,0.049949687,-0.050539933,0.06289069,-0.18403327,-0.029887911,-0.060664296,0.056022793,-0.20136246,-0.079757996,0.044261456,0,0.023525305,-0.03054963,-0.06815656,-0.050248545,-0.07813499,-0.0577958,0.06798446,-0.048372664,0.03867205,0.14221516,0.011396162,-0.0659415,0.12705614,0.0043370426,0.06873576,0.058490515,0.25128672,0.12933023,0.019863315,0.034528214,-0.11271935,0.05239881,0.038525645,-0.0059241205,0.085792154,0.19986366,0.2316821,0.005103521,0.0032621417,0.25156742,0.09789778,0.14100417,0.1298908,0.028468052,0.108032584,-0.07874991,0.037915755,0.092156686,0.31168577,-0.18966827,-0.0907851,0.17680015,-0.0073772,0.01394254,0.08290688,0.26292378,0.045148503,0.04748151,0.05638387,0.087905675,-0.023010358,-0.025599748,0.03351737,0.016823947,-0.15387776,-0.09197765,0.070047215,0.08971955,0.30212766,-0.023157727,0.029565163,0.124533445,0.017534554,0.20992905,-0.08433474,-0.002448514,0.19603673,0.049641944,0.24848796,-0.16370782,0.14534868,0.18905044,-0.0197017,0.2003847,-0.01046822,0.08505449,0.14657106,0.032374248,-0.06697375,0.057607904,0.027803538,0.03689322,0.017825112,-0.08219236,0.016427442,0.11847995,0.05518839,-0.022907339,-0.045098662,0.12575923,0.045025907,0.04031826,0.14366522,0.04087808,-0.13871641,0.072849475,0.03870719,-0.00828813,0,0.006166782,0.12801367,0.058872886,-0.015588073,0.056633092,-0.029382838,0.08654003,0.041240953,0.009252157,-0.02861531,-0.075137705,-0.046179354,0.027810674,-0.06647306,0.033453673,0.055032656,-0.007823944,0.099972725,0.13611862,0.05307764,-0.06360951,0.06981545,-0.09754476,0.13697933,0.26552704,0.06412473,0.062373944,0.01797226,-0.0052231774,-0.09965826,0.041268725,-0.053076185,0.3207388,-0.057450358,0.028967608,0.021415405,0.12380566,0.044388138,0.02360659,0.010048442,0.032715622,-0.048778865,-0.018182846,0.059577987,-0.073017865,0.05494207,-0.004500907,0.04753588,-0.111300126,0.21116179,0.15497525,-0.06305703,-0.013750253,-0.03836534,-0.01192661,-0.013710052,-0.17740141,0.03676072,-0.05017884,-0.0005529076,-0.11059893,-0.19094527,-0.10635488,0.12054827,-0.010781646,-0.027155407,0.071161754,0.117425,0.045676395,-0.03649219,-0.05419185,0.09151586,0.116643906,-0.028050661,-0.011301462,-0.014838908,-0.01608038,0.05843085,-0.11403461,0,0.05261585,0.0024945308,-0.1543765,0.16928747,0.038701624,0.11057136,0.16432604,0.06390138,0.044747315,-0.1335913,0.07961899,0.14735508,0.046366926,-0.09382698,-0.140026,0.08179039,0.004456558,0.011670429,-0.03634794,0.0008371342,0.023986045,-0.18481737,-0.06362498,0.21141817,0.023574345,-0.100766115,-0.0063545387,-0.22015134,0.042282477,0.06386662,0.071945116,0.114094675,0.122646764,0.026481971,0.134654,0.004501825,-0.07375166,0.06526443,0.13945664,0.05998771,0.01157416,0.078947514,0.11643272,0.13810937,-0.09329249,-0.11882258,-0.12879577,0.04057157,-0.0065037943,-0.1005425,0.026007436,0.016506266,0.15224344,-0.12157682,0.019594766,0.21382552,0.1590665,0.046358153,-0.016497152,0.13388088,-0.055708576,-0.03632398,-0.002771534,-0.10447948,0.011049069,-0.07761204,0.12836285,0.12346341,0.115419544,-0.067921996,0.10466323,0.042342253,0.12758079,-0.05983778,0.14343987,-0.024968185,-0.10237953,0.12711018,-0.12704258,0.001711972,-0.05991823,0.05279391,-0.00402084,0.1276862,-0.1120419,0.133957,-0.08764709,-0.062543266,0.05036614,-0.17169827,0.0995489,0.0068800095,-0.010373758,0.14934376,0.08078898,-0.054941542,-0.1158392,0.04885148,-0.14919455,-0.21710189,0.0011148378,-0.0742222,-0.0116344355,0.34148076,-0.15762854,-0.08124471,0.19939345,0.04650523,0.01771376,0.042509843,-0.07955442,0.14553654,-0.038696267,0.2937553,0.09707473,0.16036598,0.06526471,-0.084636845,0.08564222,-0.008733504,0.16104129,-0.03474787,-0.0014014989,-0.0014370978,-0.0054111034,0.04123182,0.23079418,0.071948186,0.20958972,0.060746893,0.056441005,0.161861,-0.019347169,-0.032463036
"(113.8503444611576, 22.60574854075132)",0.16840181,-0.18255588,-0.08425272,0.07556553,0.2994625,0.1655857,0.15859495,0.12374441,0.27161765,0.20268692,0.037056424,-0.16549942,-0.07813622,0.09433412,-0.06461533,0.0177879,-0.122636095,-0.17777386,0.16572082,-0.041913655,0.1262793,-0.0113722645,0.09920787,-0.16163358,0.05328835,-0.035633236,-0.050330825,0.019818425,-0.14821702,0.10197913,0.061389282,-0.0010347739,0.07566085,0.24547088,0.074949965,0.046602853,-0.14216927,-0.088420674,0.013706069,0.01775609,-0.11036388,-0.06592365,-0.07719833,-0.13112807,-0.024092749,-0.07869018,0.10950747,0.121585,-0.04627823,-0.06438917,-0.042527735,0.086942695,0.0046736673,-0.019640252,0.10360064,-0.06150833,-0.114785805,-0.0923092,0.004531957,-0.28225312,-0.25656864,-0.09469287,-0.0117682405,0.22857605,0.117163196,-0.22561875,0.17789052,0.10596801,0.05220028,-0.22868252,-0.00876493,0.103936836,0.1113198,0,-0.05155527,-0.04020961,0.22880265,0.11914825,-0.17419712,0.19400507,0.041454654,-0.067634456,0.012195032,-0.18515353,-0.072076485,-0.12838994,0.08043225,-0.25250983,-0.13595247,0.12418496,0,-0.03464687,-0.08459035,-0.21507312,-0.15315971,-0.031191047,-0.0535436,0.052644208,-0.08981364,0.091162816,0.24384627,-0.035342768,-0.072169885,0.12312211,-0.024920508,0.044267192,-0.00013700128,0.30793783,0.11682669,0.048565134,0.022005316,-0.17525989,0.041277923,0.0633207,0.013742335,0.0168861,0.224633,0.25312158,0.075751536,-0.008671869,0.2868482,0.12530565,0.16221808,0.19925971,0.06940422,0.15592523,-0.09649417,0.030192928,0.11084856,0.37028936,-0.19439371,-0.131067,0.1984331,-0.006503932,0.084397785,0.18309508,0.2612325,-0.021145795,-0.026666027,0.091146216,0.0752227,-0.034013946,-0.13640276,-0.0057946816,0.02941665,-0.27519724,-0.12527665,0.09623723,0.090243995,0.36393532,-0.15436481,0.026786998,0.108088866,0.024891809,0.16375029,-0.24305567,-0.06631264,0.23292011,-0.02494923,0.2624607,-0.2564975,0.14504558,0.30030712,0.04176567,0.2828402,0.020027408,0.105497375,0.12856813,0.059536546,-0.045338728,0.038353384,-0.040570527,-0.07098809,0.007524088,-0.11930399,-0.041277297,0.11088766,0.06813294,-0.028081484,-0.05298339,0.039091066,0.086285986,0.009806771,0.18494563,-0.050355576,-0.1356786,0.08561407,0.0015806276,-0.07855776,0,0.053429093,0.17543691,0.03431736,-0.045420244,0.039546333,-0.08655929,-0.001474157,-0.014842413,-0.019450292,-0.06800291,-0.05239597,0.0076755285,0.06209844,-0.090362765,0.07247482,0.07376848,-0.03447114,0.03794244,0.17745826,0.020008516,-0.14336349,0.050713994,-0.16089013,0.14465345,0.374339,0.055364475,0.07668224,-0.0027543306,-0.0044108555,-0.07176675,0.06816195,-0.1334063,0.29762137,-0.17713308,0.026806552,-0.034249052,0.15921474,0.03691688,0.019346662,-0.00014496595,0.018317658,-0.037886377,-0.048933964,0.059073336,-0.13432479,0.07078998,-0.04465792,0.07298565,-0.09549376,0.20710415,0.14126164,-0.08321523,-0.06900336,-0.061497346,-0.08783415,-0.09365568,-0.19073609,-0.040311303,-0.07897105,-0.120153025,-0.11645719,-0.23542494,-0.09990518,0.11366712,-0.065012895,-0.06793667,-0.010917306,0.18663476,0.05325859,-0.021043755,-0.09742064,-0.02100166,0.16900161,-0.05831196,-0.035013307,-0.01904418,0.012662403,0.079377875,-0.11175098,0,-0.0017823651,0.0039769206,-0.2540561,0.23890549,-0.043448657,0.15618074,0.14884032,0.06477758,0.10643444,-0.15622473,0.1262726,0.22238559,0.049218968,-0.12201932,-0.1613498,0.03193975,-0.04080898,0.009049911,-0.13120717,0.05739493,0.022909481,-0.31525642,-0.06006962,0.28020272,0.01280608,-0.11775822,-0.07268118,-0.3287677,0.11619276,0.019434549,0.057415925,0.11147091,0.14579132,-0.018049508,0.2155863,0.016275866,-0.118059546,0.044056434,0.21706367,0.039358735,-0.016912874,0.0781018,0.14354375,0.13316564,-0.119755164,-0.18499954,-0.22013283,0.033295512,-0.050347786,-0.09070008,0.0018397123,0.03220651,0.23599453,-0.23584846,-0.054607652,0.30262175,0.1706784,0.12259549,0.0055309003,0.12732601,-0.011225197,-0.13076563,0.07351935,-0.1162765,-0.03513413,-0.08138951,0.12735152,0.089212835,0.06938461,-0.0394893,0.054547735,0.03363864,0.17902398,-0.13036197,0.24329619,-0.053932235,-0.14679967,0.19279693,-0.14723815,-0.04148516,-0.07991202,0.016743105,-0.113943905,0.23435831,-0.20943016,0.20136134,-0.12791964,-0.12064393,0.034275956,-0.17245927,0.13667709,-0.047947653,0.043737307,0.14031695,0.06328876,-0.073877394,-0.16506049,-0.009180818,-0.15149269,-0.24677964,0.085116066,-0.13627155,-0.06407897,0.40890864,-0.1337121,-0.011994064,0.24515246,0.04475796,0.033632014,-0.022384997,-0.10828644,0.1699541,-0.0046678856,0.37667295,0.023361169,0.19672419,0.046357796,-0.055761836,0.10132046,-0.050824467,0.21333885,-0.12062259,0.02528666,-0.0042111576,-0.028055452,0.026567034,0.21607597,0.047860675,0.29867458,0.06963647,0.016920943,0.16401997,0.016369928,-0.08121996
"(113.85038551890284, 22.596264891642544)",0.17706504,-0.16873547,-0.075230695,0.11941189,0.34218675,0.16628124,0.22500862,0.1143485,0.2651894,0.2250048,0.029298939,-0.12234828,0.051959097,0.115733095,0.013124406,-0.01611616,-0.14202233,-0.20319006,0.1454861,-0.032487225,0.07549631,-0.030746643,0.069554545,-0.1781402,0.041809257,-0.05044428,-0.11667647,0.059661947,-0.09180221,0.12979075,0.0654177,0.013433754,-0.005312793,0.22389278,0.042298496,0.08149079,-0.14638743,-0.04730852,0.022115555,0.026334234,-0.08017627,-0.14815581,-0.0681418,-0.057792462,0.021880455,-0.14412321,0.07578947,0.12142104,-0.006670676,-0.11591995,-0.04317972,0.0809694,-0.013461556,0.027663894,0.075027175,-0.040322874,-0.05607918,-0.0739722,0.035387386,-0.19736552,-0.2521091,-0.097620025,-0.05931815,0.24630539,0.07581106,-0.12902454,0.13669528,0.1288344,0.00085551664,-0.18168654,-0.042471983,0.109662764,0.08587292,0,-0.07206381,-0.033715334,0.21634987,0.12809831,-0.12959962,0.19190589,0.070541635,-0.079858914,0.008268412,-0.16455808,-0.033927,-0.021060027,0.09254722,-0.33633354,-0.110873364,0.1375556,0,-0.069920726,-0.09884486,-0.2470576,-0.13743433,-0.111514166,-0.05478728,0.07044576,-0.06967052,0.04100463,0.21547952,-0.06944003,-0.05433553,0.122545734,-0.06365689,0.07300779,-0.010277659,0.28301623,0.09326796,0.076232046,-0.07230171,-0.16857359,0.045575283,0.09263433,0.10582373,-0.047079697,0.3218724,0.2718116,0.12478525,0.032419384,0.20124824,0.14075913,0.1954205,0.22519541,0.008621002,0.13891065,-0.071432754,0.018393926,0.14549106,0.3580976,-0.13863793,-0.06278397,0.051931396,0.008619126,0.05592276,0.24656074,0.1508863,-0.036661897,0.064051054,0.105501965,0.011384856,-0.03442842,-0.15695569,0.03526654,-0.0043230057,-0.25625607,-0.13767084,0.07961123,0.020495087,0.2992007,-0.044141512,0.031658888,-0.028478876,-0.0014192909,0.041165356,-0.24709216,-0.0065955296,0.15119949,0.024219848,0.29095757,-0.21970984,0.0649699,0.29862607,0.08294274,0.27028266,0.08993951,0.0022071581,0.19066559,0.04888639,0.013352143,0.031704,0.043418974,-0.075200096,0.07309789,-0.13994876,-0.06967953,0.09770186,0.03074294,0.0050351247,-0.0031314977,-0.030701563,0.08045634,0.016489398,0.2346903,-0.096326105,-0.09932637,0.09207995,-0.03304869,-0.084307775,0,0.0860367,0.18287843,-0.02224216,-0.068960786,-0.06661646,-0.047893718,-0.05819331,-0.024139307,-0.076814994,-0.10121515,-0.09595082,0.02637481,0.08211376,-0.13054055,0.023460835,0.03316222,-0.020436108,0.06409084,0.12357334,0.020253802,-0.16732217,0.06988587,-0.13322687,0.16433881,0.43273744,0.091038674,0.06943329,-0.041353874,-0.021264441,-0.02594927,0.04705723,-0.09766545,0.19384032,-0.1547481,-0.0114782415,0.028265685,0.09923451,-0.03011545,0.032760248,-0.016974725,-0.010793056,-0.022913482,-0.032556858,-0.0077196937,-0.2043607,0.0718966,-0.051209573,0.0034514964,-0.012833059,0.1295366,0.10771471,-0.10777097,-0.056343652,-0.08463934,-0.1409069,-0.035146587,-0.21758056,-0.048194986,-0.05975672,-0.051447153,-0.06917036,-0.20054474,-0.09216897,0.09723229,-0.07164214,-0.08025011,-0.017287455,0.23014987,0.0679456,0.01553347,-0.10313935,-0.07424045,0.19067623,-0.0769982,-0.07495844,0.016641501,-0.081665486,0.123199806,-0.07604481,0,0.0013226122,0.07049857,-0.18374223,0.1672994,-0.04174009,0.15468036,0.16756375,-0.018534344,0.12511039,-0.17769283,0.11267461,0.16798586,0.01264064,-0.09566939,-0.24576516,-0.009145069,0.0057364986,-0.015617613,-0.23283935,0.09249729,0.024196569,-0.28332186,-0.01184839,0.24955082,-0.015836895,-0.07697409,-0.1273518,-0.28430653,0.096056476,-0.02421027,0.02456217,0.14486527,0.15072736,-0.021714672,0.24191664,0.03955043,-0.07509869,-0.029691117,0.2731148,0.035138264,-0.037430916,0.011799488,0.16199169,0.021985112,-0.020260334,-0.18243787,-0.24373624,0.0937756,0.019834306,-0.028326184,-0.099722326,0.05496151,0.2404583,-0.26790008,-0.03196507,0.28724843,0.14003605,0.12353563,0.025530381,0.13435313,-0.046338473,-0.13406715,0.074685544,-0.08398143,0.06649547,-0.04047185,0.113811105,0.051448356,0.008380316,-0.095784575,0.017223276,0.03594377,0.17421657,-0.14104047,0.22101091,-0.022669196,-0.047184717,0.2583526,-0.107899174,-0.06516054,-0.11175883,0.015344601,-0.17190921,0.22092682,-0.16454569,0.11860528,-0.12280236,-0.13539876,0.07267281,-0.16574657,0.20408848,-0.059938736,0.088901564,0.09747582,0.06375333,-0.157391,-0.1316618,-0.09949577,-0.07786609,-0.2036109,0.1581952,-0.11934496,-0.13449755,0.40897653,-0.054535873,0.075309366,0.30023837,0.08982378,-0.0034114383,-0.08315788,-0.18286893,0.16465354,-0.0006947294,0.36244926,0.022661261,0.19195972,0.0099341795,-0.05769384,0.09415765,-0.06276242,0.26122203,-0.20613433,0.073464036,-0.04782185,-0.014473669,-0.050215855,0.20956309,-0.056025386,0.32563326,-0.013340943,-0.0021234564,0.13741717,0.04102191,-0.15505204
"(113.85106276088754, 22.58868730330571)",0.21996304,-0.026282249,0.01680233,0.114772506,0.2100309,-0.05732176,0.16625407,0.06001856,0.12412545,0.2180612,0.0017624572,0.14217192,0.034110934,-0.020193268,-0.04956241,0.034928415,-0.037843302,0.013716273,0.08780107,0.22185083,0.041119523,-0.09122202,-0.013347629,0.02635184,0.02217153,0.025547527,-0.11579695,0.04145143,-0.146173,0.06299629,0.063905686,0.07060914,0.12257228,0.093363814,0.11542047,-0.04450001,-0.12684557,0.031119242,0.011020463,0.09195358,-0.15238336,0.13440117,-0.06862195,-0.045169353,-0.030848742,-0.057173885,0.120197564,0.023904648,-0.06191472,-0.11774425,-0.019925177,0.07982433,0.01653577,-0.052641362,-0.03987149,0.048819046,-0.0077985665,-0.057037704,-0.07936187,-0.11579486,-0.16397206,-0.09674901,-0.048193622,0.11326106,0.035383865,-0.07135548,-0.05864601,0.04957209,0.025457729,-0.21820661,0.060232557,0.07984248,0.070587784,0,-0.081814565,-0.050799,0.21219067,0.03991296,-0.12995729,0.1398359,0.09154919,-0.029469639,0.17299724,-0.23462369,0.020053733,0.038704835,0.08220911,-0.26824373,-0.069911264,0.08435224,0,-0.02910889,-0.10568892,0.0058703218,0.060725782,-0.13552296,-0.07846432,6.185472e-05,-0.021680867,-0.041266795,0.14829817,0.063653015,0.032348152,0.16673493,0.11972746,0.048264533,0.14413881,0.29675898,0.14240856,-0.06811553,-0.06421733,-0.029532146,0.09181345,-0.053987674,0.065426804,0.041885287,0.29236013,0.28275886,-0.01976389,-0.04563184,0.16171552,0.022713257,0.1683341,0.1578829,-0.004482737,0.09763405,0.0038789995,0.03190586,0.09131489,0.38169304,-0.29027447,-0.055150673,0.021855414,0.01999674,-0.109496504,0.11805641,0.31665814,0.010269742,0.081079386,-0.0138526205,0.15995134,-0.035602864,0.03300771,-0.031346314,-0.074588545,-0.116169035,-0.115901046,0.1557684,0.16077538,0.24300686,0.13883153,0.12638548,0.047564134,-0.011183843,0.10340044,0.026798848,0.1422578,0.16228184,0.13039765,0.29964387,-0.17749658,0.12910226,-0.0022039637,-0.16062778,0.1363964,-0.04360816,0.047085747,0.1276238,-0.025976375,-0.033449948,0.06980011,0.094712004,-0.011723474,0.09476983,-0.17505063,0.049173184,0.14893527,0.07493695,0.066507064,-0.10041464,0.23085268,0.056512408,0.09653211,0.19620132,0.03384509,-0.20116834,0.13280806,0.055452354,0.09110946,0,-0.009823948,0.20569858,0.0012810398,-0.017472459,0.0712397,-0.0068446565,0.1183331,0.041225858,0.006959621,-0.09171224,-0.11630586,-0.09670147,0.03016848,-0.17746021,-0.0055351704,0.045576513,-0.07487364,0.16067185,0.09710371,0.121200114,-0.15088947,0.08490763,-0.09136692,0.07147521,0.08590341,-0.036680236,0.031504616,0.064313695,-0.034154274,-0.0065454915,0.089579284,-0.014284154,0.32039702,0.0046740435,0.009014789,0.0116087645,0.2381075,-0.06391337,0.09566723,-0.01318229,-0.0766816,-0.12926406,0.16671224,0.03701125,-0.03216224,0.21505903,0.0071339644,0.01211343,-0.11249752,0.19483283,0.07836978,-0.1106263,0.0018300731,0.0053232983,-0.007287029,0.051663466,-0.113395676,0.059736982,-0.006827645,0.03985648,-0.09678995,-0.18765226,-0.16714399,0.115430854,-0.011454746,-0.05966223,0.061706237,0.18990272,-0.02486211,-0.108605765,0.02673082,0.12561491,0.094388545,-0.023797393,-0.03216851,0.039889377,-0.075609356,0.032446697,-0.22750354,0,0.10562876,-0.030686868,-0.116205044,0.052552223,0.104282066,0.13223433,0.16532227,0.03712974,0.0774777,-0.19636339,0.055033337,0.09609486,0.05589384,-0.06662209,-0.14398363,0.09766652,0.09656754,-0.022682326,-0.056160823,-0.02630469,-0.006395068,-0.013461329,-0.17891097,-0.023421995,0.16823563,-0.16467187,-0.108657986,-0.123896256,-0.005423801,0.06760992,0.08489862,0.18201813,0.10181395,0.07545777,0.072582066,-0.07557208,0.007225547,0.11133292,0.081838,0.20066732,0.055533927,0.1634621,0.11762347,0.02390088,-0.06946699,-0.03242474,-0.27804536,0.025820091,0.12114331,-0.09930563,0.026182309,0.016338147,0.18830177,-0.11555309,0.17643395,0.18805335,0.0046829805,0.035827085,-0.05413723,0.19094539,-0.13094619,-0.071177825,-0.04397542,-0.088995956,0.15770032,-0.08604577,0.15165809,0.14445017,0.13449681,-0.101035014,0.107530795,0.07164252,0.14799148,-0.06380241,0.079940155,0.0003517121,-0.049149554,0.09946078,-0.1317822,0.050638642,-0.011340808,0.08132662,0.011762455,0.09666582,-0.03533774,0.15258949,-0.035045266,-0.13163032,-0.004952006,-0.11827482,0.16118643,-0.031416498,0.0021403115,0.13006718,0.1253491,-0.036976725,-0.028653428,0.06567763,-0.15037362,-0.16810317,0.045699514,-0.05632227,-0.0025699306,0.36045155,-0.154741,-0.06979135,0.16397013,-0.0038690083,-0.042700883,0.09771235,-0.16436504,0.089740336,-0.07668612,0.32149282,0.09225613,0.17169498,-0.0042134,-0.036256447,-0.048173815,0.057967354,0.18773282,-0.05461829,0.030810907,-0.08698167,0.12036673,-0.005543492,0.19593234,-0.009079708,0.22115906,-0.098829955,0.031558637,0.13701591,-0.029671244,-0.09420564
"(113.851795662074, 22.57785604822808)",0.17008397,-0.046023473,-0.020902533,0.10324348,0.17282619,-0.039044145,0.22035249,0.07914313,0.1831674,0.1834053,7.443875e-05,0.11708224,0.031361327,0.024824388,-0.07711585,0.029363606,-0.04926747,-0.05839441,0.15621068,0.19663633,0.16539592,0.00035038078,0.09948752,-0.041688755,-0.040271807,-0.034910526,-0.022993185,0.07083791,-0.07518165,0.054559104,0.076391205,0.07501818,-0.0067973956,0.22335938,0.10216265,-0.035674386,-0.09725975,0.097695835,0.070048645,0.05814349,-0.19367671,0.079993136,0.01800014,-0.044878546,-0.041723028,-4.3479726e-05,0.16084532,0.06485444,-0.035597682,-0.11641021,-0.0006558001,0.025869178,0.07928354,-0.11392388,-0.009688504,0.056251805,-0.04653176,-0.098484196,-0.14463873,-0.17890376,-0.17312984,-0.09289704,-0.0913686,0.16273776,0.044993296,-0.12256118,0.03162701,0.009362128,0.022508942,-0.17245959,0.045178063,0.024113463,0.062118545,0,-0.026040247,-0.014350783,0.17481096,0.06296081,-0.136245,0.20771107,0.026324462,-0.047974207,0.12022908,-0.14081922,-0.038261455,-0.08005765,0.075583324,-0.17197263,-0.06816419,0.051448658,0,0.06583027,-0.06484618,0.010339269,0.027880866,-0.0045431107,-0.021256499,-0.06715979,-0.093232684,0.013627086,0.17833939,0.11718116,0.06452875,0.17428698,0.12354764,0.054219812,0.10046193,0.24773365,0.0873884,-0.1098313,0.032400887,-0.09941498,0.11084891,-0.10230867,0.14423949,0.018735029,0.22118092,0.19633956,0.001422219,0.038297974,0.24879189,0.018064285,0.17810258,0.10784227,0.115203284,0.13110639,-0.10803354,0.036597922,0.09572561,0.3620686,-0.20278622,-0.037622027,0.13995816,0.17172182,-0.027779356,0.05738487,0.3404075,0.033236783,-0.0026745163,0.07144899,0.06484738,-0.122505814,-0.008165002,-0.041409515,0.07546465,-0.10323118,-0.07294997,0.07451108,0.07823574,0.31139624,-0.011085015,0.09432213,0.059028372,-0.068631366,0.06418246,-0.002821792,0.01149945,0.25342238,0.13979024,0.267249,-0.21295759,0.14671798,-0.012151979,-0.09721008,0.18324445,-0.038977794,0.06978601,0.02822958,0.0045123547,-0.009482166,0.03885389,0.031937808,-0.02998425,0.06284231,-0.033414014,0.0071456134,0.13682218,0.108393125,-0.019559361,-0.10102443,0.21903342,0.10204633,0.0008354895,0.09458472,-0.021968596,-0.17511624,0.14942488,0.02985165,-0.0033425689,0,-0.05635958,0.24544525,0.013437262,-0.01217179,0.13308048,-0.17027262,0.08861734,-0.016251497,-0.1315348,-0.04819461,-0.05460152,-0.03150183,0.0401357,-0.13904002,0.053547658,0.13543178,-0.023527816,0.15152705,0.06625927,0.01523228,-0.059009135,0.057272784,-0.08708731,0.028930694,0.104109086,-0.004760638,0.023643283,0.12860478,-0.016908735,0.0030516163,0.112843245,-0.099075995,0.2841244,-0.12125775,0.03616673,-0.0058309436,0.18816733,-0.07581249,0.09042218,-0.07871311,-0.03783619,-0.14941409,0.14729282,-0.064631216,-0.04517161,0.3046416,0.01787011,0.08702096,-0.14104347,0.19167432,0.023087148,-0.122742884,-0.04562199,-0.08920607,0.01396675,0.030687511,0.016769499,0.06815507,0.04295039,-0.011541694,-0.06271427,-0.16327682,-0.05152768,0.07560147,0.03563431,-0.06345646,-0.0058410317,0.10060516,0.02465859,-0.03439384,0.056364916,0.11365522,0.16152075,0.004059609,0.033093806,-0.0060573965,-0.02724126,-0.03855352,-0.20348321,0,-0.014414176,-0.012014559,-0.08670801,0.1489555,0.05854152,0.06729171,0.15304598,0.16089946,0.12557325,-0.067542925,0.06296001,0.16758427,-0.014105864,-0.16775715,-0.046899106,0.065747306,0.11962241,-0.040688135,0.08949494,-0.06421862,0.015401263,-0.056209557,-0.16708584,0.026526414,0.07280896,-0.22500196,-0.03535667,-0.19436903,0.011602534,0.06018562,0.19167438,0.20664407,0.12915957,-0.065707535,-0.0148047125,0.0017737579,-0.08637904,0.24469984,0.0072530843,0.08071124,0.09992355,0.068969935,0.12542607,0.11051161,-0.118835256,-0.09992523,-0.28644723,0.09249106,0.03550783,-0.0746275,0.16749462,0.0009746514,0.1378468,-0.090770364,0.1512056,0.11329726,-0.044272594,0.14201714,-0.02532331,0.103481054,0.027664926,-0.09204422,-0.0040648878,-0.075329944,0.0734811,-0.09950226,0.1340262,0.075490914,0.1460008,0.041222077,0.047596373,0.11617818,0.120337255,-0.110701695,0.13258164,-0.046604313,-0.09171522,0.081467286,-0.10321561,0.052469548,0.03072675,0.11243753,-0.10467076,0.1462644,-0.08525788,0.14914574,-0.040347546,-0.07858297,-0.056243114,0.052336574,0.12356927,-0.045774333,-0.055263817,0.15546952,0.077520296,0.018151045,-0.08716549,0.0022146367,-0.14484635,-0.095268264,0.06104154,-0.08060499,0.023425175,0.27455992,-0.083731845,-0.010132268,0.11597334,-0.06550586,0.03247649,0.11613235,-0.14680292,0.09409948,-0.099104635,0.17127453,0.07602452,0.1687894,-0.034656413,0.035459086,0.006813377,0.033509422,0.14490828,-0.0064926445,0.0075998455,-0.028375715,0.02032023,-0.041956574,0.09832202,0.013707684,0.21753295,0.0044508018,0.0947966,0.1198088,-0.027806476,-0.1603772
"(113.852040526107, 22.56836733678485)",0.17740813,-0.07012778,-0.01895893,0.083469026,0.17760786,0.012121137,0.18360052,0.07697914,0.18707153,0.18085772,-0.0045429096,0.0800176,0.071717605,0.0612719,-0.11289115,0.04046433,-0.028535798,-0.032997154,0.22198738,0.27158102,0.2337062,-0.0059303707,0.09544385,-0.006719753,-0.03360221,0.017506298,-0.0023159161,0.077409,-0.1024573,0.02516532,0.05066117,0.061828397,0.16257638,0.22992925,0.09336354,-0.102556266,-0.14495486,0.13433297,0.045792412,0.0094629,-0.29040965,0.11342948,0.003925219,-0.07429135,-0.09651305,0.0028235558,0.20418634,0.0675066,-0.07316814,-0.10587971,0.0068047196,0.03527925,0.088774145,-0.16413379,-0.12210388,-0.019937959,-0.13476124,-0.060277797,-0.19485286,-0.18086976,-0.17953688,-0.09841385,-0.09482378,0.15763025,0.07627191,-0.17046809,-0.0073459893,0.04679856,0.047090236,-0.23145239,0.072093,0.01642462,0.07467484,0,-0.03180971,0.006549243,0.1657901,0.073477484,-0.16265526,0.21715656,0.038027924,-0.024009913,0.13329853,-0.19046444,-0.04430456,-0.15126139,0.06031534,-0.1497226,-0.10329885,0.061703432,0,-0.009742081,-0.109225,0.013835827,0.013331912,0.11298475,-0.007286257,-0.092824236,-0.06742101,0.007132236,0.28330734,0.1278367,0.09490803,0.17042233,0.18659283,-0.004879698,0.12153183,0.29011658,0.09231357,-0.17855635,0.034088552,-0.08812755,0.09763601,-0.12797481,0.12670937,0.035763785,0.1755453,0.21289103,-0.017977115,-0.02375966,0.28551465,0.00500402,0.15957023,0.1576341,0.14894032,0.10389039,-0.08926229,0.034919303,0.09107221,0.37909067,-0.25650588,-0.08017087,0.17153665,0.19057831,-0.016086899,0.086945355,0.3996094,0.022153344,-0.11733158,0.026699206,0.12398045,-0.12335774,-0.011776626,-0.110997446,0.03234774,-0.13286023,-0.070444666,0.11910391,0.16022198,0.34608215,-0.037325364,0.1371347,0.08683035,-0.043079287,0.09200573,-0.049525548,-0.0021182895,0.2721753,0.1290792,0.26814014,-0.27230164,0.21172366,-0.040940404,-0.13050865,0.1733943,-0.047862247,0.12647809,-0.040173844,0.008111134,-0.03701821,0.026994659,-0.015041919,-0.15983038,0.021522358,-0.123963684,0.0076962113,0.16122182,0.1183383,-0.015796177,-0.14638032,0.24033804,0.15116915,0.006919902,0.0995929,-0.024499916,-0.24355172,0.13271755,0.024755416,-0.043707043,0,-0.05970843,0.2890729,0.019387914,0.0034955838,0.17703465,-0.2127947,0.07287596,-0.01630456,-0.12825932,-0.088513404,0.0033529978,-0.036562204,0.028265579,-0.10547081,0.10357552,0.14603375,-0.092860624,0.13166285,0.11268591,0.032027736,-0.10663773,-0.0071432386,-0.10543017,0.01328537,-0.007602133,-0.11184181,0.006159356,0.18193021,-0.07668883,0.018245198,0.14809893,-0.20416345,0.32114497,-0.12469038,0.02268884,-0.067989826,0.3106897,-0.06343983,0.11958519,-0.07824697,-0.047680568,-0.22481388,0.21239838,0.016743926,0.010589272,0.36378682,-0.006580297,0.12648958,-0.20854358,0.23514366,-0.053750418,-0.14060962,-0.050063282,-0.07641883,0.029666211,-0.04722596,0.053415105,0.043418046,0.026177242,-0.17561238,-0.09253057,-0.21799701,-0.099492714,0.0668483,0.0037517399,-0.09072014,-0.026245676,0.096704856,-0.03215249,-0.12454701,0.07313601,0.11634121,0.14407969,-0.0008351803,0.040371146,-0.028824579,0.024239525,-0.09110747,-0.25584948,0,-0.0033176467,-0.046638228,-0.14793807,0.12535527,0.07181239,0.111344814,0.12563701,0.18837214,0.18846676,-0.08945982,0.06327183,0.19236994,0.020053387,-0.19010955,0.046960164,0.054249752,0.09342278,-0.03695747,0.091902316,-0.06483185,-0.03966874,-0.07297604,-0.3163201,-0.0027817413,0.17735317,-0.26132378,-0.027971102,-0.2442799,0.026702357,0.08647631,0.2262305,0.20142359,0.09788509,-0.038600147,-0.02419877,-0.062432647,-0.12756793,0.27205223,-0.0397647,0.0793596,0.07194133,0.166887,0.10848455,0.16946356,-0.13875286,-0.10018406,-0.3430465,0.024296582,0.0011770539,-0.10920984,0.19779512,-0.01671737,0.22103491,-0.096757695,0.15639967,0.15868653,-0.030908577,0.1333994,-0.05377902,0.123900324,0.030772548,-0.093306705,0.005083382,-0.06462796,0.032056585,-0.15102783,0.1623368,0.11573613,0.17678884,0.11494334,0.06586582,0.12011955,0.12090514,-0.11932501,0.11897431,-0.059888095,-0.18734607,0.07342116,-0.13745657,0.06867081,0.10575171,0.116816536,-0.094340056,0.16177142,-0.08617511,0.26981044,-0.037785433,-0.13797708,-0.14068061,0.04449597,0.11963741,-0.093720675,-0.060023025,0.15269019,0.048206702,0.046297833,-0.06784752,0.08700012,-0.19457705,-0.1487558,0.006282203,-0.108837016,0.054700077,0.31498802,-0.10541301,-0.08779019,0.057454403,-0.09082757,0.028188664,0.1903919,-0.08869071,0.06412543,-0.12870914,0.22183952,0.0109074265,0.21858002,-0.012334712,0.09815905,-0.037250772,0.02967085,0.13696134,-0.018800981,-0.04220526,-0.048756033,0.11287806,-0.03499747,0.06840773,0.090428084,0.21749546,0.008035462,0.06670277,0.11303407,-0.01566112,-0.123837054
"(113.85222953727728, 22.5844055906452)",0,0,0,0,0,0,0,0,0,0,0,0,0,0,0,0,0,0,0,0,0,0,0,0,0,0,0,0,0,0,0,0,0,0,0,0,0,0,0,0,0,0,0,0,0,0,0,0,0,0,0,0,0,0,0,0,0,0,0,0,0,0,0,0,0,0,0,0,0,0,0,0,0,0,0,0,0,0,0,0,0,0,0,0,0,0,0,0,0,0,0,0,0,0,0,0,0,0,0,0,0,0,0,0,0,0,0,0,0,0,0,0,0,0,0,0,0,0,0,0,0,0,0,0,0,0,0,0,0,0,0,0,0,0,0,0,0,0,0,0,0,0,0,0,0,0,0,0,0,0,0,0,0,0,0,0,0,0,0,0,0,0,0,0,0,0,0,0,0,0,0,0,0,0,0,0,0,0,0,0,0,0,0,0,0,0,0,0,0,0,0,0,0,0,0,0,0,0,0,0,0,0,0,0,0,0,0,0,0,0,0,0,0,0,0,0,0,0,0,0,0,0,0,0,0,0,0,0,0,0,0,0,0,0,0,0,0,0,0,0,0,0,0,0,0,0,0,0,0,0,0,0,0,0,0,0,0,0,0,0,0,0,0,0,0,0,0,0,0,0,0,0,0,0,0,0,0,0,0,0,0,0,0,0,0,0,0,0,0,0,0,0,0,0,0,0,0,0,0,0,0,0,0,0,0,0,0,0,0,0,0,0,0,0,0,0,0,0,0,0,0,0,0,0,0,0,0,0,0,0,0,0,0,0,0,0,0,0,0,0,0,0,0,0,0,0,0,0,0,0,0,0,0,0,0,0,0,0,0,0,0,0,0,0,0,0,0,0,0,0,0,0,0,0,0,0,0,0,0,0,0,0,0,0,0,0,0,0,0,0,0,0,0,0,0,0,0,0,0,0,0,0,0,0
"(113.85308209462684, 22.642584997342304)",0.17899081,-0.036038518,0.06312829,0.11154092,0.3241754,0.07512395,0.07359891,0.06524645,0.23161426,0.20960803,-0.0061281547,-0.017605662,0.17052895,-0.029716812,0.09264932,-0.04741861,-0.034579843,-0.06449092,0.015544742,0.011231322,0.028524138,-0.08920929,-0.0026699156,-0.16085064,-0.0046707913,-0.024375899,-0.09630451,0.055630542,-0.07248531,0.061606787,0.074149966,0.045933273,0.13785774,0.08381724,0.07223616,0.083201624,-0.040647745,-0.07321437,0.036314975,0.079131715,-0.016744591,-0.10313133,-0.14198063,-0.0234029,0.03109441,-0.20848408,-0.020663641,0.07174271,-0.1196482,-0.13966729,0.060231924,0.079134874,-0.010157172,0.084851675,0.028650038,-0.08078855,0.04567108,0.009201042,0.014858516,0.030785233,-0.015801717,-0.0481061,-0.13845427,0.17652485,0.0053300783,-0.044327676,-0.011803493,0.09604707,-0.019183677,-0.08160953,0.014237843,0.043214723,0.07076652,0,0.012634123,-0.0054197423,0.10801086,-0.0126815215,-0.16546118,0.041188754,0.006798383,-0.033369415,-0.016902152,-0.083602175,0.06315935,0.044541,0.030302294,-0.2245569,-0.05460482,0.030424498,0,-0.1188434,0.009134095,-0.2721328,-0.009559484,-0.14381573,-0.08174209,0.07711615,-0.023508644,-0.06553425,0.09250945,0.031822443,-0.15121487,-0.0085173175,-0.071923904,0.15672636,0.07885934,0.23094593,0.14434049,0.049545087,-0.10806893,-0.027265059,0.07029904,0.05882024,0.026635356,-0.09214664,0.22119097,0.15713471,0.011689015,-0.08730768,-0.008931257,0.0932176,0.10142338,0.15504986,-0.08774311,0.0886282,0.11697449,0.023199191,0.064515576,0.22483489,-0.059836175,0.06552007,-0.012620783,-0.10961252,-0.06656636,0.2209989,0.05757132,-0.08097987,0.20094916,0.1245907,0.16984391,0.04587385,-0.1581504,0.0631985,-0.1745728,-0.15036099,-0.07493718,0.12255922,0.13529725,0.06274281,0.07533847,-0.006205909,0.050759777,-0.032307647,-0.07457112,-0.19598709,-0.048499502,0.05814863,-0.02777581,0.19366406,-0.036882237,0.02395285,0.20757756,0.00029138103,0.15968923,0.21735366,0.023092126,0.12241149,0.17410333,-0.06126584,0.08206584,0.07683506,-0.009194389,0.07048024,-0.13860525,0.008588202,0.0024969429,0.028098544,0.12751704,-0.08980706,0.0358546,-0.04701201,0.100640535,0.13275126,-0.041951366,0.008987416,-0.002759412,0.006611049,0.0029443577,0,0.0531581,0.11766311,-0.0031701457,0.01245822,-0.038336195,0.06742436,-0.10503128,-0.033098884,0.05152898,-0.07256393,-0.02815953,-0.03677973,0.06297407,-0.10368097,0.039205812,-0.043858096,-0.0314236,0.08346859,0.054391824,0.1152923,-0.055264145,0.13018294,-0.12920722,0.07817966,0.38101402,0.07607806,0.016303042,-0.045920424,0.008135319,-0.038273066,0.07636365,0.025963882,0.1582723,0.0055958442,0.0990943,0.073098734,0.042316835,-0.080765836,0.05199197,0.045065895,-0.04430363,0.04859179,0.0033684347,0.094238766,-0.16501985,-0.050941706,-0.03972053,0.024919003,0.02527818,0.03825841,0.07683399,-0.04901126,0.004650252,0.15973535,-0.13468459,-0.09091743,-0.21249847,0.0028518587,0.06507975,-0.00220339,-0.03981255,-0.12194328,-0.024295554,0.05060719,-0.15532413,0.0077772066,0.09495859,0.2842457,0.051978096,0.0064963102,-0.12174513,-0.0068975613,0.03291103,-0.07273313,-0.006153267,0.0911158,0.026267454,0.22418144,-0.032227173,0,0.1030849,0.15805963,-0.037800096,0.041823402,0.15518576,0.011176288,0.20951134,-0.2745478,0.055349074,-0.20642695,0.10315442,0.0746449,0.044921737,0.08488795,-0.24796467,0.05076973,-0.073221914,-0.0075505413,-0.25040692,0.04027705,0.05571204,-0.19520631,-0.081226155,0.09889373,0.046219654,0.1295003,0.048763067,-0.07005303,0.049920656,0.011133913,-0.032385446,-0.018540256,0.08776845,0.01785101,0.25073665,0.009512348,0.016414393,-0.06977712,0.21908726,0.11478447,-0.026979607,0.08244492,0.060225856,-0.17611073,0.046062887,-0.02276998,-0.1135695,0.015889063,0.0067177825,-0.07115036,-0.10843122,0.053122334,0.12998633,-0.15722457,0.00529968,0.21140179,0.025736421,0.083308294,0.051821344,0.013678521,-0.06866759,-0.09991685,0.12659582,-0.05383745,0.11816642,0.06706268,0.052447915,0.034661483,-0.011210784,-0.109650746,0.07641064,0.02605491,0.1829897,0.006280178,0.17644846,-7.2315335e-05,0.01701698,0.19162323,-0.013543457,0.027900066,-0.04582496,0.093783885,-0.00031667948,0.118421726,-0.03907329,0.08077317,-0.041324258,-0.16110145,0.19379833,-0.22560756,0.14235634,0.07444256,0.20927767,0.08248579,0.067951135,-0.14218144,-0.00051724166,-0.013743658,-0.036966998,-0.14325164,0.042701907,-0.01164162,-0.14388296,0.3786729,-0.003871778,0.08996625,0.27763373,0.1334366,-0.028716188,-0.008558717,-0.29745644,0.11150128,0.060914703,0.38713124,-0.027735636,0.16606842,0.011570029,0.067885734,-0.094781876,0.037431248,0.09783931,-0.12334837,0.1417323,-0.077427916,0.0047775805,0.031130023,0.1286322,-0.057401188,0.14404829,-0.1428531,0.03879762,0.08493797,0.034593917,-0.09674955
"(113.8531397330117, 22.642189064752607)",0.18390857,-0.10809347,0.0041532554,0.14237784,0.40099865,0.13056743,0.15225707,0.099049434,0.29068983,0.22677232,0.0039050803,-0.12732469,0.19550699,0.029056832,0.11916249,-0.058909412,-0.11845456,-0.20305496,0.015872452,-0.14573975,0.034613468,-0.08994965,0.07042195,-0.25948435,-0.016331043,-0.07070668,-0.11686822,0.07584437,-0.020324316,0.11732136,0.089220904,0.06564596,-0.021812834,0.16851062,0.060821038,0.13383807,-0.036609814,-0.091399744,0.060471375,0.06529508,0.044644035,-0.23780102,-0.104193866,-0.043915108,0.089053445,-0.22838159,-0.061246224,0.1089495,-0.060023203,-0.17883795,0.031829566,0.08691071,-0.049190674,0.12706433,0.14278287,-0.060639445,0.045695834,-0.050417803,0.05377206,0.022224985,-0.05643047,-0.053248674,-0.15263534,0.25422174,0.014326073,-0.04128837,0.10767616,0.10307057,-0.042582046,-0.06063984,-0.026627362,0.04901807,0.053845614,0,0.003815392,0.026382368,0.1441491,0.053844683,-0.16508651,0.06396381,-0.029845197,-0.06936315,-0.075195044,-0.011028901,0.038411144,0.08610052,0.018910252,-0.27885577,-0.01506944,0.067033336,0,-0.071486555,0.023018949,-0.38509652,-0.08875889,-0.20317364,-0.055724423,0.10356637,-0.05875218,-0.026449706,0.050914586,-0.03245864,-0.2003291,0.014639705,-0.15916151,0.19710812,0.0075927824,0.21554737,0.11998769,0.13850406,-0.12085067,-0.10870598,0.08764615,0.123293765,0.09321729,-0.1732805,0.30297664,0.16174057,0.09043039,-0.004490614,-0.02210147,0.12900496,0.11291921,0.16560403,-0.06533084,0.13868746,0.04858161,0.022763457,0.095162705,0.2439681,0.030755853,0.07833424,-0.0019717133,-0.07338468,0.031249203,0.23858944,-0.0115395,-0.11266492,0.26616132,0.19312392,0.036356602,0.034121856,-0.23681614,0.15557724,-0.108855926,-0.1470132,-0.10384966,0.11497097,-0.008603474,0.08866932,0.027525041,-0.065523624,0.009737626,-0.050012402,-0.14803538,-0.26771677,-0.12084773,0.082873814,-0.04642681,0.20462729,-0.016174681,-0.061286874,0.3502339,0.13781855,0.25439295,0.28412703,-0.019835623,0.14184889,0.23885731,0.023256006,0.068021685,0.08967908,0.041970696,0.073088706,-0.06377897,-0.0034303963,-0.030732557,0.016020816,0.101888515,-0.016372956,-0.081459016,-0.051485196,0.07387771,0.16930228,-0.13752595,0.09243271,-0.017985467,-0.033866115,-0.08595869,0,0.1111002,0.14482382,-0.04153478,-0.044821315,-0.10624263,0.03086402,-0.16008316,-0.105939426,-0.03122833,-0.025190283,-0.054410726,0.024207875,0.09357155,-0.10865483,0.051497743,-0.0055362955,0.013129264,0.056011274,0.019424245,0.0629559,-0.06863561,0.18930823,-0.13519865,0.10798918,0.5861727,0.19424863,0.05104643,-0.10572868,0.01683531,-0.024606101,0.077961534,0.024525994,0.08566628,-0.101466045,0.0708227,0.13210312,-0.07692215,-0.0790698,0.012918003,0.03266312,0.017717723,0.10346136,-0.088500686,0.019580135,-0.29202652,-0.091557115,-0.029810239,-0.010437407,0.109173685,-0.008436792,0.14107789,-0.03976117,-0.03255967,0.055474047,-0.18789862,-0.10258887,-0.2712462,-0.027890671,0.058454167,0.055833742,0.01827202,-0.13434623,0.03368099,0.04184468,-0.15446576,0.013195284,0.057617847,0.2660721,0.114888385,0.12891802,-0.19299069,-0.10786723,0.09503819,-0.10350198,-0.055271845,0.058271904,-0.043174908,0.27447864,0.009318747,0,0.062820986,0.22298886,-0.053729143,0.12010576,0.09691334,0.00967776,0.22960404,-0.28887564,0.051154606,-0.16637817,0.13901614,0.11119361,-0.0050378516,0.048360802,-0.3669635,-0.0042103054,-0.07099945,-0.010823391,-0.35087094,0.083361015,0.086584456,-0.3066399,0.046856172,0.2373476,-0.09688474,0.13107444,0.010464387,-0.11638258,0.086085014,-0.021865914,-0.067020886,0.0026598945,0.1618509,-0.0246047,0.28868297,0.062486306,0.00034581497,-0.108662546,0.3220326,0.023230731,-0.028498676,-0.05278458,0.08307786,-0.20311894,0.07413195,-0.09290108,-0.097809196,0.09647603,-0.009408265,-0.014927831,-0.14996828,0.07518056,0.08009957,-0.20324811,-0.0786616,0.22921738,0.056640536,0.12459386,0.14277636,-0.007720627,-0.052398834,-0.14225046,0.1681959,-0.060489453,0.12281798,0.09014755,0.03058283,-0.02971846,-0.065317966,-0.13365965,0.016723223,0.036683187,0.20252548,-0.025099557,0.23653238,0.0060684904,0.10568565,0.26482815,0.014970802,-0.070391305,-0.12813038,0.05345368,-0.11369771,0.21991065,-0.088326864,0.040528268,-0.10637131,-0.107929364,0.26348254,-0.22288974,0.20069379,0.080295146,0.23595987,0.080486275,0.080929354,-0.25772426,-0.064417325,-0.13137847,0.024487577,-0.12767632,0.14739472,-0.02749498,-0.22820193,0.37666962,0.07130155,0.21470852,0.3560695,0.15592094,-0.007854339,-0.12960468,-0.33555812,0.13758197,0.07166766,0.3517607,-0.029161215,0.18004565,-0.032276593,0.038655665,0.031311885,0.0007033488,0.13775715,-0.197247,0.22234948,-0.03052593,-0.12112739,-0.0035856878,0.1525087,-0.121328965,0.18902466,-0.09947966,0.041471113,0.13801882,0.025115145,-0.13622266
"(113.85341549036347, 22.619850525142247)",0.1964181,0.019794973,-0.027355727,0.0961011,0.1710692,-0.077320814,0.10757266,0.03444453,0.006299004,0.29389238,-0.08100482,0.08514631,-0.009554774,-0.0668347,-0.15377334,0.038269732,0.024819061,0.070964016,0.003161151,0.16744854,-0.010871701,-0.113787755,-0.02215879,0.08795789,0.057141628,0.008168936,-0.13548103,0.031659104,-0.1477464,0.10615585,0.13803239,0.12133094,0.001401864,0.046219446,0.24393985,-0.033639,-0.005282622,-0.014305428,0.009635519,0.11528977,-0.016713612,0.25007662,-0.16362315,-0.079187706,0.027885117,-0.0009825733,0.119822115,-0.10030563,-0.060299,-0.12231663,-0.102197886,0.10625028,-0.0625145,0.017687581,0.08260121,0.17600466,0.018946245,0.00735379,-0.019945435,-0.09444692,-0.108602166,-0.10440526,-0.03500874,0.026176497,0.0049164295,-0.014448166,-0.008742206,-0.054931756,0.008435406,-0.21380128,0.04878027,0.11368146,0.009984642,0,-0.26773778,-0.008446213,0.2618885,0.008866273,-0.12214543,0.09304669,0.06806846,-0.056846827,0.16471694,-0.23702283,0.03694499,0.113853306,0.021770291,-0.23783639,0.0011022612,-0.06701087,0,0.08051614,-0.024576023,0.08316178,0.089589246,-0.25886258,-0.034461282,0.07906972,0.023143033,-0.13633351,-0.0021624267,0.04786869,-0.0581205,0.22801425,0.14644657,0.090975806,0.18447232,0.2441755,0.20336486,-0.052907288,0.0094411215,-0.047592398,0.05335375,-0.056422986,-0.011675313,0.14612113,0.34286568,0.31092957,-0.06760852,-0.004863754,0.21045388,0.029021973,0.14523531,0.12296307,-0.035057582,0.009530768,-0.052867796,0.042610627,0.07646384,0.32298088,-0.25108457,-0.055722274,0.09697288,-0.011701256,-0.10947226,-0.03729739,0.3147755,0.101076156,0.1729636,-0.06998812,0.06957044,0.0016546249,0.07479401,0.13075897,-0.05116766,0.051957324,-0.09935465,0.14329012,0.07238385,0.2731171,0.2918665,0.0847306,0.030051604,0.00024452806,0.22626364,0.10402262,0.099262685,0.15477863,0.2359637,0.3148669,-0.088424355,0.090218306,0.0041680783,-0.115389526,0.09800623,-0.025420351,-0.010638775,0.17959936,-0.042936727,-0.04039923,0.059705578,0.23380938,0.17998883,0.057568222,-0.06697594,0.12113024,0.18590443,0.03960873,-0.022002839,0.016259916,0.26105997,0.04154227,0.11530374,0.14450142,0.10107767,-0.15415914,0.06857328,0.047279254,0.06978437,0,-0.025122505,0.1281327,0.03575868,-0.008008027,0.03225424,-0.03185562,0.19845106,0.09422187,-0.035072323,0.05988337,-0.15396887,-0.12614995,-0.029574296,-0.058403954,-0.034332052,0.016669944,-0.08850716,0.21609987,0.07564818,0.10287061,-0.07891148,0.14196935,-0.032730166,0.14261499,0.08369466,0.07143775,0.048281595,0.06139046,-0.028463908,-0.12643245,0.04035169,0.0129604135,0.37218928,0.088241994,-0.03446999,0.14679992,0.16366194,-0.00020476524,0.03392256,0.0045674965,0.118995324,-0.18714103,0.07781363,0.07437703,-0.023935601,0.13072602,0.050729748,-0.041881412,-0.12711318,0.15726694,0.10097265,-0.07810921,0.047944322,-0.08625224,0.07435535,0.05258467,-0.26279122,0.13400108,-0.006094821,0.1758839,-0.06948801,-0.21525487,-0.20542012,0.16657567,0.06814938,-0.009637289,0.18332902,0.075786114,-0.045668453,-0.0646892,-0.045437276,0.2282719,0.06589535,-0.031565584,-0.063271046,-0.055952527,-0.13336903,0.10129917,-0.21047485,0,0.15053794,-0.018080002,-0.046943665,0.06916052,0.22366807,0.14042196,0.18728916,-0.0008734651,-0.025802352,-0.12507007,0.06328505,0.06779268,0.056957193,-0.08483876,-0.17624395,0.12056296,0.12282702,-0.024418369,0.027535707,-0.043111406,-0.0064329766,0.012055233,-0.12709728,0.0827529,0.059769325,-0.14646932,0.017874734,-0.08740499,-0.09015107,0.18236113,0.049754024,0.22951175,0.10881904,0.17842244,0.07694113,-0.110572666,-0.014845114,0.07326816,0.062293235,0.1338821,0.00863174,0.049597073,0.09387272,0.12617236,-0.08607595,-0.0024253651,-0.10206351,0.04261841,0.08508286,-0.10848767,0.043691505,0.0052647106,0.05250174,-0.023356833,0.20425227,0.19261381,0.109602414,-0.045250088,0.003186627,0.24239227,-0.21495496,0.08213523,-0.14793968,-0.058509283,0.19509435,-0.17078942,0.16482629,0.23420583,0.20671734,-0.13418959,0.20419851,0.11277992,0.09547941,-0.016319072,-0.06297915,0.044679515,0.058459524,0.09850846,-0.116828285,0.041021455,-0.058769435,0.09765579,0.13940728,0.034178995,0.051380344,0.1119716,-0.08560124,0.042122956,0.052986063,-0.23957533,0.14011744,0.041981287,-0.09082943,0.18734622,0.1401267,-0.12619148,-0.06832877,0.15420423,-0.15563586,-0.25856867,-0.075214334,0.003581429,-0.03443734,0.36167976,-0.19599545,-0.1803086,0.17128408,0.022587176,-0.06699382,0.1250658,-0.009264547,0.06216203,-0.1636973,0.23972347,0.18447304,0.21846525,0.034441136,-0.17879224,0.039277315,0.08372529,0.17967528,-0.0043771565,-0.03643416,-0.016787931,0.035378076,-0.013265519,0.29887584,0.09984616,0.12160215,-0.014119934,0.08792502,0.24226314,-0.07184032,0.09782739
"(113.85342158338628, 22.647735463349782)",0.23223051,-0.10822913,0.009086732,0.1757284,0.42874542,0.11415194,0.2657681,0.10599413,0.28187662,0.32171708,-0.019872732,-0.04503418,0.22792798,0.0020406283,0.06603321,-0.07009676,-0.1353121,-0.17363009,0.06948932,0.0397085,0.13984942,-0.11205801,0.020824939,-0.246319,-0.056303013,-0.056871254,-0.16876706,0.120989494,-0.16064146,0.15356047,0.08805917,0.06624734,0.036279567,0.17459258,0.0876706,0.090072155,-0.18083325,0.029839084,0.10303518,0.055990137,-0.08411895,-0.16938898,-0.11268333,-0.081694014,0.017297752,-0.27442122,0.045637578,0.12813872,-0.111455336,-0.28621078,-0.0026051402,0.06577773,-0.041487034,0.016792707,0.12584147,-0.03733166,-0.0048567886,-0.0972291,0.009975707,-0.043643706,-0.13742498,-0.10799236,-0.19750597,0.28016979,0.0011267848,-0.0116500035,0.0049643666,0.11708614,-0.060178597,-0.1259555,0.023479648,0.038899124,0.052924216,0,-0.07456739,0.03385928,0.16729793,0.013871059,-0.26188654,0.17670152,-0.028327513,-0.10952674,-0.05247521,-0.061526462,0.019359808,0.032432303,0.06853232,-0.3685322,-0.093445964,0.08411476,0,-0.09133192,-0.07459796,-0.4499906,-0.07176184,-0.29476568,-0.05442398,0.04152091,-0.110139005,-0.10918461,0.09585865,0.023276135,-0.18460952,0.10176459,-0.056727007,0.1605178,0.0613773,0.30964762,0.16970463,0.03057725,-0.15033795,-0.14278054,0.10825687,-0.014858052,0.09870785,-0.20141307,0.4548219,0.22111474,0.08076731,-0.054958913,0.04018119,0.08499427,0.1821714,0.2203226,-0.024326375,0.15049866,0.057737637,0.010321874,0.07959612,0.40616992,-0.083100356,0.056053624,0.008666516,-0.07900261,-0.014899254,0.28531504,0.09529885,-0.17575336,0.21045418,0.106229566,0.047165293,0.004420681,-0.31975865,0.110968046,-0.12746218,-0.22671497,-0.15182818,0.2220088,0.080943756,0.20020108,0.07547958,0.0052455068,-0.08451094,-0.0819635,-0.16911054,-0.33025318,-0.10103914,0.13348812,-0.009361647,0.28874224,-0.16948427,-0.06743578,0.27753347,0.02937613,0.27899843,0.20062412,-0.022137227,0.11712197,0.14227493,0.041775614,0.03819289,0.16492455,0.0061212257,0.12369138,-0.08411297,-0.036320336,0.0480984,0.040388152,0.09101059,-0.07859421,0.017573914,0.024733335,0.07688521,0.14919567,-0.1881234,0.023971412,0.05945181,-0.058388606,-0.06965883,0,0.09330292,0.22860247,-0.078836985,-0.06520371,-0.07704444,-0.11586005,-0.18196143,-0.15039748,-0.1242668,-0.03495697,-0.061174937,0.020362541,0.086759,-0.19796449,0.074726254,0.009122558,-0.12343447,0.122384466,0.0326254,0.0279943,-0.19391526,0.20904236,-0.21021786,0.09457979,0.49476197,0.12803371,0.025102826,-0.039927937,0.0214741,-0.0016525462,0.12516996,-0.026730245,0.1415458,-0.16842428,0.062222157,0.11634245,0.11306086,-0.12561427,0.03465206,-0.037217706,0.009206649,-0.06930841,0.007703741,-0.015779829,-0.29846787,0.09224129,-0.05727871,0.006427616,0.09389259,-0.03935697,0.028344352,-0.121701546,-0.083785646,0.019676182,-0.20638525,-0.122636564,-0.25319892,-0.040999245,0.10559298,0.019611672,0.010548778,-0.19266173,-0.02594845,0.052274372,-0.16985512,-0.0661207,-0.006427534,0.35925227,0.042714246,0.08884356,-0.20380995,-0.09458416,0.1438902,-0.1390205,-0.07279788,0.006190639,-0.03160751,0.3411952,-0.10616854,0,0.02498316,0.17084517,-0.08173352,0.13840853,0.16267636,0.06669223,0.18907222,-0.29636666,0.07839059,-0.1928788,0.18220481,0.1729115,-0.021848626,-0.009542093,-0.35155404,-0.0012984937,0.017566046,-0.07102342,-0.3476336,0.085996754,0.06318088,-0.25044483,-0.07024664,0.15088533,-0.037110254,0.00548457,-0.04483127,-0.1651425,0.10928515,0.0023406036,-0.030531855,0.110694595,0.14746737,-0.0025290921,0.32742873,-0.004125314,-0.040360946,-0.03623976,0.30402625,0.17614341,-0.016546465,-0.04104841,0.09488741,-0.2350721,-0.04648815,-0.044675685,-0.28632748,0.05881746,0.013737243,-0.042117175,-0.057664663,0.078829944,0.15031856,-0.3090055,0.037828796,0.33693522,-0.052535795,0.20548569,0.13503043,0.06312528,-0.09528439,-0.21987934,0.16424638,-0.056696422,0.214485,-0.022283908,0.08017955,-0.012276249,-0.034370866,-0.1194215,0.052008517,0.09952734,0.2762679,-0.116186514,0.25523818,-0.004459042,0.15560463,0.29396632,-0.035047576,-0.007299144,-0.12687403,0.07962485,-0.12401742,0.28144047,-0.105603896,0.13048099,-0.12222764,-0.14372109,0.20241472,-0.25466192,0.27089778,0.011357749,0.20942137,0.11227038,0.11439653,-0.23937137,-0.09239921,-0.086485386,-0.026430875,-0.1886843,0.20632178,-0.07534297,-0.2616072,0.51587534,0.05779241,0.22039728,0.38667345,0.0694488,-0.043145012,-0.122693464,-0.32998607,0.10463065,0.032244097,0.45832628,-0.08655964,0.29645765,-0.106948644,0.0045349197,-0.09943956,0.042816684,0.21649373,-0.2370493,0.17305772,-0.083786756,-0.10242915,-0.062120765,0.15690605,-0.12915555,0.25132567,-0.18939164,0.044684354,0.14644423,0.021779317,-0.15215501
"(113.85344558467156, 22.64966711407543)",0.2753518,-0.12242213,0.019319806,0.2063423,0.4636585,0.07294366,0.30506593,0.10145852,0.2555644,0.30491233,-0.005879715,-0.032718442,0.30326107,0.011687212,0.15421128,-0.034860056,-0.16802745,-0.20559338,0.009600978,-0.010164943,0.014543012,-0.15783055,0.02185293,-0.22368011,-0.018459905,-0.044573113,-0.23552656,0.12238679,-0.0948441,0.19460317,0.096687436,0.096355215,-0.034619622,0.16100287,0.07842626,0.11209839,-0.1694532,0.0030727088,0.09457049,0.09974984,-0.018087953,-0.22508135,-0.0796014,-0.045240194,0.0884584,-0.26043087,-0.021885619,0.12323801,-0.024295554,-0.27097696,0.006321065,0.09222117,-0.065977395,0.07390638,0.13138312,0.0068982467,0.056368753,-0.12173041,0.027282652,0.03955151,-0.13763188,-0.09940657,-0.20412894,0.2766813,-0.0026745126,0.025787309,0.024346322,0.12347795,-0.078085884,-0.11743455,0.014180444,0.039538935,0.040388055,0,-0.047489494,0.027365189,0.22358064,0.06683018,-0.17227069,0.12376451,-0.008739416,-0.11113525,-0.020610344,-0.061718076,0.053731587,0.17311768,0.06460321,-0.43503967,0.0025736056,0.13105333,0,-0.09656858,-0.07934692,-0.41025856,-0.049442116,-0.36196035,-0.06643039,0.07461937,-0.07906094,-0.112800375,0.04379101,-0.031298682,-0.1695566,0.12756106,-0.06866827,0.19589025,0.026823297,0.28301895,0.15804742,0.109351225,-0.21449853,-0.09379377,0.11458125,0.068084665,0.17542031,-0.25351298,0.48715362,0.25512463,0.119613476,-0.0011356287,-0.06862209,0.073642455,0.1791767,0.19911948,-0.09936135,0.16218157,0.06343138,0.0116411485,0.1269781,0.3911532,-0.058935035,0.0851125,-0.11799953,-0.06787608,-0.025249675,0.30119306,0.047143914,-0.156537,0.31972072,0.12918413,0.020087875,0.010155134,-0.28012648,0.15436849,-0.15921462,-0.11004233,-0.17323197,0.23095289,-0.03408102,0.10418575,0.16513315,0.0029266179,-0.124781236,-0.061788015,-0.23505881,-0.27102113,-0.029935166,0.0969952,0.011259727,0.3115626,-0.049783006,-0.15013614,0.29631722,0.07217385,0.2611878,0.24328594,-0.09421623,0.17040518,0.19612803,0.1075105,0.06130091,0.18022855,0.07714995,0.14571583,-0.102965206,0.010375727,0.029141769,0.027361508,0.15040645,-0.01697395,-0.056141734,-0.017736621,0.10157338,0.26251245,-0.20447841,0.07181546,0.053821027,-0.05162821,-0.062445506,0,0.13092072,0.26171857,-0.13049316,-0.11085454,-0.14097282,-0.020008698,-0.14520824,-0.13533531,-0.09314068,-0.032469947,-0.1480165,-0.0071724355,0.10857692,-0.21355715,0.01453197,-0.0193066,-0.076695174,0.110658884,-0.017850712,0.075429566,-0.20661072,0.22772262,-0.20720668,0.103185594,0.56570435,0.1964694,0.0452884,-0.11061487,0.0020130351,0.051133424,0.11977005,0.04345507,0.10793433,-0.13333444,0.0033672787,0.14356029,-1.8410385e-05,-0.14992528,0.02328071,-0.0018843785,-0.020897549,0.01657543,0.019782389,-0.027605614,-0.34423387,0.04013911,-0.017417151,-0.0775709,0.15212949,-0.039570913,0.13818003,-0.084044516,-0.051627934,-0.0045268238,-0.2106036,-0.075922035,-0.2893436,-0.04013266,0.08440646,0.13656174,0.054901894,-0.1891293,-0.041681156,0.06176894,-0.14478993,-0.058200724,0.019055128,0.36451727,0.06552297,0.12654653,-0.18668415,-0.13265991,0.12035976,-0.14605755,-0.13813631,0.07138373,-0.15561444,0.3124865,-0.11371077,0,0.08503664,0.19159853,-0.081116535,0.09986703,0.13775316,0.083300695,0.24528517,-0.3291456,0.05145441,-0.21017131,0.15010808,0.11340231,-0.02962967,0.028804593,-0.47904313,0.0026059938,0.03857238,-0.05831463,-0.45689827,0.10817264,0.09783846,-0.24602683,0.023450427,0.121555746,-0.044929616,0.023885418,-0.13986388,-0.10958499,0.06250732,-0.030820396,-0.082312524,0.10637858,0.18858603,0.012240745,0.28151432,-0.00476774,0.049809035,-0.09784132,0.33850175,0.12516081,-0.022602338,-0.08823277,0.11254461,-0.31029597,0.05938901,-0.058887236,-0.2532456,0.13795573,0.10759783,0.004201822,-0.16169505,0.1048045,0.112262234,-0.2968545,0.031230547,0.28594103,-0.03917817,0.13538665,0.16523847,0.105167866,-0.14763696,-0.23296289,0.15234424,-0.08558419,0.27117467,0.040224686,0.056715183,-0.019060338,-0.06258813,-0.20316608,0.0052786246,0.08109535,0.24108027,-0.080246784,0.20771626,0.0318557,0.21856582,0.30884528,1.7292798e-05,-0.103695855,-0.19692431,0.03155714,-0.1611734,0.27701327,-0.066134535,0.05628611,-0.12989095,-0.116030455,0.25801298,-0.23176979,0.3363141,0.013815241,0.23954694,0.09020076,0.170549,-0.33801922,-0.05854219,-0.17093033,0.01642276,-0.13213117,0.23948249,-0.03297361,-0.26567224,0.476797,0.06575312,0.30049914,0.4012182,0.10605304,-0.081923574,-0.16202359,-0.38763693,0.09923065,0.013257012,0.40678456,-0.02247367,0.22157413,-0.13897452,0.009704654,0.009042032,0.068597235,0.21382514,-0.30159348,0.28059214,-0.06889515,-0.1089826,-0.0888808,0.18699849,-0.24451101,0.26853085,-0.22847117,0.010822028,0.19190744,0.0013406947,-0.18004252
"(113.85349542923409, 22.64449722508141)",0.19782472,-0.04701797,0.07162514,0.1259505,0.35088843,0.07986438,0.10607505,0.06801287,0.23970011,0.2227135,-0.0048236474,-0.009985816,0.21535087,-0.025772616,0.11621591,-0.046696912,-0.048463672,-0.07414236,0.021274958,0.037528757,0.034352966,-0.10138403,-0.010640647,-0.16923687,-0.008440122,-0.016763266,-0.11869655,0.07083962,-0.08543497,0.07622414,0.07096627,0.046176612,0.15608647,0.08877073,0.064838015,0.08239609,-0.07792429,-0.051318944,0.047521513,0.07914559,-0.038704,-0.1257889,-0.13483152,-0.021457426,0.027833648,-0.22917424,-0.016641382,0.08738878,-0.11598432,-0.1608392,0.06649257,0.07861978,-0.009559628,0.0726802,0.013705291,-0.0884783,0.040690545,-0.004180655,0.007051524,0.04242279,-0.029482212,-0.055802472,-0.16102506,0.1923443,0.004443703,-0.03490004,-0.031464547,0.11395645,-0.028337482,-0.0889997,0.023505501,0.033702523,0.07204197,0,0.018752644,-0.0011061952,0.11523199,-0.009937659,-0.17161831,0.054215245,0.0064169876,-0.040867545,-0.018698554,-0.087639496,0.066935524,0.052645057,0.040685557,-0.25706634,-0.056017168,0.050266657,0,-0.14449295,-0.015535176,-0.30376658,-0.010121878,-0.15986338,-0.08403794,0.06708227,-0.030546566,-0.0819215,0.107988596,0.031144574,-0.14795376,0.0027579963,-0.058476865,0.15692832,0.07559118,0.24774182,0.15030207,0.04421946,-0.13538705,-0.022970311,0.07378643,0.05181459,0.04980386,-0.1264039,0.25087908,0.16957465,0.024883166,-0.09511697,-0.029980853,0.084269844,0.11331503,0.169816,-0.09591713,0.09579991,0.13115513,0.018970814,0.07196203,0.2514413,-0.06817231,0.072869875,-0.0432678,-0.109896176,-0.07399979,0.25623357,0.05697999,-0.10293856,0.20349653,0.12146322,0.17422679,0.04176794,-0.1888152,0.054094277,-0.19631484,-0.15469052,-0.08780063,0.14971212,0.13529561,0.055356488,0.08847235,0.006177634,0.019325927,-0.036389813,-0.11546725,-0.22585563,-0.043591306,0.057131566,-0.032393694,0.21086626,-0.045379452,0.0019190982,0.20783488,-0.005245518,0.16476654,0.22755286,0.009799531,0.11815787,0.18112616,-0.044179022,0.07983873,0.082407564,-0.025209174,0.08282487,-0.15824573,0.0023857728,0.006063536,0.031214785,0.14699599,-0.09717261,0.024023598,-0.039121382,0.1036682,0.15340571,-0.07088753,0.012488816,0.006897889,-0.0030491985,-0.004157603,0,0.062725306,0.14844808,-0.026371213,-0.0007676553,-0.04951972,0.05351054,-0.1259571,-0.04885637,0.03862167,-0.08425245,-0.03550151,-0.036362454,0.07219084,-0.123999536,0.0388633,-0.0507977,-0.054897636,0.083639994,0.047935627,0.11780112,-0.08812615,0.13037437,-0.15507972,0.0719292,0.38919443,0.07074169,0.011434542,-0.04892703,0.0025557205,-0.013456672,0.0915423,0.018296288,0.15087293,-0.01096553,0.09006055,0.065598816,0.060139123,-0.10301668,0.056217358,0.039362103,-0.063216224,0.037654195,0.027220892,0.09126143,-0.18375355,-0.027656183,-0.044867884,0.017261684,0.040187165,0.024624042,0.06510797,-0.05819805,-0.004124699,0.16026124,-0.15396339,-0.10491695,-0.21004272,-0.011955887,0.07445928,-0.011834964,-0.029806621,-0.13272375,-0.03287083,0.046886533,-0.1695554,-0.010222696,0.0769601,0.32077876,0.042706177,0.0054041296,-0.12498954,-0.031518675,0.036310565,-0.085980244,-0.021191645,0.10222317,0.014867298,0.23671356,-0.0514244,0,0.10313305,0.16124971,-0.048714012,0.036518067,0.15972698,0.024095587,0.21317887,-0.30024764,0.06729077,-0.2212728,0.10897507,0.07896731,0.040321123,0.088414684,-0.27035105,0.045033652,-0.06336585,-0.018030327,-0.29264867,0.05308917,0.05911152,-0.19950598,-0.0944027,0.071670935,0.06333616,0.12017896,0.018750275,-0.07459654,0.05390305,0.00019295886,-0.038140006,-0.010398902,0.08998425,0.014311157,0.2597086,-0.001920538,0.025043432,-0.07513386,0.22881724,0.13071495,-0.033743247,0.07909341,0.06441788,-0.21474566,0.049609482,-0.018509798,-0.15443423,0.02093251,0.022775318,-0.06484947,-0.11864823,0.06256881,0.14908871,-0.1901187,0.015691541,0.2292949,-0.0002529174,0.09643505,0.059425406,0.025532179,-0.07636842,-0.13304414,0.14319153,-0.057526715,0.14258483,0.06618106,0.052308522,0.027171073,-0.023390621,-0.1145432,0.0640215,0.03153847,0.19563404,-0.007398071,0.18341255,0.0010647848,0.032369066,0.20963807,-0.011156939,0.019111868,-0.055354457,0.08865769,-0.02433911,0.13941896,-0.04076025,0.09224487,-0.045328658,-0.17936833,0.19501424,-0.22438787,0.17366883,0.056318842,0.22996901,0.07834605,0.080592126,-0.16066341,0.00485263,-0.030108582,-0.035085063,-0.14092557,0.06645005,-0.017166642,-0.15837255,0.40604037,0.0076293927,0.12423,0.28977954,0.12652966,-0.043479856,-0.018570285,-0.3224593,0.10241483,0.057845205,0.4091908,-0.046290062,0.17709926,-0.013746433,0.084839195,-0.11011799,0.05006073,0.10887778,-0.15923738,0.16323726,-0.0896092,0.010599904,0.01114677,0.12105276,-0.0907342,0.16470046,-0.17933138,0.026902724,0.087108575,0.038978595,-0.11643196
"(113.85367713508693, 22.785773874843823)",0.0734034,-0.24236163,-0.04364308,-0.10750008,0.21561407,0.40030783,-0.22930773,0.09090179,0.32517043,-0.07770104,0.09648771,-0.4443459,-0.025457412,0.2568335,0.0071537346,0.10932648,0.03293854,-0.12464192,0.2657365,-0.14924987,0.036373816,0.06433909,0.15335423,-0.050102964,0.20498455,0.10529518,0.13154471,-0.07049027,0.062205467,-0.068010405,-0.040438343,-0.09845115,0.5536438,0.19772223,-0.07592029,-0.036958918,-0.018229976,-0.24771039,-0.19232689,-0.10204221,-0.16829944,-0.123736195,-0.10419597,-0.10925238,-0.06541769,0.060602233,0.017897062,0.1289804,-0.035291642,0.30799618,0.10586563,0.14096405,0.099926695,0.045815013,-0.29048693,-0.40744987,-0.26870045,0.18033639,-0.07571341,-0.15807456,-0.108493805,0.030441988,0.084312424,0.11797795,0.26550266,-0.49156088,0.2552992,0.22592497,0.18524621,-0.24994794,-0.047318444,0.0910391,0.19307959,0,0.20009674,-0.047067177,0.1303858,0.243709,0.057873085,-0.062300425,0.1244144,0.10019447,-0.015561793,-0.26257187,-0.04661217,-0.30573487,-0.0494364,0.045593895,-0.09483684,0.15690777,0,-0.29967266,-0.02954679,-0.0144422855,-0.24273121,0.6162914,-0.025779188,0.12946402,0.122088075,0.2441255,0.54676306,-0.12388576,0.036555696,-0.12887177,-0.030159786,-0.10117103,-0.10420872,0.20613775,-0.021716103,0.07597418,0.10074131,0.024757896,-0.09147006,0.32188562,-0.08502737,0.1280476,-0.41017005,0.11635907,0.038611628,-0.1052037,0.23945497,0.16040333,-0.054486472,0.18876913,0.044207998,0.025965005,-0.02862924,0.04512853,0.15274699,0.016678765,-0.12931791,-0.23002234,0.19878942,0.03756623,0.19943996,0.21476936,0.2046938,0.11522466,-0.34653142,0.13841788,0.33370838,0.020935219,0.046160296,-0.25925505,-0.08938558,-0.2020914,0.013718551,-0.027921218,0.19181602,0.1506321,-0.38732314,0.042883813,0.39111924,0.24759449,0.32375276,-0.3073736,-0.11612873,0.14698642,-0.20260534,0.040235937,-0.084268376,0.38953736,0.3502403,0.14005232,0.11525151,0.14449055,0.2962121,-0.0174364,0.26177663,-0.21813685,0.06004735,-0.43143472,-0.45775095,-0.22794962,-0.36713398,-0.0059294105,0.035152987,0.03946894,0.02275262,-0.089825764,-0.16852789,0.085343175,-0.015599225,0.25001618,0.1078412,-0.20714317,-0.113081716,0.041815646,-0.22791144,0,0.060245622,0.119416334,0.12700504,0.07669852,0.12781015,0.14915264,-0.011022925,0.15436071,0.28658137,-0.23456654,0.13706174,-0.024401665,0.046516042,0.2323503,0.18151873,-0.01267609,0.082475975,-0.20367068,0.2980282,0.14531104,0.0087548345,-0.3034033,-0.12298224,0.12008999,0.17576733,-0.18179522,0.04795458,-0.012039937,-0.19139701,-0.05549819,0.04751192,-0.35754225,0.26603505,0.012956198,0.0029831417,-0.31071597,0.11519888,0.1965089,0.0837561,0.1729798,-0.043273088,0.15521505,-0.030846031,0.4381085,0.0914029,-0.18772107,-0.08931011,0.18571606,-0.30803743,0.42448106,0.16564792,0.06131065,0.06611295,0.13531487,0.027874287,-0.30656517,-0.052570745,-0.11919369,-0.22546878,-0.6339967,-0.21821171,-0.2690315,-0.11153118,0.05202102,-0.13192758,-0.03237348,0.060607083,0.028849192,0.014250517,-0.25564936,0.04023961,-0.02843792,-0.040473484,0.017901994,0.047184195,0.10248245,0.22084247,-0.29608884,0.0049936324,0,0.105634145,-0.04937023,-0.40831402,0.06953427,-0.16670573,0.17553842,0.13813347,0.1593624,0.26703778,-0.14848696,-0.0017714109,0.14870727,0.20842826,-0.015441731,0.17775144,0.016430005,-0.36269554,0.1655901,-0.12269117,0.07286326,-0.06515203,-0.5160022,-0.26859218,0.34026057,0.29200682,0.10391822,0.034434497,-0.3778145,0.10536252,-0.013178363,0.103770465,-0.23426467,0.026008448,-0.0043227375,0.0944801,-0.03163229,-0.15963815,-0.049634904,0.04943159,-0.3079386,-0.16923866,0.41756094,0.065569945,0.38307258,0.12556468,-0.2988178,0.04536155,-0.110571586,-0.19407803,-0.15976414,-0.12599973,-0.018051744,0.41427624,-0.05841764,-0.28190836,0.19786198,0.4564255,-0.10777396,-0.11162464,0.048348486,0.13098192,-0.008594198,0.16540334,-0.12017409,-0.43661302,0.04480923,0.08053321,0.16995908,0.083109386,0.19378226,0.0224118,-0.13908958,-0.02030924,0.042677544,0.15358604,-0.08995478,-0.6979381,0.08011113,-0.13124514,-0.13583097,0.15564191,-0.054628104,-0.048354104,0.09135101,-0.1733295,0.35100114,-0.021982528,-0.2528974,-0.1515997,-0.070916474,-0.03814075,-0.10965886,0.10355787,0.0289865,-0.13397923,0.03527236,0.0140303485,0.14293501,-0.20239498,-0.22861923,-0.2731043,-0.07834885,0.17471305,0.20254576,-0.2010057,-0.25547254,-0.053025167,0.1901072,0.075689495,0.2406004,0.050510626,0.15104792,0.02480615,0.328175,-0.069481835,-0.028519284,0.31275263,0.2822003,0.25012285,-0.14626837,-0.034342967,-0.08392472,-0.054628953,0.015282884,0.26446182,0.18668245,0.02804016,0.27936596,0.17017235,0.26471066,-0.1329808,0.067853324,0.120190114,0.032558635
"(113.853747585777, 22.63087561845457)",0.15573704,0.04927288,-0.011915941,0.09027012,0.16402866,-0.063797235,0.053195156,0.021567702,0.021835074,0.25370026,-0.07920337,0.071563184,0.014822498,-0.06642192,-0.08620147,-0.0048852563,0.039540514,0.050613128,-0.043005858,0.057533074,-0.07437163,-0.08987058,-0.021289475,0.039935946,0.05288205,-0.038806755,-0.12109645,0.018364914,-0.047596507,0.08789654,0.14618024,0.11283337,-0.09043218,0.027304063,0.2069479,0.04277765,0.096989706,-0.06960027,-0.0017076768,0.1320956,0.08919833,0.15679264,-0.18020552,-0.011341356,0.08317044,-0.043274842,0.041373536,-0.101384684,-0.050688766,-0.10105726,-0.0741041,0.093945414,-0.060698513,0.11533491,0.10372686,0.15733781,0.09890544,0.056087457,0.042989526,-0.023199968,-0.037164893,-0.07051348,-0.04375356,0.02949123,-0.027828805,0.024438784,0.01996456,-0.05812531,-0.018779218,-0.12333155,-0.009838499,0.116558395,0.0031342208,0,-0.22406928,-0.016431537,0.20523028,-0.004901774,-0.071091995,0.033252127,0.06765844,-0.04844679,0.10999814,-0.170176,0.06672752,0.15524423,0.0033749714,-0.20785931,0.025076471,-0.10237927,0,0.07797439,0.05272431,0.060776927,0.08801552,-0.26095173,-0.046058353,0.1313415,0.042526536,-0.12499718,-0.058677398,0.026049905,-0.09527008,0.13862358,0.023775637,0.14450212,0.15245768,0.16409877,0.16371353,0.01660287,-0.0127620725,-0.03798578,0.045414247,0.023590807,0.0012676641,0.13116288,0.29256827,0.24417248,-0.05518717,0.032316346,0.13652591,0.07765634,0.12557599,0.08706366,-0.09214074,-0.0056972206,-0.029185008,0.040039476,0.08350208,0.20725101,-0.1267659,0.017262047,0.04134406,-0.038742,-0.10742669,-0.025802562,0.16237202,0.116242364,0.26031443,0.0056174304,0.038108733,0.023421865,0.07827161,0.18167928,-0.054866828,0.059261575,-0.063237146,0.044921268,0.019607179,0.17301726,0.2963175,0.021187782,0.019114077,-0.013863817,0.17298114,0.10200137,0.08559166,0.06922404,0.21409547,0.25937063,0.00674358,0.05725035,0.061772123,-0.039234843,0.077817574,0.06666032,-0.053454205,0.2319903,0.0014489144,-0.0536061,0.07185496,0.24354221,0.21020147,0.072235875,-0.033517763,0.09404063,0.11991562,-0.00243985,-0.0096460655,0.04944069,0.17654485,-0.02118399,0.10516712,0.12004263,0.118231066,-0.0791077,0.022925794,0.04035321,0.0653603,0,-0.015295342,0.044784352,0.046820566,0.012955168,-0.039620772,0.06405684,0.14263812,0.10680301,-0.013248723,0.045916483,-0.14532316,-0.10338104,-0.018245094,-0.03062961,-0.05902745,-0.028790414,0.0034007132,0.20560211,0.037926517,0.10033901,0.020353556,0.14940335,0.017091177,0.16276732,0.19792828,0.138569,0.04445073,0.004210435,-0.01109191,-0.1464657,-0.01301552,0.07727853,0.27265406,0.14110762,-0.005514335,0.20010647,0.012892488,-0.005184695,0.021726884,0.025568485,0.11024614,-0.07292204,-0.002701244,0.04491511,-0.060663722,-0.0045658574,0.044518616,-0.06251056,-0.064738646,0.105512045,0.12393464,-0.051951364,0.07870042,-0.036572263,0.041030835,0.094059445,-0.28351334,0.14103276,0.009457219,0.23303646,-0.048883237,-0.13494258,-0.12682195,0.13712654,0.050775506,0.03648358,0.22063589,0.06466648,0.020828247,-0.012672,-0.063668914,0.2041556,0.049320992,-0.022207342,-0.03789017,-0.011929981,-0.13625243,0.13612355,-0.083410546,0,0.14809167,0.07253799,0.045941208,0.023948729,0.21119794,0.062064715,0.2136806,-0.08178218,-0.04427748,-0.11748278,0.03908231,0.007257578,0.03384886,-0.020949721,-0.21443282,0.103615806,0.07909492,-0.010351997,-0.0050867945,-0.032948337,0.020138588,-0.011496432,-0.02751737,0.13406426,-0.01987528,-0.0071869977,0.08230691,-0.031464554,-0.09521245,0.13473122,0.015429715,0.15499055,0.10030556,0.13711727,0.10714215,-0.026340501,0.00858802,-0.011047818,0.10911645,0.06905706,-0.0070186593,-0.0031440072,0.084565744,0.060859066,0.017220154,-0.015771545,0.017730117,0.080742925,0.07510118,-0.07139113,-0.044123545,0.014740396,0.0073797293,0.009314485,0.14084634,0.12746602,0.1445055,-0.05916868,0.013180538,0.1581803,-0.18291353,0.124863975,-0.11872821,-0.033663556,0.18344186,-0.07003439,0.117924035,0.17637362,0.1383448,-0.165547,0.18154445,0.077681445,0.06725404,0.03154984,-0.048316017,0.05523438,0.089735806,0.119539045,-0.058583986,0.036473494,-0.07254714,0.10847464,0.13663982,-0.024862811,0.07714047,-0.006445595,-0.061603505,0.044365194,0.1359756,-0.24288297,0.10809104,0.10001137,-0.036491275,0.14599045,0.1002112,-0.15307923,-0.039530143,0.08667141,-0.08032313,-0.20101994,-0.080173634,0.040581115,-0.06496156,0.29197985,-0.12790416,-0.12943809,0.20975652,0.10947111,-0.053234693,0.078336,-0.06196599,0.0933397,-0.10075983,0.19420837,0.19436981,0.15734912,0.0684574,-0.16209853,0.057295293,0.045092717,0.14439097,-0.002447337,-0.0066541582,-0.018789396,0.0032107756,-0.006366945,0.27854472,0.06061451,0.080612406,-0.012512188,0.10050087,0.18457296,-0.044076703,0.059006386
"(113.85397314517353, 22.64870286548278)",0.25086093,-0.106631234,0.017789144,0.18330255,0.42502022,0.089909,0.27930355,0.10061334,0.26356116,0.32939225,-0.02313257,-0.019998029,0.24148968,-0.005051516,0.0704081,-0.059994534,-0.13778222,-0.15918905,0.06416374,0.07138039,0.13343105,-0.12437473,0.009546213,-0.22441706,-0.051094715,-0.04670219,-0.18541333,0.120743506,-0.17153151,0.16315559,0.092339315,0.07019452,0.0450939,0.1720059,0.09708866,0.08506555,-0.19572982,0.0430139,0.109944776,0.06990411,-0.089977615,-0.15463811,-0.1091393,-0.07737126,0.017113082,-0.27249372,0.054827534,0.12557776,-0.10435794,-0.29421052,-0.00394848,0.06628893,-0.041978177,0.008258112,0.11856081,-0.023266155,-0.0013156002,-0.1097443,0.003373525,-0.0379133,-0.14634316,-0.11488109,-0.20191802,0.27672398,-0.0017544832,-0.0006447397,-0.013858147,0.11642361,-0.06486368,-0.14137785,0.03723439,0.032465026,0.052075107,0,-0.080270335,0.033326805,0.18500309,0.010918841,-0.25920948,0.18272042,-0.025443468,-0.113404095,-0.03709678,-0.076683514,0.024985578,0.045031473,0.077184394,-0.3867522,-0.08412608,0.08665741,0,-0.09564953,-0.08970969,-0.43350208,-0.05193556,-0.3130359,-0.06020552,0.034657866,-0.111097686,-0.1236683,0.09451951,0.031122297,-0.17736644,0.12368558,-0.03205353,0.1607415,0.06934787,0.31724584,0.18312697,0.019283403,-0.16243835,-0.13050678,0.110563524,-0.025129132,0.11048568,-0.20148274,0.47302535,0.23720282,0.07562997,-0.057326943,0.03214749,0.07254992,0.1914127,0.21738252,-0.03612625,0.15014991,0.063724205,0.009303091,0.08404878,0.42581642,-0.10266931,0.058406882,-0.0062429225,-0.07750564,-0.032698587,0.2902612,0.11264103,-0.17210373,0.2167962,0.09108999,0.053628888,0.000112552196,-0.31578356,0.109490536,-0.14081267,-0.20476311,-0.15831873,0.23904581,0.08026339,0.19692738,0.10522169,0.018407464,-0.097764745,-0.083127886,-0.17116465,-0.31727186,-0.07896763,0.13555574,0.0025188252,0.30728906,-0.1646309,-0.07831514,0.25633806,0.0072965696,0.26956236,0.18493196,-0.03139299,0.119772196,0.13653818,0.04913675,0.04204738,0.17485796,0.020678364,0.12922962,-0.09895885,-0.027569927,0.06063752,0.044267256,0.1035096,-0.08277946,0.03333617,0.02638311,0.08413027,0.164455,-0.18797484,0.014226016,0.07004527,-0.053355813,-0.059357874,0,0.08846983,0.24674636,-0.0872106,-0.07477538,-0.0755191,-0.11946374,-0.16499925,-0.14559308,-0.12530425,-0.034776103,-0.07596119,0.005364433,0.0857346,-0.20700784,0.061855383,0.0049510077,-0.14074193,0.13385142,0.028998435,0.038351193,-0.20875354,0.20649716,-0.22180274,0.09228844,0.47133175,0.12435825,0.022369253,-0.03340315,0.015494473,0.0097586885,0.13152818,-0.02122896,0.16166511,-0.16261482,0.050295588,0.114387885,0.13156563,-0.13260177,0.033273205,-0.037926547,-0.006657142,-0.084973276,0.03379632,-0.013530651,-0.29254782,0.112010196,-0.049524914,-0.004716173,0.09330954,-0.031211149,0.03250656,-0.12334267,-0.08212079,0.016150132,-0.2007575,-0.116431646,-0.2465608,-0.036792103,0.106275216,0.035658345,0.012195632,-0.19813809,-0.046884105,0.05812767,-0.16284034,-0.074302696,-0.006420709,0.36888158,0.032880314,0.07574842,-0.19306168,-0.08799275,0.13855167,-0.14129385,-0.082118675,0.013402071,-0.05104512,0.3353023,-0.13254024,0,0.037199132,0.1608104,-0.085465744,0.13191028,0.17250708,0.07864834,0.19520159,-0.29488432,0.07116053,-0.20427588,0.17400764,0.16493076,-0.022721805,-0.010288157,-0.36356783,0.011021124,0.039105844,-0.076695755,-0.35406852,0.08278713,0.06569682,-0.2269354,-0.08204599,0.11506601,-0.016010828,-0.017605167,-0.061656825,-0.15957569,0.096717805,0.006347388,-0.027820436,0.1258814,0.14630498,0.0034598336,0.30877426,-0.018078895,-0.02458128,-0.029280743,0.29187807,0.1924583,-0.016184408,-0.04093767,0.097537965,-0.24695344,-0.05175115,-0.033192083,-0.3049941,0.064885184,0.036727306,-0.04210435,-0.05434671,0.0825208,0.15426764,-0.31392908,0.05869425,0.33559942,-0.0640944,0.19556576,0.12769581,0.0858835,-0.11095433,-0.22579287,0.15285257,-0.06607104,0.23588343,-0.03178982,0.08632396,-0.0017316216,-0.026521452,-0.1310172,0.052985594,0.1039573,0.2721545,-0.11534114,0.23892508,0.00013265759,0.16858663,0.2899822,-0.040017493,-0.008124426,-0.13504303,0.07760142,-0.12025499,0.2774276,-0.09412224,0.13402182,-0.122835,-0.14517182,0.20092425,-0.25498903,0.28618413,0.00406518,0.20302527,0.11704933,0.13628867,-0.24314494,-0.086912096,-0.081408,-0.039006736,-0.19004948,0.20260483,-0.075617045,-0.2479428,0.52731264,0.044122532,0.22204655,0.38215527,0.055159915,-0.05729563,-0.11296345,-0.32890722,0.0941951,0.01504847,0.45609903,-0.076629266,0.29907462,-0.120761044,0.0025811652,-0.10372509,0.06333848,0.21768817,-0.2455316,0.17968096,-0.08571926,-0.09009197,-0.07316192,0.16751711,-0.1461917,0.25757518,-0.21120714,0.043696407,0.15482178,0.011795713,-0.15127641
"(113.85401180765102, 22.64359592383254)",0.18761384,-0.033047155,0.07408036,0.11620601,0.32937887,0.07185897,0.08344565,0.06208966,0.22754376,0.21789408,-0.0099956095,-0.0011887439,0.19672838,-0.03423241,0.10034648,-0.047658555,-0.030993998,-0.052948974,0.01999795,0.04700354,0.03729976,-0.0939883,-0.014273325,-0.15536615,-0.0076676942,-0.016420607,-0.10485425,0.063765906,-0.08519356,0.06400108,0.07311248,0.044352163,0.1640605,0.08039373,0.07245645,0.07752543,-0.060092784,-0.055025414,0.04371668,0.07983301,-0.036507137,-0.100338794,-0.14345768,-0.019355364,0.02220396,-0.21869235,-0.010758422,0.07489915,-0.12610179,-0.15025091,0.06657407,0.07597946,-0.0050256588,0.071894184,0.0075639114,-0.08617748,0.041274197,0.009492084,0.00539477,0.03820138,-0.017291706,-0.052904606,-0.15399027,0.17691837,0.0021261163,-0.037818927,-0.03675641,0.10289954,-0.023694571,-0.087227836,0.02466882,0.034622356,0.071715735,0,0.013326922,-0.0033804104,0.10642061,-0.02177018,-0.17204447,0.04911139,0.007528823,-0.03512632,-0.014239486,-0.092303485,0.067527995,0.040507555,0.036787897,-0.23425597,-0.06038352,0.030664556,0,-0.1369287,-0.0044993684,-0.27822188,0.00030600093,-0.1443306,-0.08378179,0.06659442,-0.025299495,-0.08293703,0.105928734,0.042286716,-0.14554577,-0.0034082383,-0.052041873,0.1537087,0.086681955,0.2408348,0.1524085,0.031885467,-0.11927793,-0.018276356,0.06929084,0.04315517,0.03367702,-0.10108703,0.22981824,0.162262,0.008754469,-0.100470915,-0.01566659,0.08413101,0.10801387,0.16185544,-0.09306294,0.08445294,0.13077076,0.020623554,0.06455394,0.23671061,-0.07147335,0.07078004,-0.026417583,-0.1109551,-0.08205053,0.23700416,0.06502996,-0.08839899,0.19335963,0.115525946,0.18393046,0.04292368,-0.17050615,0.050555818,-0.19258574,-0.15041958,-0.0768668,0.13673337,0.15026328,0.058484077,0.08916977,0.0063922107,0.0346248,-0.036296666,-0.0905626,-0.20753123,-0.04339558,0.055968054,-0.025030985,0.20296015,-0.045168445,0.020557791,0.18940067,-0.01761162,0.15143558,0.21788086,0.018879233,0.114887826,0.17098261,-0.061952315,0.081029005,0.0812883,-0.023164801,0.07568518,-0.1549891,0.0048440956,0.009273067,0.03136422,0.13785052,-0.101795316,0.044261962,-0.04015193,0.10306157,0.13451421,-0.049100064,0.0022716857,0.0033163987,0.0038328338,0.00511349,0,0.049177524,0.13219708,-0.010908628,0.012406362,-0.03681188,0.0552229,-0.11296149,-0.035017215,0.046010233,-0.081449986,-0.026150608,-0.042179197,0.06342586,-0.11066033,0.038571484,-0.051591873,-0.05295229,0.08897413,0.053936265,0.119201325,-0.068823606,0.122618265,-0.1430907,0.07119989,0.36034927,0.060816873,0.008030472,-0.036316253,0.003814198,-0.028060772,0.085249424,0.017394634,0.16334726,0.0065319054,0.09779064,0.06496482,0.0673203,-0.094927385,0.057417735,0.040715516,-0.058785427,0.030502077,0.027213097,0.09986998,-0.16045445,-0.030052863,-0.043773573,0.02630335,0.022745252,0.033400126,0.0557008,-0.056785285,0.002800079,0.16897273,-0.1390885,-0.10047781,-0.20298071,-0.00053497776,0.07424262,-0.016123176,-0.03939656,-0.12634784,-0.034375504,0.04881298,-0.162449,-0.0028458238,0.08901802,0.304938,0.039038807,-0.007885076,-0.1168353,-0.007971741,0.02886929,-0.07689937,-0.0068449415,0.0978491,0.029215097,0.2273204,-0.04757454,0,0.104625754,0.1549395,-0.03828449,0.031795755,0.16850288,0.01685211,0.2095603,-0.28818735,0.062992714,-0.21643469,0.1027663,0.074096195,0.045789406,0.08805781,-0.24382807,0.053236898,-0.06592272,-0.015378624,-0.25723296,0.04108105,0.053797863,-0.1842716,-0.106925994,0.06717851,0.0694032,0.12274181,0.043951824,-0.06951268,0.046414196,0.011653289,-0.028637012,-0.01356788,0.079368964,0.017705455,0.25027797,-0.002267221,0.019223403,-0.06543563,0.20933835,0.13113406,-0.032342408,0.09096806,0.05926917,-0.19259913,0.041761175,-0.012086704,-0.13799948,0.010570541,0.013290491,-0.0736971,-0.104292095,0.055446595,0.14452742,-0.17003101,0.022027291,0.21898147,0.0063530207,0.089484245,0.046437964,0.02077815,-0.071398765,-0.111140564,0.13075228,-0.052634172,0.13179776,0.06021537,0.05518561,0.0381389,-0.010598071,-0.104884356,0.07725442,0.031272627,0.186551,0.0010413975,0.1716346,-0.0009574853,0.017942373,0.19436716,-0.014482059,0.037255522,-0.039898604,0.09898834,-0.0015513301,0.11789093,-0.03289111,0.09303848,-0.037467316,-0.17533274,0.18630475,-0.22463544,0.15218008,0.064389445,0.21564443,0.08252557,0.07224192,-0.13906576,0.007689286,-0.0076572336,-0.044340137,-0.14558876,0.04041543,-0.013908191,-0.14310825,0.3955443,-0.003921138,0.0941596,0.2748575,0.12468962,-0.03894007,0.002558548,-0.302808,0.101483986,0.05453974,0.3991886,-0.039357305,0.17576008,0.0013548064,0.08185156,-0.120300114,0.04978048,0.09821232,-0.13441679,0.14108981,-0.087941736,0.020007186,0.020276278,0.1204202,-0.065872855,0.14826626,-0.16735683,0.035787676,0.07985528,0.038230076,-0.10101961
"(113.854093428554, 22.62764271342753)",0.15678823,0.058085807,-0.019286182,0.09345558,0.1343127,-0.10346514,0.078289896,0.020066626,-0.017506763,0.28855008,-0.09137231,0.11682838,-0.043225273,-0.09163533,-0.14148599,0.005649898,0.04723166,0.10119399,-0.029569197,0.14566855,-0.028035007,-0.08166742,-0.0371645,0.07248399,0.05233879,-0.023528434,-0.115937255,0.019821703,-0.12383245,0.09291044,0.15823354,0.10662277,-0.06398636,0.03741353,0.254876,0.015532406,0.05978826,-0.04236743,0.03621797,0.13368183,0.048796244,0.2397592,-0.1792894,-0.029982567,0.048152514,-0.018072372,0.10462126,-0.120569825,-0.06559911,-0.11502965,-0.09598857,0.08802186,-0.059046354,0.058398373,0.11333125,0.20170704,0.068717636,0.019338332,0.02863304,-0.09776836,-0.07854417,-0.09701895,-0.038731556,0.008850351,-0.025943931,0.022039078,-0.006810561,-0.08186594,-0.008844256,-0.16110663,0.030955814,0.11228671,0.0059118047,0,-0.27228296,-0.021698128,0.2251934,-0.042090632,-0.12002593,0.09184421,0.061680686,-0.059343264,0.14513846,-0.21875583,0.04446854,0.11952086,0.03699264,-0.20972955,-0.007009141,-0.1267457,0,0.10558086,0.02252514,0.10036177,0.115812816,-0.27301157,-0.050412577,0.08644341,0.0130751375,-0.13291728,-0.04138851,0.06222225,-0.07117587,0.19818874,0.107134,0.12477939,0.19473553,0.2029063,0.21340433,-0.040030777,0.026677344,-0.055117805,0.030836023,-0.055312105,-0.021096773,0.1879622,0.33089364,0.2892063,-0.07735057,0.008661453,0.21534099,0.057934336,0.15908907,0.101148784,-0.06535011,-0.008190125,-0.04570463,0.040930927,0.06671784,0.26354992,-0.20362538,-0.014352897,0.09914544,-0.03042426,-0.14426018,-0.050083905,0.2547717,0.12985201,0.21021096,-0.040367685,0.05158555,0.0071912594,0.08330989,0.16515765,-0.034349367,0.05016946,-0.06902574,0.06417372,0.06064099,0.250087,0.29940385,0.053017005,0.017423376,-0.03567168,0.2302719,0.12891017,0.099225074,0.1109507,0.2505534,0.29883492,-0.06469074,0.08513172,-0.0086835325,-0.108078286,0.07373451,-0.0064166393,-0.045630902,0.22234501,-0.067241445,-0.07176039,0.06935598,0.2543582,0.22452168,0.068461455,-0.043785892,0.0924077,0.16830747,0.028319597,-0.036793746,0.03609839,0.26859573,0.0104093775,0.10188374,0.100706324,0.12955922,-0.13289517,0.06633299,0.052906357,0.10716369,0,-0.04992484,0.049659945,0.0699507,0.013903534,0.0012682974,-0.0054345224,0.1935112,0.12241883,-0.03526092,0.0639616,-0.14887199,-0.11757931,-0.034129005,-0.043127775,-0.08345653,-0.0097716,-0.054858834,0.22846179,0.07318226,0.096076645,-0.006441146,0.14242208,0.007174801,0.15639639,0.09920042,0.10908325,0.045935765,0.06570495,0.011997141,-0.16603093,-0.0013370104,0.05600307,0.36179447,0.12199867,-0.0018549524,0.18438715,0.1164107,-0.013152141,0.014135636,0.008644395,0.100609764,-0.15298979,0.0327301,0.04596542,-0.010884166,0.078641504,0.053115573,-0.047792524,-0.11311914,0.13414243,0.08258637,-0.07376512,0.057208717,-0.05497606,0.057865795,0.09592164,-0.26923123,0.15911084,-0.00481122,0.23511353,-0.07510402,-0.14754789,-0.18121205,0.17175019,0.08328296,0.025699027,0.2087248,0.07404639,-0.0151602775,-0.056259654,-0.046283443,0.24219525,0.066879764,-0.009568714,-0.029574592,-0.033683497,-0.1269075,0.1300772,-0.14516243,0,0.13306886,0.014952788,0.021957371,0.06820768,0.21720436,0.09922042,0.1982716,-0.015940566,-0.057781972,-0.12989852,0.04591847,0.032551315,0.051129974,-0.059257627,-0.17489047,0.1310415,0.123545535,-0.028748646,0.084997535,-0.0555349,0.009485979,0.049899265,-0.069726676,0.070792854,0.012542523,-0.0975539,0.08362231,-0.062598184,-0.11091426,0.17852263,0.04051707,0.22769472,0.08733852,0.14321704,0.08641572,-0.054330602,0.00016184524,0.04809841,0.06678122,0.12749186,0.0004941188,0.008490417,0.10174239,0.11673388,-0.08564438,0.004543744,-0.04585439,0.059132457,0.07154247,-0.09168824,0.027579889,0.0069153085,0.02235018,-0.0028495118,0.1940074,0.14890732,0.12020507,-0.03092499,-0.027564483,0.20007533,-0.18108623,0.13535994,-0.1712656,-0.0383531,0.19936043,-0.14176118,0.14987889,0.22822067,0.18705255,-0.15523998,0.20613948,0.09970958,0.07492009,-0.0020132158,-0.070078164,0.04286582,0.088290036,0.09346447,-0.10243615,0.08874649,-0.06254819,0.12541912,0.16043852,-0.035826072,0.06355741,0.038626887,-0.07281439,0.049411695,0.094894625,-0.24189429,0.087153204,0.08927227,-0.091573074,0.18661274,0.1273454,-0.08566231,-0.07651096,0.13588466,-0.14559303,-0.24444334,-0.09640666,0.0036972258,-0.032635275,0.32616132,-0.1940291,-0.18761776,0.18723547,0.04123574,-0.05681954,0.12018126,-0.008080799,0.080070585,-0.14110789,0.18946832,0.21862963,0.20430292,0.058122136,-0.20780143,0.008194521,0.07435357,0.17277554,0.03058955,-0.057373002,-0.012046859,0.020201705,-0.01940199,0.31240728,0.09393583,0.098648764,-0.012648914,0.12515697,0.19786647,-0.05749596,0.09299083
"(113.85471627850718, 22.56422148204922)",0.16116387,-0.118531436,-0.0021245033,0.076867715,0.23029824,0.15241025,0.08910097,0.05915836,0.23468138,0.14180014,0.0023495704,-0.008784488,0.23121995,0.1803833,-0.03835869,-0.04404214,-0.034346804,-0.07043382,0.3117024,0.23974328,0.2879861,0.007986853,0.06928333,-0.05819705,-0.027328629,0.029700968,0.0091090575,0.071805745,0.0004337579,-0.038181365,0.008083291,-0.0016516671,0.32491466,0.2641325,-0.017540611,-0.07264096,-0.12957266,0.13322987,-0.0078644045,-0.05468624,-0.31821263,-0.06466391,-0.048881263,0.0135417655,-0.10901466,-0.15371443,0.17299064,0.11478566,-0.121195585,-0.11361115,0.049431577,0.027983146,0.09449619,-0.088607,-0.31849742,-0.22553757,-0.17742781,0.05360713,-0.1383025,-0.097179316,-0.15376236,-0.08238453,-0.12870502,0.22761025,0.07576996,-0.17550772,-0.049790636,0.17256348,0.01761946,-0.23501892,0.0063657984,0.020303736,0.099739306,0,0.007977972,0.021280278,0.07655586,0.08617123,-0.1611776,0.21135652,0.0862771,0.014013253,0.05945338,-0.20898013,-0.009026762,-0.2151648,0.047750533,-0.17757574,-0.18141967,0.07083776,0,-0.22150195,-0.12869212,-0.10403132,-0.04211604,0.29043615,-0.035010193,-0.058355466,-0.013162306,0.021811891,0.4486728,0.08360753,0.09377256,0.033745676,0.05380717,-0.027783498,0.093558,0.285298,0.04379686,-0.18956426,-0.08464718,-0.10631026,0.06687889,-0.026050821,0.1798541,0.011260309,0.12829646,0.1970552,0.009863324,-0.07813959,0.24356334,0.10189044,0.15498045,0.25732055,0.09303049,0.054180235,-0.005323034,0.012108479,0.12610564,0.30012,-0.17160666,-0.030007215,0.091959134,0.16423047,0.0046994686,0.28246173,0.22267324,-0.014803354,-0.18007502,0.07222495,0.14761484,-0.10207695,-0.07564609,-0.15079194,-0.08083128,-0.2812216,-0.04782325,0.039545406,0.23013641,0.29430765,-0.07317425,0.12027887,0.040859036,-0.046224326,0.0076481737,-0.21759644,-0.004650235,0.14073569,0.07124958,0.24455352,-0.30378503,0.25935432,0.05669877,-0.057656202,0.17364994,0.0901609,0.12617412,-0.025176063,0.06082268,-0.08663409,0.023120875,-0.06563687,-0.4118533,0.008512236,-0.33562338,-0.10109076,0.10716085,0.049613945,0.03573718,-0.18863574,0.106466934,0.15799743,0.0007537082,0.13200948,-0.05805088,-0.28939664,0.05735062,-0.017537413,-0.14315858,0,-0.020876382,0.26555425,0.020852858,0.024705647,0.07330667,-0.13956392,-0.10649288,-0.021907948,-0.13718389,-0.26360625,0.10844633,0.013115987,0.049834795,-0.06231398,0.12835534,0.08467981,-0.11311455,0.09071871,0.1628662,0.05758816,-0.112423524,-0.12325438,-0.07857949,0.054130375,0.044040404,-0.2082154,-0.031357355,0.1782215,-0.18598953,0.04369525,0.12082139,-0.31720385,0.2228484,-0.094436795,0.022062559,-0.08554579,0.34426445,-0.08009924,0.14949092,-0.0667621,-0.15993263,-0.19921061,0.21283622,0.077337645,0.012125805,0.28323978,-0.093102425,0.13595894,-0.18901496,0.2353659,-0.18866703,-0.18196556,-0.040499315,0.004808396,-0.078220695,-0.10047578,0.07197443,-0.031911332,-0.010453992,-0.40732908,-0.12848958,-0.19422027,-0.09704833,-0.0010054987,-0.12739554,-0.10264274,-0.05782468,0.14390936,-0.012547925,-0.23900324,0.055574276,0.0066433772,0.13985187,-0.024218537,0.06642577,0.014264468,0.05676788,-0.09566,-0.15178597,0,-0.0052184463,0.07192817,-0.1354909,0.0042564273,0.023117304,0.10320614,0.12406644,0.090709016,0.31116566,-0.20636146,0.021273356,0.13874468,0.024774188,-0.14582199,0.08617613,-0.022844225,0.0050060577,-0.028594036,-0.0673897,-0.0122446995,-0.116090715,-0.1645332,-0.44111097,0.015480727,0.24877253,-0.13501063,0.022593217,-0.31107882,0.08359747,0.007315114,0.22361656,0.120479636,0.030724782,-0.08779429,0.06132389,-0.02102864,-0.1616876,0.13913202,0.03191438,0.007595584,-0.027974907,0.2492495,0.09761177,0.11226034,0.0018239468,-0.1560247,-0.36130118,-0.01951313,-0.043498944,-0.08341612,0.041916244,-0.015914883,0.39564207,-0.15640348,0.040011205,0.19253495,0.063175075,0.12775627,-0.12199001,0.048073545,0.071890205,-0.06985539,0.0819583,-0.006315885,-0.016321652,-0.08240885,0.1592358,0.070843846,0.06860519,0.15053777,0.032548405,0.065875866,0.109428465,-0.10667847,0.17499168,-0.069418326,-0.27114618,0.16759695,-0.13880637,0.08902392,0.19025391,0.13383368,-0.15819895,0.12876031,-0.08255201,0.30934024,-0.022639226,-0.33605632,-0.14567524,-0.021399349,0.11841953,-0.12555383,0.057276905,0.057316758,-0.057145096,0.019612044,-0.0064769536,0.085118264,-0.16755386,-0.19096373,-0.024798922,-0.1677059,0.027187511,0.36060902,-0.01727883,-0.104392484,0.08797327,0.011019383,0.024955709,0.18702175,-0.093006894,0.08355501,-0.06844745,0.31362447,-0.12266296,0.27145946,0.061713688,0.22234452,-0.119738355,-0.07400079,0.14611246,-0.13391164,-0.07075168,-0.12837899,0.27206963,-0.0636322,0.030123431,0.09740859,0.24395555,-0.049197365,0.014877703,-0.026017353,0.06452902,-0.19390552
"(113.85476222952028, 22.614065348370136)",0.14730749,-0.08002528,-0.06733224,0.08775097,0.25561368,0.0826032,0.11546226,0.08969702,0.20208953,0.2200445,-0.010295279,-0.0874686,-0.03586848,0.03295576,-0.074195355,-0.017552245,-0.06891061,-0.12743425,0.069191895,-0.07680522,0.05018162,-0.04265006,0.07606905,-0.121800095,0.020954799,-0.07027973,-0.06810518,0.02555678,-0.06346506,0.0901003,0.09653652,0.06490657,-0.07312976,0.15992127,0.11527231,0.061856948,-0.0018795803,-0.08466141,-0.00028098002,0.058036603,0.008271955,-0.011484332,-0.11472876,-0.08332021,0.042644292,-0.08200021,0.048390023,0.033506807,-0.05311028,-0.10542491,-0.06092091,0.085085645,-0.03458618,0.066544615,0.15142721,0.031441223,-0.0014046011,-0.02499462,0.030713353,-0.14523822,-0.13432528,-0.07217933,-0.026428774,0.16917762,0.042013887,-0.10130312,0.1422304,0.027130198,0.011426711,-0.14320043,-0.03840988,0.11616611,0.051193982,0,-0.12006011,-0.014704201,0.1938823,0.07807111,-0.137061,0.110363714,0.034546282,-0.061042383,0.024125274,-0.11347106,-0.012186006,0.011058658,0.022455566,-0.22144547,-0.056747936,0.02701372,0,0.04875771,0.0108874515,-0.14505722,-0.07317949,-0.15596308,-0.035635427,0.10321772,-0.0377435,0.010833282,0.06576659,-0.01808668,-0.11359486,0.10015221,-0.07471026,0.11013065,0.051144347,0.22036666,0.105377436,0.06500089,0.0022428865,-0.14616254,0.07270423,0.06427975,0.017303176,0.029801711,0.26992378,0.21015236,0.032410666,0.038202945,0.19881491,0.122472696,0.13104154,0.14068027,0.020877877,0.10321993,-0.08069755,0.036442414,0.090952076,0.2805219,-0.10132926,-0.042712502,0.13989699,-0.011740483,0.041737176,0.07628849,0.16323909,0.013493802,0.14378324,0.089957856,0.008435626,-0.0042424873,-0.05930242,0.117274635,0.02336128,-0.14970382,-0.09655552,0.059514284,0.027473234,0.27287766,0.021866608,-0.013010599,0.07431495,-0.006945163,0.12847422,-0.09922335,-0.038272902,0.15781155,0.06706504,0.23245509,-0.12613338,0.08559576,0.2457125,0.059010904,0.23000768,0.07683226,0.038190648,0.1695493,0.06206663,-0.025698839,0.04624434,0.10323027,0.06914763,0.046902552,-0.020478949,0.014542747,0.07915905,0.023081541,-0.031520978,0.0026130155,0.06683241,0.022758372,0.047585364,0.12750688,0.00075075775,-0.065404445,0.038113683,0.005258294,-0.04109417,0,0.0428998,0.1041278,0.033401377,-0.019954698,-0.010973267,-0.016700776,0.022170573,-0.0037915632,-0.04498801,0.00092341006,-0.07942954,-0.0077416897,0.034696218,-0.07427084,0.045668498,0.054564893,0.025447503,0.11300903,0.085600965,0.028012209,-0.047923714,0.14272062,-0.056414627,0.15258984,0.3810446,0.13106471,0.068343915,-0.025539108,0.0010881573,-0.10741867,0.028372651,-0.019208586,0.2188009,-0.062036607,0.030578334,0.111313656,0.027270094,0.022710757,0.022147939,-0.0017301291,0.09878631,-0.021694306,-0.07664377,0.0063624065,-0.1559599,0.0096314475,-0.008924928,0.016230308,-0.03786294,0.12116859,0.14507888,-0.068976566,-0.012575274,-0.06650175,-0.047204096,0.0015032813,-0.24355006,0.039435018,-0.014012642,0.06336187,-0.060819216,-0.1732173,-0.046852246,0.09897722,-0.028014027,-0.0030998364,0.086296886,0.10636267,0.07630706,0.050638057,-0.115497306,0.057757787,0.137184,-0.049807347,-0.030281533,-0.042223454,-0.049912453,0.14275832,-0.051957287,0,0.044029877,0.08301953,-0.0855045,0.15245992,0.068775244,0.07051692,0.17190428,-0.025727127,0.039979152,-0.1051963,0.10745664,0.1369214,0.013102412,-0.079472125,-0.20964885,0.03420496,0.001248089,0.0026155002,-0.099335864,0.020735214,0.026651796,-0.21392044,0.00095301867,0.29271618,-0.07753125,-0.029908463,0.016761439,-0.18047908,0.052549884,0.055137053,0.031676248,0.11256485,0.15001853,0.03748375,0.19503208,0.03270471,-0.07962789,0.011214327,0.2113228,0.0326218,0.013257425,0.002294831,0.10613021,0.07473573,-0.032653928,-0.12022217,-0.08353481,0.06973034,-0.014145244,-0.066069074,-0.023290858,0.0227565,0.09128091,-0.11446057,0.00018522888,0.21606669,0.15165251,0.06409964,0.056315348,0.090216115,-0.07726118,-0.022756873,0.017707221,-0.06418535,0.060657263,-0.046347305,0.10683176,0.07540279,0.07189513,-0.09490271,0.09993624,0.058542006,0.14997888,-0.05511216,0.15661193,-0.0022219643,-0.0013328455,0.17902313,-0.08119588,-0.0219861,-0.08305639,0.061865564,-0.02515538,0.15324345,-0.092085384,0.07601959,-0.10297581,-0.027145673,0.11449573,-0.20248887,0.12738658,0.04298579,0.027290655,0.13022938,0.057748698,-0.14519544,-0.11722233,-0.004686635,-0.06582461,-0.19888498,0.060430102,-0.04682281,-0.11353593,0.33221707,-0.065630384,-0.017073512,0.26406372,0.098536715,0.021374289,-0.03255285,-0.12902035,0.15323693,-0.012956664,0.28878048,0.07956046,0.1816471,0.049042754,-0.10577522,0.101034895,-0.039223436,0.18280691,-0.06257942,0.035802618,-0.007013634,-0.07208755,0.022766925,0.22512111,0.0488595,0.18684945,0.054669302,0.06658605,0.16859326,-0.012212969,-0.047509633
"(113.8548669528396, 22.64830530874132)",0.24568614,-0.05171504,0.10046999,0.14488146,0.3632706,0.064446226,0.16133721,0.058415152,0.21611972,0.28597876,-0.033803724,0.045491327,0.29234055,-0.042742133,0.09773942,-0.046583015,-0.045067847,-0.0241507,0.06296895,0.20872293,0.12984464,-0.120236546,-0.053263336,-0.14088431,-0.028030302,0.015671369,-0.15026796,0.1002863,-0.18255048,0.09959843,0.07721038,0.037042424,0.27124524,0.105341785,0.09386125,0.05021681,-0.18354383,0.046493597,0.09619005,0.07845584,-0.1404872,-0.084680565,-0.14811423,-0.03605719,-0.030563429,-0.27056435,0.068855695,0.10371421,-0.16007844,-0.23235925,0.06628318,0.059270166,0.005741868,-0.011967994,-0.04205463,-0.10007225,-0.0130775375,-0.030190751,-0.037786603,0.024630174,-0.067800164,-0.09502813,-0.22011945,0.20896466,-0.0030061267,-0.017192911,-0.12867789,0.13433766,-0.047087993,-0.15024169,0.08453242,-0.0066021513,0.07628165,0,-0.018854743,0.021709457,0.13192698,-0.05700405,-0.24440971,0.13060763,-0.008615989,-0.065791585,-0.014772881,-0.13434401,0.06425694,-0.012194693,0.07580805,-0.3044385,-0.10074293,0.036764495,0,-0.20087269,-0.08925689,-0.34741706,0.024817359,-0.17560753,-0.086047195,0.009417683,-0.06454628,-0.16146256,0.17249185,0.09465081,-0.14308855,0.06275101,0.048402652,0.13374636,0.11919783,0.31252807,0.21140683,-0.062367737,-0.16069274,-0.020415213,0.07277226,-0.052309126,0.06331148,-0.14441377,0.3216042,0.20655689,0.00048355013,-0.15732558,-0.0026915595,0.04354049,0.15694723,0.20464769,-0.08653571,0.08489828,0.16508742,0.0074596144,0.061925516,0.3512041,-0.14223877,0.07421004,-0.032661878,-0.11160635,-0.123935476,0.31428376,0.13536102,-0.13954073,0.13776658,0.057002217,0.21448874,0.018767506,-0.27139205,0.010916248,-0.2511298,-0.17212602,-0.10560308,0.2347615,0.21338935,0.105672665,0.13183886,0.061347105,-0.04624863,-0.06272003,-0.14347722,-0.30138054,-0.04881698,0.0876028,-0.018023558,0.27296114,-0.1293591,-0.006473452,0.13870232,-0.09745595,0.15561761,0.18757194,0.011436081,0.06894638,0.14808097,-0.047447354,0.06528679,0.11213483,-0.068249434,0.09171589,-0.21585537,-0.01831264,0.06256381,0.054125596,0.16209501,-0.1612631,0.09525193,0.014918774,0.10625583,0.13643302,-0.11120597,-0.03819787,0.04353583,-0.018369392,-0.0130627155,0,0.03474408,0.22707325,-0.049267016,-0.01224749,-0.020522602,-0.06923944,-0.15217449,-0.0744042,-0.023363624,-0.09620516,-0.013869004,-0.054713726,0.06399397,-0.14924657,0.054429457,-0.058882862,-0.18829374,0.12378764,0.06367368,0.10998575,-0.16650246,0.10218026,-0.23600286,0.0512219,0.2831076,0.003109619,-0.023815097,0.02373489,-0.015879385,0.012791671,0.14068964,-0.050635964,0.21973507,-0.047849048,0.08211514,0.03301931,0.22485799,-0.1413504,0.06326929,0.0015713125,-0.09942286,-0.10025931,0.12767899,0.113886,-0.16300605,0.100926176,-0.06308898,0.03853421,0.01389727,0.016738646,-0.042319395,-0.10557365,-0.036534734,0.16371703,-0.16507687,-0.16757765,-0.1669563,-0.025808495,0.11384046,-0.087319985,-0.036335148,-0.17637019,-0.093201235,0.04789102,-0.19413218,-0.06863212,0.03364849,0.39892668,-0.023446195,-0.063718125,-0.122560546,-0.025913127,0.039537076,-0.11309793,-0.022881042,0.08361544,0.03985338,0.26703817,-0.14934936,0,0.09116027,0.13110837,-0.07356629,0.037861586,0.22926372,0.066398226,0.19757168,-0.3279833,0.09056435,-0.25707003,0.1216542,0.11017563,0.035371646,0.0609152,-0.23846036,0.062736854,-0.008429617,-0.0638036,-0.296596,0.05007203,0.043295983,-0.15601414,-0.23379001,-0.045519374,0.15336335,0.033606585,0.015633615,-0.115330845,0.05409588,0.027592659,7.438101e-05,0.046715863,0.055480637,0.014165103,0.25873116,-0.06492768,0.004043158,-0.021984078,0.17763616,0.22054434,-0.05491434,0.09936434,0.060250323,-0.24811329,-0.036842972,0.029389612,-0.28741992,-0.014383912,0.027113002,-0.09010131,-0.044370845,0.06855427,0.21760225,-0.26596016,0.09327445,0.29806402,-0.07795561,0.14385763,0.036440782,0.07405844,-0.08889325,-0.18557653,0.15126897,-0.060353197,0.19624251,-0.017945707,0.08560719,0.054874096,0.001985021,-0.07717341,0.086131215,0.07364028,0.22495024,-0.05283328,0.17349023,-0.011416953,0.046924252,0.22356595,-0.042189844,0.07335737,-0.03617599,0.115343004,-0.024242073,0.16507864,-0.032887608,0.18653587,-0.053990632,-0.22777407,0.15122426,-0.24741648,0.21925545,0.004703531,0.22388381,0.104828514,0.11377634,-0.1386161,0.002295591,0.029986668,-0.101879954,-0.19433583,0.05038447,-0.056475386,-0.14657384,0.5188117,-0.011959398,0.12030299,0.2824496,0.050039705,-0.08143684,0.032837797,-0.2995879,0.05365703,0.0078260675,0.47156432,-0.10588897,0.27121875,-0.068174146,0.11318374,-0.22729045,0.11152611,0.12472255,-0.20042565,0.12898523,-0.12034984,0.05580098,-0.040704243,0.11099638,-0.093818806,0.19284041,-0.2665172,0.033589464,0.08524093,0.03681051,-0.10794806
"(113.85502906578822, 22.595498684981447)",0.1822485,-0.10265599,-0.08427566,0.121748365,0.28709415,0.037181642,0.29572183,0.118667886,0.181051,0.286926,-0.0060128793,-0.0094085,-0.051749773,0.00050386786,-0.096608445,0.04903098,-0.09546995,-0.11553312,0.09799199,0.102455705,0.08595421,-0.037859976,0.080526076,-0.10416195,0.0232546,-0.040133975,-0.10949683,0.087189004,-0.20609531,0.15847766,0.105381034,0.076027006,-0.07102968,0.19903724,0.16963884,0.0014406648,-0.16737765,0.0006672144,0.08343597,0.056703694,-0.12792522,0.07372589,-0.042572066,-0.13718992,-0.0065329447,-0.0007969942,0.14929649,0.045727294,-0.006621942,-0.12599024,-0.07631448,0.08299363,-0.008311491,-0.08567582,0.16260836,0.13372666,-0.059107378,-0.14092326,-0.049801875,-0.27722052,-0.2627435,-0.12656125,-0.06985259,0.15603907,0.070661336,-0.13447416,0.11808051,0.0048832633,0.031574078,-0.20275448,0.040074207,0.09276167,0.056144495,0,-0.1479563,-0.032683764,0.27058527,0.0822069,-0.17126933,0.22726548,0.027803969,-0.10342742,0.100953445,-0.19210057,-0.06555703,-0.0037339628,0.09704517,-0.28782347,-0.075129025,0.079419374,0,0.09735511,-0.0943668,-0.10426032,-0.059169553,-0.20476222,-0.019978892,-0.0016847849,-0.10980318,-0.010385331,0.1204932,0.011959761,-0.020090897,0.2543456,0.13220204,0.07217245,0.07039707,0.31603265,0.15909307,0.0007979274,0.05402809,-0.15440418,0.05866503,-0.068551175,0.057971574,0.01278028,0.36595058,0.30856732,0.06416034,0.038605843,0.29375434,0.035924997,0.20610845,0.16900565,0.08141445,0.14456147,-0.14171657,0.037730504,0.103656314,0.43749157,-0.2609406,-0.11541114,0.15156642,0.055048455,-0.0037851408,0.058182277,0.36879417,0.00956298,0.061331175,0.03625465,0.024880257,-0.07034549,-0.08699477,0.042181917,0.07695531,-0.12144372,-0.14509328,0.15006013,0.018153392,0.38800457,0.010711659,0.08061115,0.010451332,-0.02277781,0.12620366,-0.08399926,-0.014133975,0.28198242,0.1299474,0.3311432,-0.24572584,0.078067765,0.12199887,-0.035010766,0.24246837,-0.029586872,0.013411222,0.13435124,-0.025682315,0.020263555,0.028546201,0.096614555,0.081226856,0.07037362,0.0046132207,0.02458454,0.17358264,0.107905485,-0.05905225,0.006788425,0.16046478,0.10763716,0.02119461,0.17447503,-0.056122072,-0.11852956,0.16102746,0.0021050554,0.0053752773,0,0.013729487,0.21935207,-0.007297827,-0.058861796,0.06035436,-0.1738488,0.10711211,-0.0068604276,-0.107099995,0.036601134,-0.15601999,-0.031267494,0.042288914,-0.15143478,0.009504139,0.09245904,-0.066963255,0.121543616,0.10436765,0.0050286753,-0.16283815,0.14169309,-0.14464962,0.10682234,0.2702351,0.10778014,0.08238154,0.035117224,0.053371266,-0.063375466,0.09303337,-0.063759975,0.3321646,-0.16462317,-0.0049844496,0.033870865,0.1618683,-0.049812876,0.027512647,-0.044660844,0.08404037,-0.13402615,0.029115425,-0.032855257,-0.13055235,0.22580607,0.01811703,0.023675486,-0.102990374,0.1447444,0.12169351,-0.10597406,-0.06464915,-0.15368561,-0.026600648,-0.016155012,-0.2114999,0.036397133,-0.016933315,0.082503445,-0.05816763,-0.24605411,-0.1298417,0.16239585,0.047013007,-0.07666809,0.019173369,0.18265885,0.00064866245,0.040664338,-0.06409048,0.067247145,0.18940583,-0.046020083,-0.07334392,-0.037635647,-0.08380014,0.098477185,-0.21639556,0,-0.00051286817,-0.0549943,-0.18714473,0.2555545,0.04774946,0.17295685,0.16703758,0.089426264,0.05503013,-0.086902484,0.1478447,0.22435209,0.029126026,-0.16244341,-0.20341246,0.060833402,0.09401294,-0.040116683,-0.0072569847,0.015338937,0.052735876,-0.16099828,-0.022518113,0.15837803,-0.016305216,-0.22718385,-0.1238632,-0.24627116,0.01578891,0.09169173,0.06372683,0.25669459,0.18241315,0.028375551,0.14312792,-0.038933314,-0.07843229,0.13928674,0.144638,0.108620115,0.0389408,-0.011380959,0.16669685,0.12475255,-0.18254183,-0.12130322,-0.27710947,0.096318915,0.031683,-0.07737594,0.09133336,0.03355354,0.11609498,-0.19560337,0.12709144,0.26280323,0.031488054,0.14714213,0.050338283,0.2080409,-0.06970894,-0.12122907,-0.024817877,-0.101364,0.11626898,-0.15687963,0.14093076,0.13926803,0.14920598,-0.070662096,0.079815425,0.11995166,0.17895289,-0.16583471,0.12972794,-0.025847718,-0.006778922,0.15783437,-0.1284412,-0.023017526,-0.11483687,0.046228196,-0.09328151,0.22081167,-0.1460911,0.15373008,-0.13049972,0.010432157,0.014201172,-0.09655194,0.18045935,-0.044011824,-0.0442719,0.20189545,0.13261274,-0.08711064,-0.18114457,-0.0246788,-0.14928328,-0.20773797,0.12643874,-0.0830931,-0.09664578,0.3951405,-0.15738195,0.009338528,0.22849107,-0.03394969,-0.007654663,0.0070653446,-0.11630352,0.11941077,-0.102599405,0.28130886,0.12567833,0.20491017,-0.045961656,-0.1359686,0.093945146,0.03912709,0.2533414,-0.080932595,0.035637006,0.009958908,-0.09333172,-0.04448179,0.23016898,0.0013252962,0.28523394,0.028016645,0.06022268,0.25047168,-0.023886614,-0.054620728
"(113.8551054145513, 22.61820518104116)",0.1403658,-0.028364291,-0.057876736,0.09554886,0.23179099,0.04341286,0.10262701,0.06254703,0.13137034,0.23923217,-0.04317139,-0.043038342,0.014743552,0.010064453,-0.06645942,-0.021161545,-0.028608665,-0.07491688,0.015685907,-0.052048128,-0.021063112,-0.06339692,0.03996081,-0.06523314,0.035174694,-0.06511817,-0.10353974,0.03564339,-0.028456919,0.10113458,0.12046479,0.092620865,-0.12415378,0.09853317,0.14599925,0.06575266,0.052703623,-0.077317715,-0.005789418,0.080279686,0.06705669,0.029157616,-0.14128429,-0.040873002,0.082517825,-0.072815455,0.028716132,-0.029693339,-0.031505607,-0.10881965,-0.07698184,0.09257749,-0.060954224,0.112328455,0.14077705,0.09412594,0.051252637,0.024689548,0.050591674,-0.07040205,-0.089122236,-0.06791193,-0.037980486,0.11245479,0.006126888,-0.023778267,0.10622921,-0.006923303,-0.01278824,-0.11345151,-0.0470357,0.12710205,0.017525889,0,-0.18254305,-0.0055687614,0.19651176,0.059609093,-0.087108046,0.06726039,0.055008244,-0.059344724,0.049439993,-0.12012564,0.027519096,0.108241305,0.005762689,-0.22923309,-0.0055749193,-0.02716057,0,0.06392842,0.035451107,-0.06983491,-0.019308474,-0.21927665,-0.02641818,0.13355394,0.009780163,-0.054047983,-0.004456058,-0.027169712,-0.107785046,0.115274206,-0.055316895,0.13126299,0.07978651,0.17814101,0.11456198,0.069072984,-0.01812892,-0.1083541,0.05657772,0.071148925,0.030321933,0.057907753,0.2999456,0.22582787,0.019434258,0.06174637,0.15476458,0.1161886,0.12879737,0.1271192,-0.03556855,0.046590313,-0.0684686,0.03668288,0.09926552,0.22913188,-0.07710308,-0.0052545164,0.06776336,-0.010367267,-0.00468795,0.035337187,0.119229816,0.059008982,0.21828705,0.06157685,-0.020429622,0.012492891,-0.005643964,0.17180267,-0.0028869137,-0.04721293,-0.08334656,0.04251747,-0.019168712,0.21717517,0.16143505,-0.006991744,0.013315171,-0.008286312,0.122983396,-0.019446347,0.014456496,0.09801861,0.14424577,0.24217536,-0.051048666,0.047497123,0.19026014,0.060368363,0.16929013,0.10360462,-0.031982943,0.21507174,0.038759843,-0.0129000675,0.048618346,0.18869214,0.13248885,0.06654606,-0.011552252,0.0440114,0.08947961,-0.0046153525,-0.029860862,0.061154336,0.07094234,0.0064362064,0.06910542,0.13687718,0.035164453,-0.046754207,0.020700447,0.0026221517,-0.016952738,0,0.038095493,0.070867606,0.024812749,-0.013191093,-0.06205412,0.027084885,0.05479224,0.039773457,-0.05445465,0.02784305,-0.117704615,-0.031205595,0.016014336,-0.04701721,-0.0056592077,0.012610495,0.034387797,0.1499035,0.048446603,0.0479526,-0.019357026,0.15505813,-0.004907787,0.17289218,0.33903882,0.15949605,0.06390368,-0.033612795,-0.010298856,-0.119998395,-0.0021659024,0.024603376,0.19538261,0.025598403,-0.0038971864,0.17673817,-0.019332223,0.0067021977,0.021040685,0.008017652,0.12944637,-0.03189457,-0.06603749,0.005085027,-0.14914972,-0.014622606,0.013027977,-0.04014285,-0.021665767,0.08501146,0.13436124,-0.060805544,0.031502083,-0.08155139,-0.019894425,0.050637648,-0.28586686,0.078488424,-0.006130293,0.15302153,-0.034906626,-0.15121046,-0.070801124,0.11184959,0.010879479,0.016262718,0.14565825,0.078171015,0.061721325,0.055154406,-0.10817382,0.09861422,0.11098516,-0.044337757,-0.051718924,-0.035360847,-0.11622362,0.15408853,-0.038290344,0,0.08508196,0.10199354,-0.011928345,0.08717236,0.122186825,0.07000945,0.18988486,-0.06817338,0.008737542,-0.095635444,0.081392735,0.071971126,0.010817263,-0.053903192,-0.23440936,0.039458673,0.038394514,-0.0041626208,-0.089316115,0.015810693,0.021747593,-0.139523,0.023257911,0.26069853,-0.08726154,0.00038419664,0.034716636,-0.10967917,-0.012937399,0.08198139,0.009507062,0.13810375,0.1377441,0.0873016,0.17350759,0.017506754,-0.041066494,-0.030256743,0.19404139,0.018082805,-0.007660467,-0.035378266,0.10126975,0.05962428,0.02510561,-0.086680315,-0.020638913,0.09560934,0.02986886,-0.04481703,-0.06738779,0.024332056,0.043389518,-0.062019713,0.048832305,0.17721114,0.16299304,0.006748259,0.061237335,0.11923301,-0.13159564,0.052396096,-0.040934637,-0.036385313,0.12884793,-0.04792027,0.10520289,0.107980706,0.08279266,-0.13488953,0.12285902,0.06533967,0.107856356,-0.020858532,0.05853422,0.034576,0.06481838,0.17911032,-0.054934993,-0.0214332,-0.09225638,0.07269241,0.023765415,0.08198061,-0.009768598,0.013002909,-0.09259479,0.022957597,0.13571197,-0.22070873,0.13571708,0.06629299,0.0069783013,0.12408661,0.06517003,-0.189205,-0.08360821,0.0033175386,-0.03866253,-0.19114678,0.022283517,7.327832e-05,-0.12541088,0.30260727,-0.06054829,-0.043183833,0.25707796,0.12685429,-0.013940763,-0.013831969,-0.10957579,0.12872323,-0.049955733,0.23154084,0.13006781,0.16746812,0.056049816,-0.14245689,0.11175726,-0.020235654,0.18311659,-0.061804943,0.028445587,-0.01329796,-0.054013424,-0.009301863,0.24676694,0.040786862,0.14318165,0.031603623,0.07354796,0.18042207,-0.016156346,-0.0091135735
"(113.85552635603204, 22.583441242421348)",0.20105836,-0.006006753,-0.01722205,0.12107583,0.15236783,-0.12322466,0.24686457,0.06059201,0.087007314,0.23959273,-0.03854791,0.19095892,0.04138115,-0.027289439,-0.12104972,0.056249734,-0.023124501,0.012311347,0.11096066,0.28708446,0.13140506,-0.043626547,0.065841146,0.041766584,-0.027808357,-0.010011587,-0.06995606,0.081802316,-0.117752194,0.08281044,0.107837364,0.11877772,-0.02774077,0.18318817,0.18086672,-0.07532757,-0.09738038,0.12886655,0.08748804,0.09107231,-0.1871897,0.19807756,-0.0007906556,-0.056103036,-0.03219077,0.040868193,0.18867333,-0.0038990714,-0.02673383,-0.14617632,-0.036125317,0.041320242,0.048311163,-0.13169566,0.0027314052,0.15772402,-0.028428301,-0.10630187,-0.15950522,-0.16023088,-0.17140742,-0.11567965,-0.10256006,0.10397245,0.023113307,-0.071444966,-0.017504252,-0.04418906,0.01405542,-0.20514114,0.08435855,0.026919464,0.031595755,0,-0.11929109,-0.004233476,0.22662826,0.037828602,-0.13882236,0.20896536,0.029767554,-0.060208425,0.18648867,-0.18779857,-0.019746728,-0.0031866953,0.07238378,-0.20162717,-0.025543757,0.0061303005,0,0.113118075,-0.07708379,0.10216267,0.09904713,-0.10265173,-0.014785099,-0.07480012,-0.07612539,-0.060799878,0.112703815,0.13946795,0.07477777,0.25897104,0.22378857,0.06224908,0.16134553,0.2626835,0.14137492,-0.14863351,0.03762763,-0.07396938,0.11053542,-0.1612995,0.1418365,0.059597872,0.30332083,0.2587596,-0.035191424,0.038339946,0.25632477,-0.027569575,0.19214086,0.09887561,0.09327059,0.09922704,-0.11587255,0.041144412,0.09194008,0.40251046,-0.26798663,-0.042369068,0.12599967,0.17477427,-0.08979422,-0.012566069,0.41571358,0.069503084,0.04722002,0.0021438953,0.058741268,-0.12253131,0.044364065,0.002408944,0.05806206,0.009919211,-0.08806535,0.12374163,0.06199406,0.3279167,0.13047297,0.12940192,0.026162371,-0.075788766,0.098784536,0.10056344,0.065460235,0.2674738,0.234871,0.32152933,-0.19005597,0.12233406,-0.10918312,-0.16118032,0.14277905,-0.08049948,0.029124795,0.04319434,-0.039422438,0.007228771,0.044039108,0.11931116,0.0657274,0.075213365,-0.023769774,0.06880565,0.18767156,0.11840304,-0.024967365,-0.072311446,0.3078773,0.106650315,0.03437789,0.11023477,0.0068776384,-0.19760594,0.16724119,0.044144794,0.04393655,0,-0.079715796,0.2655184,0.004123429,-0.022571761,0.14189303,-0.1930983,0.17884743,0.013405345,-0.15202712,0.008287057,-0.11243267,-0.083162814,0.011911638,-0.14304638,0.010479122,0.12981896,-0.0760162,0.20819154,0.04815402,0.041050248,-0.08099647,0.09239074,-0.07576177,0.02996917,0.00611984,0.0059569925,0.025661325,0.1584588,-0.019761749,-0.010720044,0.122094184,-0.06898286,0.3572844,-0.071196824,-0.0024728887,0.04062179,0.22697523,-0.09273027,0.08339577,-0.0812558,-0.0007717125,-0.22786155,0.20268068,-0.057073116,-0.0096062645,0.36529958,0.05793273,0.043470867,-0.16604285,0.19411233,0.02361736,-0.12756239,-0.025273694,-0.13297942,0.06709528,0.06212347,-0.022605315,0.11861591,0.05068647,0.09091982,-0.049953274,-0.19288743,-0.121864274,0.11605695,0.09297377,-0.06224992,0.04239296,0.08130115,-0.024863511,-0.055037282,0.06909517,0.18778482,0.1431501,0.004526671,-0.00068325177,-0.027365414,-0.09682728,-0.034808397,-0.28640008,0,0.033193156,-0.052008808,-0.06661815,0.13440907,0.13646401,0.1021651,0.17117198,0.16793074,0.07844559,-0.06616913,0.05615719,0.14473002,-0.004397467,-0.18323815,-0.074961305,0.10235763,0.19252463,-0.059201166,0.14007346,-0.092225164,0.010703865,0.04188239,-0.19294024,-0.05038204,0.09735712,-0.29433557,-0.04566902,-0.15111014,-0.059850365,0.12748216,0.18699953,0.2861457,0.1349032,0.00433439,-0.064822376,-0.06403089,-0.053851154,0.2751092,-0.04179902,0.12352016,0.106114715,0.050514344,0.12645246,0.12854077,-0.15246351,-0.05050143,-0.29541287,0.10210267,0.08757821,-0.08561302,0.20109144,-0.002872713,0.088149264,-0.05226066,0.2502078,0.10796724,-0.06836561,0.09930496,-0.022546055,0.18327728,-0.050782982,-0.04817252,-0.089556746,-0.0747629,0.15997007,-0.16585332,0.16067986,0.14692847,0.2110225,0.0032121576,0.09530356,0.15744819,0.104806036,-0.10088235,0.0301231,-0.018267728,-0.016941514,0.05559163,-0.11589183,0.06345691,0.013545804,0.12502585,-0.039979935,0.113312684,-0.022189923,0.15478277,-0.053113036,-0.015830297,-0.062779985,0.027015492,0.1478684,-0.036511622,-0.116880566,0.1949276,0.13385728,-0.0056386283,-0.08583888,0.057371948,-0.17765643,-0.12670225,0.023484074,-0.05467444,0.034131724,0.2961056,-0.13939463,-0.063540086,0.09582694,-0.105073795,-0.010463428,0.16403763,-0.09403221,0.05346938,-0.1805065,0.1382387,0.14273614,0.19870694,-0.06150516,-0.02709493,0.0057366192,0.0958396,0.15984291,0.012800619,-0.0063652247,-0.017099738,0.0291586,-0.06893821,0.15558653,0.022399621,0.19361565,-0.022476424,0.1142731,0.1855303,-0.07010109,-0.08622238
"(113.85558943576947, 22.57211877241447)",0.18482012,-0.061780453,-0.02760924,0.10743979,0.16895075,-0.034340803,0.22871222,0.07316077,0.16343886,0.18931158,-0.010891594,0.12809795,0.09171572,0.06501306,-0.10826531,0.034259554,-0.04623659,-0.044608437,0.21568196,0.27960116,0.22971016,-0.0056412825,0.10720638,-0.0017656088,-0.04832742,-0.0017452016,-0.016686864,0.087106325,-0.068125725,0.035993263,0.0650044,0.082120776,0.070357524,0.2564538,0.10130605,-0.095171124,-0.12808496,0.16321096,0.06741226,0.02661594,-0.27554137,0.10620231,0.031979054,-0.04446577,-0.074150525,0.005808303,0.20581698,0.058854695,-0.04366202,-0.13484035,-0.003687352,0.024748174,0.08655593,-0.15996799,-0.109753944,0.029360842,-0.10573751,-0.08736011,-0.19351266,-0.17352194,-0.19164132,-0.10728258,-0.11063649,0.16735168,0.0560943,-0.13539076,-0.0052800626,0.02586529,0.026064146,-0.22243509,0.06422012,0.010395149,0.058395267,0,-0.047996424,0.010120574,0.17699425,0.0789616,-0.15109779,0.24152789,0.037061255,-0.035124823,0.15276396,-0.17939778,-0.041961472,-0.11136026,0.069139466,-0.17525381,-0.08126784,0.05304549,0,0.029086776,-0.10663932,0.04630921,0.039208055,0.078914106,-0.006521861,-0.10670616,-0.080243655,0.0037767477,0.2535822,0.13565812,0.1168216,0.20096491,0.18513097,0.015284076,0.12717837,0.2755081,0.08565401,-0.18251064,0.020404395,-0.10609459,0.114572816,-0.13909864,0.18806955,0.030624785,0.23112197,0.22674744,-0.008620612,0.021499734,0.28538597,0.0034306995,0.18563437,0.14611235,0.14856641,0.112869054,-0.11833665,0.03424733,0.106922194,0.39391363,-0.24273966,-0.053417437,0.14998902,0.23449913,-0.027694695,0.07249564,0.39280418,0.037703987,-0.07470684,0.040799953,0.068777055,-0.15006562,0.0069318265,-0.07713664,0.06370889,-0.09912567,-0.074464284,0.092850454,0.10496503,0.35533965,0.0016803034,0.13491875,0.047605604,-0.07781659,0.05966038,0.0010623783,0.024249256,0.27273816,0.18092367,0.29425734,-0.263298,0.18624619,-0.06999636,-0.12524998,0.17987354,-0.051595442,0.08602604,-0.022587374,-0.0065117925,-0.00481393,0.02841474,0.020750655,-0.121428326,0.046387054,-0.10232231,0.0062725917,0.16506715,0.11768352,-0.022524603,-0.12543845,0.25258315,0.14917669,-0.0012703724,0.10831074,-0.038660817,-0.24483396,0.15376714,0.023113852,-0.037931502,0,-0.06956329,0.30357277,0.006372517,-0.014484664,0.15816993,-0.22743966,0.0911635,-0.023936234,-0.18346192,-0.082842976,-0.02550322,-0.03286621,0.032613233,-0.13002312,0.074026905,0.1648166,-0.07720581,0.16162391,0.084615655,0.021818703,-0.09487723,0.01177082,-0.07919817,0.013092191,4.310161e-05,-0.08025499,0.009437835,0.19202682,-0.07757417,0.03238143,0.14397447,-0.1843311,0.31267416,-0.13514832,0.007241819,-0.029067203,0.28196436,-0.0933416,0.11645351,-0.10059475,-0.061080765,-0.23391743,0.2266999,-0.04803948,-0.00096188486,0.40304852,0.013330307,0.10064882,-0.19155885,0.22988632,-0.05439212,-0.15571646,-0.053835705,-0.12508072,0.02869716,0.008983977,0.06884375,0.06472355,0.033799518,-0.10294603,-0.07207396,-0.19897468,-0.090687975,0.06671687,0.035881363,-0.08742758,-0.031407952,0.07535793,-0.012910232,-0.10478971,0.09092421,0.11901475,0.17187165,0.006041199,0.034323838,-0.027991023,-0.037367716,-0.102921814,-0.26479086,0,-0.014546037,-0.028762696,-0.11018217,0.12570736,0.06342772,0.10009152,0.14270422,0.2177604,0.18409443,-0.08140364,0.047992002,0.17647558,-0.01083006,-0.21614513,0.01395433,0.05016983,0.14773035,-0.05209186,0.11122663,-0.079694346,-0.033892997,-0.031873032,-0.28773633,-0.028582089,0.14394838,-0.29763573,-0.04291606,-0.2350276,0.0040418785,0.08119927,0.24142179,0.25310758,0.117839545,-0.06465186,-0.0658647,-0.039912075,-0.113958895,0.2938522,-0.043186236,0.06744416,0.09434298,0.115071625,0.12579265,0.15792632,-0.12819652,-0.11037146,-0.36116892,0.07594453,0.034559336,-0.08093079,0.20236157,-0.0148510225,0.1932281,-0.084698424,0.18147224,0.118116245,-0.053474523,0.14272308,-0.053996317,0.12735577,0.032757934,-0.08346827,-0.023627825,-0.058744423,0.075385556,-0.1495763,0.16495943,0.10200478,0.17531693,0.097096324,0.04727923,0.1402307,0.10839371,-0.12856348,0.105768666,-0.05252438,-0.13061866,0.07772957,-0.13103497,0.0649147,0.09186034,0.12695011,-0.12906444,0.15508845,-0.07199577,0.22899003,-0.043890864,-0.121131465,-0.1318318,0.08279842,0.13693054,-0.089432396,-0.08342077,0.15594012,0.0654732,0.030962914,-0.07757414,0.046963435,-0.18184401,-0.12096698,0.03672556,-0.1122575,0.052534126,0.29185137,-0.08765296,-0.05991216,0.06692827,-0.10509829,0.02722368,0.17782292,-0.09777291,0.06463991,-0.1533356,0.16170561,0.047327958,0.22130255,-0.039880462,0.082106024,-0.016031295,0.031441826,0.15516275,-0.022501662,-0.02701591,-0.042430684,0.097601004,-0.07322836,0.08281416,0.04878293,0.23003858,-0.0017438345,0.08818537,0.11550734,-0.032571442,-0.1593785
"(113.85563882386484, 22.612277693766)",0.14298186,-0.097753674,-0.07071181,0.07358114,0.2579846,0.11291148,0.10620393,0.096922755,0.22722535,0.20441079,-0.001346834,-0.11418727,-0.044832274,0.04918191,-0.08131006,-0.012165412,-0.068536654,-0.14122128,0.09992692,-0.07598992,0.07764765,-0.027031671,0.09167174,-0.13349958,0.02114274,-0.06808084,-0.04624284,0.023345947,-0.067395136,0.079361506,0.084460035,0.05175975,-0.03464541,0.17986643,0.09844155,0.05213195,-0.017982736,-0.08398983,-0.009868104,0.040943064,-0.026410662,-0.020846196,-0.109574944,-0.0985928,0.021975406,-0.074372694,0.060436383,0.053704496,-0.06266191,-0.087429196,-0.0502934,0.08159875,-0.015453894,0.04534334,0.128788,-0.0055682473,-0.03193616,-0.02053266,0.013098044,-0.16985539,-0.1448034,-0.069718055,-0.023840755,0.18070321,0.06106003,-0.14409983,0.15526047,0.041486803,0.025455533,-0.15568529,-0.039613426,0.111539505,0.06443618,0,-0.09405581,-0.01701739,0.18642077,0.09115482,-0.14171085,0.118577816,0.03356595,-0.056269243,0.013162728,-0.11728619,-0.026795655,-0.04103718,0.020061642,-0.20209548,-0.07732134,0.041332297,0,0.032696113,0.0032926053,-0.15640353,-0.09725206,-0.097602546,-0.031204041,0.09473871,-0.043564104,0.030652586,0.110759705,-0.014786683,-0.10597257,0.08647047,-0.07223324,0.091434225,0.03729883,0.23041205,0.09166005,0.05376015,0.018856913,-0.15150315,0.07099085,0.065369986,0.009345867,0.026967585,0.22791977,0.19591737,0.03313645,0.02794138,0.22347863,0.122702174,0.12367029,0.14459486,0.04585009,0.11056502,-0.08915421,0.036612898,0.09150977,0.28383896,-0.10946241,-0.06282831,0.16827682,-0.003216587,0.06367,0.08603989,0.18392095,0.008900013,0.09235951,0.09787039,0.02855051,-0.013702858,-0.0701424,0.08075706,0.031867728,-0.18057308,-0.09302529,0.05783362,0.05022198,0.29145294,-0.03527249,-0.009027697,0.100927874,0.0053001493,0.14163159,-0.1335755,-0.0634716,0.17940038,0.041043617,0.22098465,-0.1528407,0.11649302,0.25892293,0.060765434,0.23962119,0.0710861,0.0711544,0.1424777,0.072854,-0.040173337,0.04066637,0.06010732,0.0219682,0.029421829,-0.027264588,0.0024898387,0.0795899,0.030743133,-0.039761357,-0.02004961,0.058925435,0.03844428,0.032997888,0.119051605,-0.0020404384,-0.08062507,0.03699797,0.0034081433,-0.064358234,0,0.039528016,0.11843341,0.03904815,-0.013015028,0.015280746,-0.036153555,0.009333305,-0.008817919,-0.039716274,-0.015505165,-0.055584893,-0.0012672693,0.037245702,-0.06448075,0.0755467,0.064479455,0.023072824,0.09461135,0.10286368,0.018252598,-0.04919997,0.11606938,-0.07465225,0.14471792,0.376287,0.104659125,0.064254865,-0.01732663,-0.007373497,-0.10486622,0.038233876,-0.056935214,0.22518201,-0.08382869,0.038411442,0.07365358,0.047140095,0.034974437,0.029320352,-0.004711814,0.095851734,-0.024052624,-0.07414638,0.022182455,-0.14309207,0.019294761,-0.021583471,0.04624764,-0.06279212,0.14169383,0.1365227,-0.071352124,-0.020492947,-0.061254516,-0.043833602,-0.028208114,-0.21829025,0.023824152,-0.016730055,-0.0023452789,-0.074585624,-0.1891155,-0.0385357,0.09014165,-0.040806018,-0.015747167,0.06863424,0.10479795,0.07353118,0.035843275,-0.108661875,0.05213324,0.13941735,-0.04886345,-0.016467292,-0.045948766,-0.013040528,0.11682995,-0.054913327,0,0.028302439,0.06970118,-0.11521904,0.16476041,0.05304925,0.07238272,0.1623687,-0.0026096664,0.066009015,-0.098023444,0.11171079,0.16128147,0.017734263,-0.09263119,-0.17142881,0.02955427,-0.02303242,0.008661479,-0.08916435,0.021357456,0.021428194,-0.25002056,-0.028904282,0.30888638,-0.059463374,-0.035065487,0.020403365,-0.21327478,0.07166548,0.04766941,0.05139005,0.09224683,0.14616762,0.020735785,0.19495173,0.03211689,-0.10810609,0.030530322,0.19833674,0.017589182,0.0115099065,0.030627232,0.103307255,0.10297093,-0.04316081,-0.13919449,-0.09670803,0.05425939,-0.040613387,-0.07983549,-0.002916105,0.017383246,0.119128495,-0.1244524,-0.016943268,0.2272569,0.15828758,0.076399,0.05037102,0.07972932,-0.049374003,-0.041872658,0.04227113,-0.069505386,0.016637184,-0.050177142,0.1076795,0.07013798,0.075878836,-0.057334147,0.09543855,0.055915184,0.15282446,-0.0651249,0.18104495,-0.018482946,-0.057560157,0.17461473,-0.08939348,-0.023260359,-0.06254185,0.059623163,-0.039984524,0.17088884,-0.11629287,0.109732635,-0.09997473,-0.045996267,0.08562694,-0.18573707,0.118201375,0.023974368,0.028193695,0.1295367,0.038091153,-0.124009535,-0.12057814,0.0053972937,-0.079525515,-0.20327832,0.05031263,-0.057323642,-0.09906585,0.33600155,-0.068745695,-0.025949001,0.24776572,0.094033375,0.03477018,-0.017485838,-0.11775191,0.15793896,-0.006453745,0.3058323,0.054712757,0.1794268,0.059623957,-0.07460956,0.10321607,-0.051570915,0.17138761,-0.059903502,0.021318004,-0.005740389,-0.06446602,0.03532336,0.20101857,0.07166914,0.19475055,0.07619339,0.057959612,0.16035897,-0.0029351488,-0.053094864
"(113.85601680297712, 22.62044302112708)",0.15988615,0.0042573754,-0.041991748,0.099629074,0.219839,0.010121431,0.11150502,0.0453735,0.07550676,0.26860118,-0.067969725,0.010741968,0.05444476,-0.017786354,-0.082020916,-0.0050545447,0.0052236766,-0.016549118,4.351139e-06,0.04068755,-0.047134362,-0.09079477,0.0004072562,0.00036026537,0.04629517,-0.038313434,-0.13865253,0.049807094,-0.056222044,0.11202435,0.12856328,0.1121526,-0.09105466,0.050049998,0.17569196,0.031842873,0.035723124,-0.041612253,-0.0126407035,0.09249898,0.043988176,0.104430534,-0.16226734,-0.038502306,0.07577806,-0.05603563,0.05139923,-0.068709865,-0.034558207,-0.11900391,-0.08872807,0.09983989,-0.067283005,0.09412219,0.09963339,0.13084044,0.056617633,0.051648535,0.028696325,-0.039942957,-0.08126466,-0.07840815,-0.051907826,0.06713633,-0.0068681315,0.0082007125,0.044644203,-0.022748623,-0.017752651,-0.13372128,-0.025378302,0.12948638,0.0021229088,0,-0.23249803,-0.003063377,0.21491288,0.04503172,-0.07234277,0.057631187,0.0760213,-0.059794337,0.09115723,-0.16148426,0.048914466,0.14695325,0.0021667182,-0.2482849,0.00990605,-0.047383003,0,0.055907093,0.013986833,-0.0094197,0.025985252,-0.2578752,-0.020541389,0.13210328,0.03858962,-0.12024966,-0.01732383,-0.013232805,-0.086052135,0.15277505,0.018054694,0.11926107,0.11795722,0.1889761,0.13561136,0.029446758,-0.031190325,-0.06921884,0.050611414,0.035003588,0.027030148,0.07590957,0.32966217,0.25726864,-0.0052420124,0.046184275,0.145839,0.08203446,0.13343638,0.1298858,-0.058505103,0.009610757,-0.05293509,0.03614058,0.10069419,0.24582946,-0.12539014,-0.007897476,0.026406601,-0.012593977,-0.0532725,0.012372596,0.15930903,0.0790548,0.22681403,0.0042735245,0.0021540597,0.015107553,0.02819176,0.1655578,-0.040073372,0.013369195,-0.0891318,0.080537096,-0.0023432523,0.20844291,0.26306167,0.034231275,-0.024435416,0.0035076588,0.13647112,0.02790552,0.06305528,0.08816937,0.20045337,0.27077073,-0.04187943,0.04341443,0.11404555,0.007480528,0.12190671,0.08245813,-0.055737987,0.21993832,0.003957197,-0.010932608,0.045760617,0.24129389,0.14793141,0.07978312,-0.029617831,0.07351418,0.12737216,-0.0063948343,-0.023036636,0.06624632,0.116628736,0.02161146,0.09130339,0.14963967,0.060301013,-0.07280885,0.030035995,0.0051864553,0.0077859424,0,0.024300467,0.09059743,0.009585384,-0.009116976,-0.058450446,0.022064945,0.094321534,0.069356285,-0.05695844,0.036792144,-0.14563578,-0.0683687,-0.0027320092,-0.046967775,-0.022037104,-0.011779368,-0.008015707,0.184927,0.037586085,0.06852724,-0.04410252,0.15166083,-0.0058527347,0.17122725,0.24738628,0.13210025,0.051434346,-0.015472628,-0.029084317,-0.116456315,0.0032186229,0.027025143,0.22305186,0.07855275,-0.03403845,0.18498947,0.02507509,-0.0079338215,0.035369,0.00516475,0.14317824,-0.09222737,-0.0065971417,0.027974581,-0.1175309,0.030777156,0.022931796,-0.062425412,-0.045274183,0.0807414,0.10796654,-0.0710313,0.055406824,-0.08938286,0.016217303,0.060977273,-0.2978543,0.10036895,0.006755378,0.17400676,-0.03157083,-0.17544332,-0.121681675,0.12738487,0.03306286,-0.0005048886,0.17422125,0.082461424,0.013047844,0.02005253,-0.08812467,0.14807051,0.08728281,-0.047530897,-0.07131687,-0.038354516,-0.14469072,0.14676693,-0.08984432,0,0.119784966,0.0713934,0.00156211,0.040919155,0.18334237,0.09805582,0.19187784,-0.0829428,0.0024487898,-0.099163234,0.07148807,0.05027693,0.021924272,-0.0519107,-0.22482882,0.05713071,0.07580684,-0.016630232,-0.07239765,0.0062894393,0.007868815,-0.0763208,-0.02876176,0.19605365,-0.034427717,-0.026236668,0.020244109,-0.07740687,-0.05729551,0.115166575,0.012554185,0.17119776,0.12218155,0.14240077,0.14996581,-0.038105816,-0.026134398,-0.020921953,0.15022337,0.052797996,-0.017288443,-0.015916463,0.095171645,0.06138396,0.027443722,-0.04810802,-0.036496162,0.085808486,0.06873587,-0.05756115,-0.058708087,0.021289185,0.043539662,-0.045561515,0.1247865,0.18295884,0.14186224,-0.029476434,0.05448498,0.17542115,-0.18696831,0.074186146,-0.08165262,-0.028650014,0.18213095,-0.08791519,0.12249467,0.15423067,0.120412774,-0.14427312,0.15705666,0.08626906,0.094653726,-0.014985295,-0.014891118,0.053327836,0.08167192,0.16687287,-0.059798464,-0.009109549,-0.08359723,0.08179067,0.06995243,0.05070875,0.043042697,0.026528805,-0.08260003,0.04073364,0.10744927,-0.23451437,0.15918523,0.050130077,-0.020850288,0.13341969,0.082411155,-0.20190555,-0.055477723,0.049294617,-0.055138443,-0.20819058,-0.0135584995,0.026282141,-0.11685712,0.32368875,-0.08770228,-0.08474204,0.23258616,0.114473686,-0.05241945,0.03340784,-0.080758944,0.09496947,-0.09751459,0.23610349,0.148468,0.17776509,0.0470588,-0.155749,0.08799949,0.016374461,0.18827823,-0.063233145,0.0055965334,-0.031067953,-0.01285664,-0.030456237,0.25542337,0.05005096,0.12660795,-0.004371401,0.065959215,0.2028077,-0.024690062,0.030027948
"(113.85689734363568, 22.64069262866229)",0.14251244,0.006978402,0.0286992,0.10207123,0.2786058,0.048770923,0.10797025,0.06655935,0.1830113,0.2773435,-0.051405888,0.027382117,0.08439672,-0.07786143,-0.029210199,-0.057586074,0.008030862,-0.011715755,0.034207936,0.10658778,0.11019353,-0.05153415,-0.0006276779,-0.14545664,-0.034413118,-0.05073029,-0.06739466,0.07967927,-0.15416515,0.067161664,0.10582997,0.059999213,0.07786106,0.09513907,0.15105733,0.04969178,-0.041457795,-0.022862837,0.07871318,0.06433932,-0.061272345,0.028573073,-0.16464628,-0.06376627,-0.010576148,-0.15887228,0.06925936,0.020285185,-0.16076274,-0.17181283,0.012183413,0.0574418,-0.0036244057,0.011346877,0.07932257,0.006436538,0.015846346,0.0065042228,-0.0069609527,-0.0759959,-0.040274646,-0.07959197,-0.15227948,0.1354871,-0.010145664,-0.046563845,-0.020618618,0.019541916,-0.013317518,-0.09109047,0.033397883,0.049246095,0.04880695,0,-0.09775278,0.0007259697,0.10395059,-0.06770724,-0.23420575,0.11849157,-0.014235277,-0.0615326,0.0011794157,-0.1055983,0.024404261,-0.021362104,0.04033737,-0.18769142,-0.104969285,-0.057179965,0,-0.018595986,0.017527819,-0.22184737,0.009354178,-0.17563915,-0.049854357,0.034893945,-0.06275832,-0.1097393,0.07073489,0.09146655,-0.14245823,0.05854267,0.019501016,0.14338368,0.13861436,0.25329962,0.18185344,-0.036342427,-0.008237309,-0.08425141,0.058541037,-0.070534594,-0.020465545,-0.01199004,0.2732228,0.17530788,-0.028012913,-0.08469248,0.13866602,0.06978264,0.13626929,0.15355857,-0.013782559,0.06391235,0.047307987,0.02761977,0.03157614,0.2720947,-0.11809551,0.031513825,0.10714172,-0.08207109,-0.09141618,0.11573554,0.17031732,-0.046681974,0.14834468,0.07724165,0.13675356,0.012646046,-0.15320078,0.075753696,-0.09193232,-0.15528037,-0.06703286,0.11222078,0.16596368,0.19886424,0.08082041,0.013777733,0.036654823,-0.071511835,0.0123860575,-0.15599564,-0.09085581,0.1289643,0.05980911,0.22538073,-0.14025259,0.072269976,0.11521509,-0.05729979,0.15956487,0.14449753,0.027786514,0.10248326,0.07035524,-0.091238484,0.054082923,0.14085257,0.036053367,0.07043409,-0.043217935,0.00041212142,0.06796776,0.05554537,0.02393008,-0.08420645,0.16146955,0.0077176243,0.07091409,0.03068358,-0.015554167,-0.035891812,0.040008627,-0.00016482733,0.024937615,0,-0.008683909,0.09977991,0.034097455,0.039991785,0.020985879,-0.075845845,-0.0539406,-0.02166327,-0.03980821,-0.0040820204,-0.021765532,-0.035618365,0.024912577,-0.09594204,0.046102576,-0.008436903,-0.08411573,0.14244269,0.07320281,0.053024836,-0.036392286,0.15282331,-0.11397759,0.07755251,0.2806184,0.07007797,0.011552529,0.037137136,0.05353131,-0.11098295,0.07611379,-0.012483073,0.23666759,-0.020235572,0.11765492,0.099576235,0.12575187,-0.0853631,0.045861848,-0.009611942,0.045491163,-0.08420234,0.0051851654,0.05362644,-0.11036057,0.06327693,-0.034111414,0.0650693,-0.050548688,0.027477115,-0.013706036,-0.093687095,-0.017871184,0.08985953,-0.08394463,-0.08218711,-0.21756104,0.05232563,0.09372278,0.018251553,-0.0566385,-0.143888,-0.040438697,0.08501993,-0.09191062,-0.0014874563,0.10296495,0.2459304,0.010964438,0.0025583133,-0.12451272,0.08838227,0.076830566,-0.056907125,0.025843423,0.0070266165,0.062498584,0.24544963,-0.07795383,0,0.044809185,0.101777956,-0.010779955,0.10855253,0.21352261,0.018150352,0.1807739,-0.19734372,0.041523412,-0.1451478,0.13689105,0.13196786,0.039123975,0.0024834499,-0.16273843,0.066231646,-0.01569421,-0.042128652,-0.056700855,-0.0042001586,0.041750032,-0.13517979,-0.12386295,0.09810791,0.009278484,0.037272777,0.11972134,-0.107918136,0.022654785,0.09085357,0.02131295,0.08352941,0.079832055,0.02636975,0.24471454,-0.010019416,-0.060919415,0.03444275,0.14913702,0.15675518,-0.0059700795,0.04920629,0.06909414,-0.057907227,-0.090354934,-0.0057839453,-0.14647141,-0.0016482025,-0.045462895,-0.10453074,0.033077996,0.027870052,0.09263107,-0.14026046,0.09653319,0.23500672,-0.010259189,0.14618997,0.04293292,0.03659468,-0.051643897,-0.05351477,0.058810107,-0.022709524,0.13149145,-0.049350213,0.08806926,0.08783084,0.07237167,-0.055244915,0.14067155,0.09453035,0.19437888,-0.049749166,0.14142501,-0.01823321,0.03164709,0.16418676,-0.04676365,0.11141345,-0.018656865,0.14872009,0.042783283,0.104656614,-0.046073727,0.11538413,-0.05643059,-0.08878209,0.13291466,-0.21775301,0.09951611,0.07624707,0.10197838,0.14997765,0.0542382,-0.07062434,-0.06726491,0.058265533,-0.09048639,-0.19985902,0.0099653825,-0.02699676,-0.14900514,0.40632573,-0.049883246,-0.0004451871,0.2585465,0.064168826,-0.013668563,0.047161166,-0.19442275,0.09973547,0.0016107187,0.3568833,0.0040103346,0.241405,0.008648381,-0.014505482,-0.14493008,0.049755726,0.13171433,-0.04081393,0.02705063,-0.057837598,-0.040900357,0.009308794,0.14632404,0.041876025,0.12769647,-0.08879842,0.10189469,0.1118319,0.023916546,-0.029078327
"(113.85721058999466, 22.63803662642348)",0.13606247,-0.0017684232,-0.016304318,0.100491874,0.26252508,0.031096343,0.14190179,0.084842876,0.17705153,0.28503406,-0.035340384,0.019719463,-0.041263208,-0.08462589,-0.079041876,-0.03277538,-0.015614867,-0.02976352,0.020115796,0.06146044,0.06890287,-0.05104355,0.009718452,-0.13005918,-0.015337061,-0.06058433,-0.078444816,0.06434272,-0.19046867,0.0908715,0.10824561,0.06915339,-0.011674322,0.08304778,0.17087257,0.044698045,-0.049883433,-0.05408828,0.06356917,0.07053471,-0.034824304,0.08282495,-0.14847413,-0.10136206,-0.0006241426,-0.10147145,0.07787595,0.0050521456,-0.12571672,-0.1513098,-0.03957197,0.07359728,-0.025559392,0.0066798925,0.16930404,0.0787881,0.021964498,-0.034132846,0.010539494,-0.15397894,-0.097045556,-0.08765142,-0.084413916,0.11767997,0.00565842,-0.056659438,0.034175783,-0.008860808,0.0093810465,-0.10660723,0.024466,0.094199784,0.047082398,0,-0.14156915,-0.025520112,0.1517234,-0.036935024,-0.22014758,0.1290645,0.0051109456,-0.07288737,0.038339715,-0.12341417,-0.0031361766,0.011461288,0.053198233,-0.20827568,-0.099685796,-0.022897273,0,0.06059493,0.008782484,-0.17713173,-0.012739059,-0.25007495,-0.046737548,0.05151142,-0.0706205,-0.070278406,0.02311775,0.05497668,-0.12895925,0.109667525,0.021185324,0.12729545,0.13018645,0.26326096,0.17781945,0.006393537,0.027838707,-0.11213042,0.06102381,-0.06531241,-0.054111294,0.026241593,0.31481022,0.21263793,-0.010449663,-0.045491174,0.19123028,0.07004537,0.14810036,0.14668632,0.012421945,0.090424106,-0.010880094,0.035352007,0.032425947,0.31144628,-0.16542497,-0.02508265,0.13684222,-0.081367366,-0.06635854,0.056032687,0.22085541,-0.02826253,0.16044015,0.05050219,0.0951843,0.01502578,-0.10203338,0.09291401,-0.022092052,-0.16344623,-0.09391127,0.11985245,0.13080008,0.2620836,0.07052307,0.018108964,0.053298347,-0.047507256,0.09528072,-0.09091997,-0.051031284,0.16426674,0.0797737,0.24010848,-0.16754806,0.07585302,0.1307227,-0.05372836,0.18770537,0.065975025,0.028399063,0.14917718,0.0070724934,-0.06684888,0.04978963,0.15830745,0.10692715,0.082979485,0.012138173,0.021355826,0.09704144,0.06251188,-0.01738564,-0.03969513,0.18185315,0.015995145,0.07151514,0.05576241,0.007868789,-0.048293408,0.076801576,0.012736121,0.064300194,0,0.0045263804,0.0789494,0.041406482,0.020087795,0.028942756,-0.06409351,0.020820916,-0.0045626983,-0.024995092,0.03551387,-0.07867883,-0.03420107,0.020326395,-0.124937855,0.025121927,0.020980924,-0.04981728,0.14507216,0.0838157,0.038654372,-0.063301995,0.19463015,-0.09305273,0.102871336,0.29472288,0.106508,0.04779622,0.013305694,0.08824122,-0.13338822,0.05533322,0.029121267,0.2611531,-0.038009707,0.09700079,0.109847434,0.11194794,-0.047185324,0.033805557,-0.010235548,0.09474428,-0.07825746,-0.035298225,0.017698793,-0.12422695,0.06919061,-0.013938393,0.042600855,-0.052307934,0.04860083,0.06480112,-0.087443806,-0.023862196,0.026153378,-0.057374347,-0.023876697,-0.26329458,0.065108284,0.052276157,0.104622535,-0.064796604,-0.15840736,-0.06102255,0.124336265,-0.03764639,-0.00051600486,0.10499161,0.2124241,0.016632773,0.04290975,-0.1282756,0.10913215,0.11101207,-0.047489606,-0.005417485,-0.025154747,0.023923457,0.24175093,-0.09318259,0,0.03955359,0.045931883,-0.047251333,0.16056323,0.16811267,0.055957258,0.16219783,-0.11449647,0.0034979805,-0.11937624,0.15335187,0.15445046,0.04613811,-0.03138324,-0.19012715,0.073222384,0.01237245,-0.0318135,-0.022175014,-0.0004158523,0.04839399,-0.12530822,-0.0349306,0.16434187,-0.039680414,-0.019451581,0.052346937,-0.11740595,0.02750249,0.1025306,0.005717898,0.13346794,0.115423456,0.06606315,0.24883123,-0.010910379,-0.0574875,0.04618669,0.17732075,0.1796552,0.026249144,0.026884612,0.09577641,0.0064409208,-0.13350497,-0.022271015,-0.1392704,0.011196554,-0.02052233,-0.10443868,0.04387222,0.025602166,0.061973106,-0.13584861,0.10668055,0.2506542,0.019916423,0.13323681,0.05296044,0.087378144,-0.08865856,-0.046155505,0.009119272,-0.044500537,0.13431206,-0.078665785,0.104144715,0.109077536,0.09979098,-0.1019938,0.15081736,0.0913313,0.20578413,-0.074278444,0.14051186,-0.009755224,0.048412163,0.15028843,-0.07635389,0.082523,-0.06851676,0.11407089,0.053786844,0.12480613,-0.07766446,0.0914465,-0.0770984,-0.02366371,0.122949444,-0.2233772,0.10075026,0.07304206,0.045154944,0.16930988,0.07972423,-0.068993494,-0.11274611,0.043744136,-0.09110135,-0.20998465,0.05884675,-0.029367944,-0.15163639,0.389021,-0.0969804,-0.021265104,0.27220818,0.05194838,-0.0038289838,0.0036891438,-0.17204817,0.12420881,-0.0019348636,0.34871128,0.06810327,0.21881108,0.011822246,-0.12259489,-0.070829496,0.034834284,0.1848799,-0.013025068,0.017583787,-0.037280694,-0.08661371,0.027618669,0.20316939,0.051794708,0.15674506,-0.03150033,0.09691459,0.16149932,0.0025339313,-0.011118793
"(113.85768180981232, 22.64029982152027)",0.13925108,0.014529185,0.027678434,0.09952798,0.26560807,0.03745563,0.10311161,0.063633636,0.17252454,0.27680328,-0.054338817,0.036944684,0.07085419,-0.08351342,-0.03870993,-0.05591025,0.014186159,-0.0015277714,0.030542098,0.111360475,0.107521065,-0.048790544,-0.0017858408,-0.13531063,-0.03329553,-0.05208252,-0.06381929,0.07587643,-0.15407245,0.06486458,0.109355256,0.061749134,0.068868615,0.09208115,0.15830638,0.04810582,-0.03204786,-0.023670837,0.07897571,0.06840069,-0.056317694,0.04488697,-0.16572925,-0.062029194,-0.010231666,-0.1494474,0.07314071,0.01192474,-0.16032343,-0.16797437,0.008461721,0.056182943,-0.002929587,0.010972872,0.08324859,0.017824795,0.019860812,0.0075951964,-0.0068301,-0.08089467,-0.03843749,-0.07975546,-0.14696683,0.12677671,-0.012506565,-0.044465654,-0.020875424,0.009854857,-0.0121173635,-0.09107031,0.03422326,0.050668843,0.046928763,0,-0.10471788,-0.0013705827,0.10516964,-0.072147176,-0.23187497,0.1183135,-0.013202775,-0.06099189,0.0076656975,-0.1087067,0.023989592,-0.020841688,0.04038477,-0.18053016,-0.103028335,-0.06661289,0,-0.0067823976,0.022400804,-0.20231782,0.017536778,-0.17734212,-0.049814463,0.034415916,-0.06186328,-0.110177204,0.063037306,0.09643209,-0.13917373,0.062981635,0.024986729,0.14343742,0.1444371,0.24893063,0.18392162,-0.040680826,0.00038634893,-0.08333764,0.05751414,-0.075971894,-0.0247617,0.0024090717,0.2704253,0.17570929,-0.03496186,-0.08118419,0.14737673,0.06829939,0.13693155,0.14678986,-0.012717953,0.060150698,0.04186668,0.028804595,0.029580534,0.2688832,-0.121871084,0.030251859,0.114428975,-0.07925189,-0.096573934,0.101170175,0.17761627,-0.036107022,0.14902511,0.07296575,0.13499507,0.011008762,-0.13977635,0.07868608,-0.08468153,-0.14670412,-0.063560456,0.10532686,0.16550231,0.20335554,0.086902946,0.014367238,0.04085037,-0.07295105,0.026781965,-0.13806002,-0.08541672,0.1305561,0.06965362,0.22571348,-0.13855314,0.07751158,0.10313175,-0.064174354,0.1535969,0.13414441,0.027576415,0.105314195,0.060986087,-0.09543859,0.055040136,0.14528604,0.047883995,0.06962052,-0.03653828,0.004027337,0.072469294,0.056273986,0.017439112,-0.081847,0.1745105,0.006961569,0.070418656,0.024269164,-0.004279606,-0.041102793,0.042405233,0.0043271165,0.032921147,0,-0.016174648,0.09278201,0.040539026,0.043060206,0.026079454,-0.07594301,-0.039909884,-0.013666756,-0.039618026,0.0015650913,-0.024326729,-0.03977929,0.020392854,-0.09249702,0.040805254,-0.006741613,-0.08109783,0.14860171,0.07354695,0.052820534,-0.027331173,0.15277699,-0.10624883,0.07857155,0.2664804,0.07113354,0.011952145,0.043010637,0.056180887,-0.11796271,0.0717625,-0.0077344384,0.24557628,-0.012460846,0.11802551,0.103344575,0.12609407,-0.08185758,0.044457123,-0.01033926,0.048937593,-0.08874371,0.005401642,0.05123532,-0.100319184,0.065744355,-0.029542048,0.064882725,-0.0576088,0.03277964,-0.012562953,-0.09300893,-0.01457548,0.08640317,-0.074172765,-0.07211888,-0.21536437,0.061222192,0.09239376,0.029811755,-0.05944089,-0.1401588,-0.04306768,0.08894115,-0.0814831,0.0022570565,0.10950612,0.23502278,0.010444209,-0.00034669787,-0.118749484,0.102331914,0.076078504,-0.051510103,0.029844414,0.003945872,0.06069582,0.23965412,-0.079435885,0,0.045659333,0.096344724,-0.004337158,0.10914396,0.21629325,0.01634673,0.18047296,-0.1851318,0.034894884,-0.1407636,0.13265601,0.12847136,0.039472632,-0.001196485,-0.15556382,0.072093874,-0.009241584,-0.041921485,-0.035826996,-0.011473527,0.041241065,-0.12189605,-0.1223152,0.0946416,0.007615477,0.031206489,0.12691815,-0.1040729,0.015453456,0.097498745,0.026172334,0.08965422,0.07811673,0.028521344,0.2348445,-0.00936299,-0.060712364,0.041876238,0.13927618,0.15767801,-0.0021347217,0.04800826,0.06943977,-0.045499314,-0.09629811,-0.0030375496,-0.13892186,-0.000648126,-0.044360798,-0.106505595,0.041641355,0.02498653,0.08513202,-0.12904045,0.1038338,0.22674118,-0.0077438727,0.14145939,0.03706175,0.03924954,-0.05226857,-0.041513406,0.046542138,-0.022209896,0.13153651,-0.05444039,0.09057444,0.09443686,0.08090823,-0.055766743,0.14648473,0.09620739,0.1883885,-0.04688836,0.13216962,-0.017588437,0.031952966,0.15558626,-0.049232587,0.117932335,-0.016663428,0.15239692,0.05288981,0.093639754,-0.04120574,0.110363044,-0.054459028,-0.08022907,0.12988988,-0.21532829,0.0914457,0.080591254,0.08911124,0.15430127,0.055459052,-0.061932907,-0.068903744,0.06558174,-0.09516089,-0.2003409,0.0007450357,-0.024997538,-0.14028585,0.3987681,-0.058251105,-0.013534382,0.25223783,0.060307767,-0.012403097,0.055148605,-0.18366815,0.09948832,-0.004053816,0.34501186,0.015695069,0.23916821,0.012752496,-0.023777604,-0.14341502,0.05167508,0.12986389,-0.027728647,0.017795011,-0.054470383,-0.040527485,0.0107774,0.15149744,0.049619548,0.12178926,-0.08196142,0.10823834,0.112705,0.019838776,-0.022119649
"(113.8577106958116, 22.6574846248518)",0.42032638,-0.09316446,0.06880367,0.24147543,0.32842427,-0.20597325,0.41447592,0.060250957,0.073486075,0.37180144,-0.03762848,0.22087687,0.23298913,-0.089838736,0.064213894,0.086685464,-0.17377727,-0.025976628,-0.014280967,0.31472632,0.04062555,-0.22787222,-0.05061691,0.018848568,0.011659641,0.042266462,-0.31390393,0.08676424,-0.27424625,0.2651146,0.14689213,0.127752,0.02759374,0.16379136,0.22317892,0.028987022,-0.3030721,0.13478655,0.18266508,0.22677243,-0.10166488,0.053644933,-0.024764642,-0.07216315,0.032936983,-0.14662126,0.14388734,0.08420952,0.01407028,-0.32154956,-0.04298219,0.07773483,-0.047530513,-0.085919976,0.14996487,0.19596186,0.042330112,-0.29458565,-0.07595545,-0.045016684,-0.25410908,-0.17480852,-0.17769669,0.21675925,-0.008081298,0.075361654,-0.11257315,0.050739344,-0.07846318,-0.2941868,0.18237847,-0.0230576,0.0423553,0,-0.12734428,0.017260868,0.40364292,0.010002263,-0.20466575,0.23044094,-0.016145144,-0.15277147,0.14771836,-0.20711727,0.046666402,0.17825401,0.15843087,-0.5127214,0.056983348,0.12028451,0,-0.017065957,-0.20745078,-0.17540829,0.14530057,-0.50422096,-0.10420009,-0.036726028,-0.1399966,-0.19657114,0.014220223,0.106056556,-0.091394335,0.38460732,0.22615324,0.16197298,0.13352543,0.3647148,0.30867273,-0.05492343,-0.19946799,-0.01915077,0.14341918,-0.122652344,0.20216286,-0.15369633,0.6116783,0.38732126,0.01975111,-0.023957659,-0.0026491806,-0.06695915,0.26707727,0.12611443,-0.10519954,0.18340117,0.046657223,0.0153839085,0.120180376,0.6175235,-0.307569,0.03909547,-0.07309476,-0.017824136,-0.16809373,0.22789986,0.3511252,-0.09001784,0.2821478,-0.052615017,0.07888451,-0.056188162,-0.20135155,0.115416385,-0.17099303,0.075841695,-0.21794733,0.39201233,0.008918986,0.19946495,0.34677538,0.13068065,-0.14777042,-0.08106531,-0.10316144,-0.08432431,0.13751023,0.22189254,0.12615582,0.47094214,-0.08646394,-0.17886005,0.04117342,-0.2023951,0.19298084,-0.04988485,-0.09509352,0.13968721,0.068243936,0.141193,0.08796987,0.23970868,0.2745858,0.15877435,-0.14663522,0.10898858,0.19307396,0.110545255,0.18405038,-0.08901675,0.22418235,0.029978558,0.14187229,0.30739743,-0.1517306,-0.071367055,0.19512671,0.030153079,0.07192361,0,0.025976218,0.40877348,-0.14144506,-0.18156399,-0.0052341893,-0.15755424,0.10862236,-0.08518071,-0.111549586,0.042434506,-0.25456166,-0.14721546,0.0682373,-0.28459826,-0.07541433,0.02198051,-0.24388154,0.23532039,-0.013084486,0.12641105,-0.3138469,0.21056399,-0.31075257,0.062105767,0.2300356,0.14139332,0.030627655,0.030527562,-0.0029609278,0.10268417,0.18799578,0.07726249,0.4033614,-0.12963721,-0.069488674,0.091974065,0.25955674,-0.14975399,-0.0050995126,-0.03485199,-0.116592675,-0.20374253,0.25137663,-0.021216521,-0.22351886,0.3018751,0.077323526,-0.11294756,0.067037314,0.098529436,0.18254924,-0.09798875,-0.06902373,-0.075884834,-0.083013356,-0.010288775,-0.16613072,0.038974255,0.08425008,0.29011416,0.03210251,-0.24479946,-0.2357298,0.14447077,-0.014083341,-0.124860026,0.0036538988,0.37397626,-0.03748823,0.0005280152,-0.06349698,0.016426377,0.09665573,-0.12984493,-0.17325853,0.058725607,-0.2589512,0.22045468,-0.4074588,0,0.15135378,0.0070203785,-0.1471404,0.1459212,0.22152302,0.19433576,0.25076455,-0.15313849,-0.05739118,-0.24894306,0.09022607,0.10638956,-0.031750716,-0.055577084,-0.47688586,0.16207051,0.27250546,-0.1102575,-0.31902504,0.0197747,0.118514195,0.02271764,-0.102006644,-0.1890029,0.1329777,-0.3081298,-0.24385111,-0.09824193,-0.038855508,0.06997377,0.013979489,0.296575,0.17643587,0.061450496,0.048712082,-0.13902517,0.1405501,0.102127165,0.1422261,0.32222876,0.04330894,-0.07597421,0.13553308,-0.27285895,-0.1566356,0.062251218,-0.43015075,0.15489408,0.2650015,-0.04400479,0.0442454,0.10935271,0.10859451,-0.29882127,0.25571573,0.26896226,-0.15626395,0.078676105,0.06804611,0.32245162,-0.24937855,-0.26399755,-0.005628608,-0.1961471,0.40299702,-0.1359587,0.14623286,0.11444481,0.09604166,-0.25122422,0.05595491,0.14338507,0.20850247,-0.09667072,0.06847662,0.043106243,0.28949556,0.18708082,-0.099831834,-0.050627723,-0.24748088,0.02918252,-0.06871791,0.24594736,-0.0051662847,0.13843645,-0.14063491,-0.06254123,0.18118823,-0.20089668,0.3996172,-0.043349378,0.06403902,0.1982905,0.38702083,-0.24603595,-0.07698903,-0.0427795,-0.17647217,-0.17121081,0.16936818,-0.0687375,-0.057701893,0.5552484,-0.14058518,0.22233914,0.29886174,-0.12558241,-0.16099362,-0.021467831,-0.28730002,0.0052521564,-0.1707592,0.33639026,0.10505131,0.26737994,-0.2554187,-0.07804018,-0.036759645,0.27557674,0.21270317,-0.25008458,0.25305557,-0.03987205,-0.042246547,-0.14246769,0.3002291,-0.29254717,0.30567557,-0.32834837,0.059897076,0.29307228,-0.13162991,-0.11587889
"(113.8578035673299, 22.657675956372657)",0.42243192,-0.09266384,0.07001202,0.24164507,0.32490653,-0.21167742,0.41510236,0.058917116,0.06866087,0.3714971,-0.038077474,0.22526404,0.23196268,-0.09122451,0.06416217,0.08981855,-0.17314754,-0.02188377,-0.015584063,0.31996822,0.03875851,-0.22838435,-0.051651675,0.024319902,0.013932362,0.04425854,-0.31488708,0.085420094,-0.27542394,0.26625174,0.1483102,0.12784052,0.028607272,0.16424978,0.22600272,0.02827063,-0.3036588,0.13548568,0.18451439,0.22980517,-0.10149305,0.05804207,-0.02333729,-0.070930935,0.033102743,-0.14304806,0.14600565,0.08281836,0.016641617,-0.3198177,-0.042927682,0.077694036,-0.046775956,-0.087559834,0.14902654,0.19971305,0.042758435,-0.29726887,-0.0771822,-0.04608842,-0.25578195,-0.17569089,-0.17714357,0.21447419,-0.007850332,0.07564166,-0.113969326,0.049103048,-0.078310415,-0.29703066,0.18528277,-0.024646303,0.042603478,0,-0.12755182,0.01654889,0.40732762,0.009244479,-0.20277527,0.23130953,-0.015886564,-0.1530318,0.15124324,-0.21076056,0.046896238,0.17913628,0.16034676,-0.51306975,0.059520464,0.119178794,0,-0.016018867,-0.20897385,-0.16785903,0.14968878,-0.50416464,-0.105300345,-0.03848988,-0.14033537,-0.19713904,0.014358997,0.10796198,-0.08880766,0.3890574,0.23213483,0.16182743,0.134731,0.3647845,0.31151825,-0.056948975,-0.19846146,-0.016408075,0.14236298,-0.124212734,0.20361781,-0.15024981,0.6109903,0.39001152,0.018068343,-0.023494568,-0.001744777,-0.069193214,0.268486,0.12387575,-0.10701906,0.18289183,0.04606213,0.015557727,0.12108311,0.6189575,-0.31135356,0.038590156,-0.073233314,-0.016151972,-0.1714499,0.2262858,0.35603186,-0.08621864,0.28137916,-0.054803066,0.080459476,-0.05764528,-0.1980437,0.11467061,-0.1713221,0.082260534,-0.21769159,0.39240623,0.0077302903,0.1992969,0.35015127,0.13277501,-0.14768468,-0.08105609,-0.09995027,-0.07939255,0.14135742,0.22324735,0.12878877,0.47366577,-0.084439576,-0.17912324,0.035830297,-0.20659849,0.18994005,-0.05432657,-0.09621437,0.13998997,0.06683348,0.14106359,0.089211024,0.23896147,0.27867645,0.15788296,-0.14874122,0.11107569,0.1957676,0.112118594,0.18500322,-0.08888455,0.22813903,0.030051649,0.14211012,0.30961594,-0.14955634,-0.07391919,0.19719419,0.0322973,0.0745876,0,0.023427758,0.41053966,-0.14091024,-0.18269938,-0.0033537298,-0.15807545,0.11488794,-0.081954904,-0.11040749,0.043414533,-0.25715768,-0.15060446,0.06753932,-0.28373042,-0.07927224,0.021553576,-0.24557243,0.2364889,-0.012620814,0.12852153,-0.3136146,0.2079542,-0.31193572,0.061643347,0.22323808,0.14109534,0.030622346,0.032971002,-0.0033175722,0.10348554,0.18833394,0.07797264,0.40975618,-0.12785734,-0.071506485,0.09031644,0.26217818,-0.14980522,-0.0063554198,-0.03404799,-0.119917825,-0.20549962,0.2554553,-0.019854752,-0.21955118,0.30456644,0.079936594,-0.11431603,0.06449166,0.10278239,0.18466993,-0.09687837,-0.06819457,-0.07676037,-0.08006206,-0.008696429,-0.16339402,0.040849652,0.08260628,0.29334924,0.03138182,-0.24482197,-0.24006371,0.14661787,-0.010369241,-0.12522393,0.004532799,0.3732091,-0.038842283,-0.002955906,-0.059597127,0.019244887,0.095078066,-0.1284695,-0.17371318,0.060764547,-0.26202175,0.2158885,-0.41199926,0,0.15339401,0.003494965,-0.14837295,0.14640395,0.22140843,0.19656157,0.25233027,-0.14858712,-0.059746288,-0.2500401,0.08733152,0.10455764,-0.031042755,-0.05635993,-0.4766623,0.16575666,0.27613372,-0.1104765,-0.3152592,0.017930562,0.11952173,0.027904838,-0.1030232,-0.19622749,0.13697854,-0.31344518,-0.24527527,-0.09795733,-0.042731173,0.071638726,0.015612716,0.29934287,0.17583306,0.0612237,0.04212205,-0.14067823,0.14365356,0.10489744,0.13734119,0.3226046,0.04324517,-0.07596949,0.13656603,-0.27079347,-0.15893307,0.06337384,-0.43106848,0.15660429,0.26824144,-0.0442186,0.046370313,0.109589815,0.10838699,-0.29741192,0.25876033,0.26609284,-0.1563561,0.075903624,0.06472162,0.32661626,-0.24994479,-0.26279595,-0.009621143,-0.19858561,0.4040614,-0.13790974,0.14730152,0.11806575,0.09906799,-0.2522278,0.05588635,0.14344595,0.20525831,-0.095693454,0.06387484,0.043315798,0.28905585,0.18399176,-0.10125983,-0.050429784,-0.24845643,0.02872276,-0.06724185,0.2427941,-0.0033145621,0.13855335,-0.14053455,-0.061342012,0.17992231,-0.19866674,0.39945543,-0.043994226,0.060496464,0.20018554,0.3911474,-0.24358715,-0.07684673,-0.0411045,-0.18075001,-0.17114843,0.16551623,-0.06902487,-0.051619656,0.55446446,-0.14591509,0.22002289,0.29531586,-0.1292029,-0.16266195,-0.01720072,-0.28421482,0.0035696067,-0.17503983,0.33184528,0.10967228,0.26584414,-0.25631782,-0.07865993,-0.03532043,0.2796509,0.21128371,-0.24897139,0.2528773,-0.03812521,-0.039822362,-0.14376877,0.30275816,-0.2940164,0.30604067,-0.32927638,0.060735364,0.29475287,-0.13382569,-0.1141475
"(113.85786781480928, 22.632181792745293)",0.14866307,0.04989379,-0.011483517,0.09525852,0.18399875,-0.056108106,0.09924063,0.04056991,0.05586724,0.27819586,-0.0749296,0.08505124,-0.00831072,-0.09314584,-0.103147455,-0.0059775747,0.034953833,0.04626309,-0.025999416,0.10155186,-0.017152913,-0.075962946,-0.013107199,6.240606e-05,0.022037026,-0.043591086,-0.10592342,0.04437137,-0.115212515,0.09244382,0.14081179,0.109500855,-0.07149041,0.039498307,0.21675089,0.026319997,0.041327246,-0.04234323,0.034046482,0.11503822,0.030382909,0.17470962,-0.16509774,-0.04921177,0.046323813,-0.04065615,0.07323678,-0.08076511,-0.07876153,-0.12507051,-0.066620916,0.083072476,-0.043988492,0.05322805,0.12881726,0.16168967,0.07192855,0.020022132,0.011241509,-0.076065235,-0.05629457,-0.0826938,-0.06725532,0.041153014,-0.021903634,0.0035050884,0.008950219,-0.06369703,-0.0076876655,-0.1189035,0.017660983,0.10245606,0.010201111,0,-0.21324252,-0.016622182,0.19085343,-0.028885134,-0.12881383,0.075964265,0.04044498,-0.060979635,0.10306291,-0.15969172,0.040055122,0.10726732,0.022211917,-0.19857332,-0.013440378,-0.091972955,0,0.097607076,0.03607074,0.009725461,0.0743615,-0.2699534,-0.03746373,0.08631541,-0.0016808715,-0.12573074,-0.043398112,0.05707798,-0.0943577,0.15323259,0.06594376,0.13661729,0.16426644,0.20212209,0.17950584,-0.01243259,0.020534478,-0.057926413,0.05263535,-0.04480613,-0.019514956,0.10603377,0.3100651,0.23828855,-0.05291638,0.0059459396,0.17165856,0.053625777,0.13850154,0.09886733,-0.04349827,0.021209776,-0.032795753,0.040686216,0.058781557,0.25583082,-0.16096565,-0.00062781014,0.0852554,-0.03809648,-0.1108561,-0.02966764,0.22007251,0.07674146,0.22130717,0.0045070257,0.059564475,0.010462904,0.028261796,0.1487281,-0.032155775,0.009899452,-0.071820475,0.081766084,0.060910434,0.21793838,0.2394287,0.034504138,0.025302082,-0.03352587,0.15464091,0.065614045,0.04037541,0.12081077,0.19612175,0.26220936,-0.06089063,0.06644365,0.0393548,-0.071128115,0.10338828,0.046159267,-0.028431134,0.19010839,-0.016140684,-0.05708862,0.0609435,0.23125212,0.19488978,0.07890513,0.005692832,0.08195395,0.12930538,0.03232162,-0.024420775,0.01859244,0.21728586,0.0020732656,0.09277974,0.081541315,0.0870542,-0.07600337,0.055589862,0.034118332,0.07970682,0,-0.026099995,0.06597533,0.045471832,0.020155614,0.0056916103,-0.010495229,0.12638249,0.0729629,-0.033139873,0.06351826,-0.12972005,-0.089989364,-0.013821185,-0.06593964,-0.03301704,-0.003580004,-0.029096648,0.20174342,0.04697042,0.07404181,-0.0067961663,0.17224234,-0.020666819,0.12979838,0.18629381,0.12287541,0.04239191,0.029064,0.03209793,-0.1454813,0.019127384,0.060858496,0.28935334,0.08202922,0.029214863,0.17127147,0.06645699,-0.03002826,0.029538356,0.0024926886,0.11935076,-0.10709368,0.0082342075,0.027949667,-0.065517366,0.060974672,0.03487685,-0.021964706,-0.078678235,0.08362665,0.08812912,-0.06962829,0.04331235,-0.028185122,0.029178586,0.05851738,-0.26677385,0.13228516,0.038450204,0.20701204,-0.050640084,-0.1485811,-0.11196925,0.14130822,0.042619564,0.02060201,0.18610916,0.10774269,0.0024823844,0.00564117,-0.073540874,0.20095456,0.07072361,-0.024851985,-0.023316402,-0.026584283,-0.08152026,0.1663057,-0.11369102,0,0.10790337,0.042725988,0.023027778,0.077352196,0.22021678,0.062059335,0.19380337,-0.075945064,-0.034373797,-0.10014567,0.081746854,0.064626604,0.03767512,-0.038490534,-0.18860382,0.10401317,0.07948076,-0.026882533,0.03576091,-0.037622616,0.031041805,-0.017527528,-0.045044772,0.11558737,-0.020189073,-0.040408477,0.07720591,-0.05156301,-0.07176443,0.14596824,0.026226146,0.17312518,0.10511595,0.12021509,0.13382451,-0.037132896,-0.017227378,0.04315066,0.10015163,0.12250582,0.01626404,0.0031150393,0.08815309,0.058311325,-0.061418608,-0.0023440942,-0.048893213,0.057538956,0.04633936,-0.09009997,0.024457283,0.013665089,0.0077498294,-0.026705585,0.16828373,0.16252655,0.073805206,0.013595343,0.027795924,0.14741167,-0.15328825,0.07174901,-0.09465476,-0.034438767,0.18244684,-0.09822691,0.11975322,0.16953246,0.15176627,-0.13214459,0.18321273,0.10159341,0.11247282,-0.011290232,-0.0070217103,0.03274791,0.083734274,0.112888776,-0.066441655,0.067705944,-0.06369965,0.122314125,0.121803984,0.02033905,0.035213895,0.033727977,-0.063813575,0.04423144,0.11375312,-0.21792974,0.10279884,0.08932697,-0.03487517,0.17121205,0.10148171,-0.10880298,-0.068148084,0.088305816,-0.09657758,-0.2027642,-0.041896515,0.023897776,-0.08732365,0.3234337,-0.13021418,-0.106341705,0.21383817,0.06482394,-0.039917495,0.07690163,-0.08657329,0.090512455,-0.090378724,0.2286135,0.16534738,0.18517278,0.036905266,-0.15665977,0.0013364851,0.061770193,0.15671346,0.015259758,-0.012264445,-0.020768791,-0.03317339,-0.0024105152,0.24858247,0.068461046,0.097189136,-0.019041535,0.112159714,0.19014448,-0.03654348,0.04945766
"(113.85808320054475, 22.66096378926477)",0.45027465,-0.053337008,0.10692468,0.23077106,0.23421966,-0.33636105,0.38094234,0.024080072,-0.03689242,0.34449518,-0.05008391,0.33097732,0.21351403,-0.131991,0.050476365,0.15115763,-0.1274596,0.08786849,-0.04514556,0.434995,-0.0040794984,-0.23959443,-0.07202872,0.15453644,0.05110253,0.09250069,-0.30961645,0.05514311,-0.27512813,0.2526977,0.16722722,0.14101902,0.08146053,0.14712758,0.2795191,-0.014512194,-0.27940905,0.14729297,0.19828437,0.28245088,-0.10896734,0.1821323,-0.0026952177,-0.044273056,0.02823779,-0.054637805,0.17573634,0.03320008,0.045977257,-0.26763734,-0.026436388,0.07982778,-0.023182418,-0.11890027,0.08763146,0.26040393,0.05567126,-0.31287068,-0.123784244,-0.034227394,-0.24315098,-0.17839614,-0.1637355,0.14105701,-0.0066241845,0.07321697,-0.16213973,0.0042505525,-0.06261085,-0.34169507,0.24320865,-0.05641558,0.043937556,0,-0.11793307,0.0032510348,0.4509435,-0.013357259,-0.15736897,0.21400309,-0.0063199587,-0.13346182,0.23911352,-0.27968228,0.063496426,0.19808397,0.17181306,-0.47335812,0.115110144,0.080244765,0,0.005579792,-0.21559861,0.025622556,0.25573695,-0.4588305,-0.122676395,-0.07535194,-0.12072279,-0.20936069,0.012933433,0.16180119,-0.023896147,0.44562256,0.35611778,0.15271744,0.18157393,0.35370785,0.35242116,-0.11517233,-0.16701332,0.06252189,0.12902728,-0.16087845,0.21582058,-0.06532354,0.54842436,0.41999635,-0.044032007,-0.030306809,0.0059847683,-0.123242326,0.2668573,0.06896724,-0.13578443,0.15592317,0.0479216,0.0238675,0.12624171,0.61044663,-0.3863311,0.031134581,-0.07353599,0.02280182,-0.24942917,0.16050996,0.45934775,-0.00011372939,0.2616819,-0.09883745,0.1440374,-0.08021167,-0.08444664,0.0842048,-0.18831328,0.22528243,-0.194443,0.38927498,0.01467444,0.17170297,0.42401162,0.17771941,-0.10361527,-0.07598017,-0.02717575,0.06587261,0.2208804,0.24240327,0.19080508,0.4986729,-0.024965331,-0.14876026,-0.110134855,-0.30780852,0.104348704,-0.13248111,-0.09345198,0.120956525,0.048369274,0.115050875,0.11954904,0.21405964,0.33701858,0.13043877,-0.19285606,0.1737439,0.23663996,0.14375892,0.20841655,-0.10379375,0.33366495,0.020266704,0.15809907,0.33179775,-0.07413452,-0.13593812,0.21909907,0.088052794,0.14124957,0,-0.040702205,0.43173128,-0.11591793,-0.1766965,0.06159421,-0.14066115,0.2524929,-0.0065198466,-0.06210575,0.054765277,-0.28781486,-0.22958425,0.0430244,-0.25289136,-0.13901778,0.01774238,-0.26408738,0.26114848,-0.0070508644,0.188812,-0.2773416,0.1528597,-0.30440128,0.03184314,0.039020143,0.10314971,0.022416463,0.09458646,-0.02241709,0.11309436,0.19828048,0.09439664,0.53143024,-0.050885353,-0.0954584,0.054584138,0.3101467,-0.15037663,-0.009492986,-0.010216892,-0.18196502,-0.23571375,0.35352966,0.027590906,-0.10173781,0.35477197,0.13439499,-0.124901354,-0.014218882,0.19716397,0.21285883,-0.069938675,-0.031360224,-0.063961685,0.0055342875,0.027446277,-0.09153396,0.09630439,0.06067499,0.33977425,0.009762876,-0.23942333,-0.31318206,0.17854746,0.061641537,-0.113869615,0.04804261,0.3261315,-0.07433508,-0.092886515,0.038326062,0.11186411,0.0383051,-0.08568045,-0.15974347,0.103237286,-0.29789016,0.09595753,-0.4984944,0,0.21175385,-0.06745355,-0.1504069,0.120462865,0.24336192,0.21514559,0.28229344,-0.0541918,-0.096302144,-0.2627991,0.020048205,0.05364367,-0.0032540597,-0.059228428,-0.42835924,0.24256696,0.32813004,-0.103486165,-0.20060028,-0.04293509,0.123267524,0.15193273,-0.16146725,-0.35508445,0.24142364,-0.39401472,-0.24015997,-0.0595524,-0.13178192,0.118583485,0.059459798,0.32811588,0.15314947,0.072197214,-0.111360714,-0.18507017,0.20266065,0.17686495,0.007055696,0.3240274,0.056795437,-0.029044624,0.13765001,-0.21215929,-0.18317626,0.09842806,-0.4207837,0.16691154,0.3233612,-0.065016724,0.10057754,0.09789921,0.090453535,-0.2149365,0.33237904,0.1785083,-0.16430199,0.0001514852,-0.008974613,0.3859711,-0.25895864,-0.2095785,-0.09605005,-0.23127283,0.4097108,-0.16453499,0.16581663,0.19753762,0.17645535,-0.24965535,0.07238271,0.14540964,0.13075829,-0.04781934,-0.04620287,0.04849769,0.24890348,0.09135408,-0.12233283,-0.027165096,-0.22126774,0.03854866,-0.0021148175,0.15161973,0.05798004,0.14893648,-0.11386827,-0.04290812,0.13557553,-0.13913164,0.36630085,-0.04082527,-0.01396847,0.23166384,0.44841143,-0.1727892,-0.043939807,0.02750266,-0.26145852,-0.15686744,0.052912407,-0.052381285,0.084070235,0.5044701,-0.2497696,0.1325795,0.19000323,-0.1913521,-0.18729208,0.10828605,-0.21688537,-0.036159273,-0.25809902,0.23139068,0.19937247,0.22159062,-0.25102475,-0.06033553,-0.024806038,0.3562668,0.15226917,-0.18540518,0.23463704,-0.01047796,0.03740307,-0.14267929,0.3271139,-0.28509343,0.27201563,-0.33654228,0.080358,0.31495813,-0.1786297,-0.06461969
"(113.85812553202403, 22.575119360946804)",0.21857575,-0.03497634,-0.036355633,0.12332698,0.15527534,-0.115353584,0.29252017,0.06826992,0.090263754,0.24991043,-0.050825447,0.17283028,0.08990082,0.0042744726,-0.15511242,0.08330588,-0.031772688,-0.0077271387,0.15954132,0.33844554,0.20181108,-0.041052036,0.10951174,0.058308706,-0.0438104,0.0058110096,-0.05851371,0.10874954,-0.11820623,0.09647711,0.11000489,0.13958322,-0.012507878,0.23945285,0.19535357,-0.12337495,-0.13651702,0.1981965,0.1064295,0.066075765,-0.25824106,0.2151502,0.03728968,-0.088767484,-0.05369576,0.08271852,0.23519999,0.0043024234,-0.011866204,-0.16299605,-0.04233691,0.035406776,0.061266042,-0.19525895,-0.026486255,0.16242793,-0.09072203,-0.12919778,-0.22818358,-0.17247075,-0.19681384,-0.1298557,-0.13082916,0.11871563,0.043503743,-0.09983181,-0.0058315694,-0.05118782,0.01912231,-0.24269162,0.110300176,-0.002915373,0.021424197,0,-0.129308,0.03419778,0.25184566,0.07031525,-0.14877401,0.24533904,0.0061492734,-0.06892736,0.19532761,-0.18588549,-0.04245853,-0.044482216,0.0590972,-0.18939015,-0.0080372095,0.010721102,0,0.1294426,-0.105429344,0.11919398,0.0921207,-0.044820603,0.02482044,-0.11706211,-0.09048038,-0.070550576,0.15349826,0.16201419,0.10481532,0.31314445,0.29888588,0.037057847,0.15961984,0.2782308,0.13751377,-0.20296699,0.06348068,-0.08938051,0.12307719,-0.20539233,0.18770942,0.039202437,0.30491635,0.26446852,-0.03230332,0.054193433,0.2955392,-0.062537596,0.19351436,0.10237137,0.15522763,0.10368848,-0.16444267,0.043460757,0.10189309,0.44574088,-0.28447402,-0.06318074,0.17139286,0.26059008,-0.052702487,-0.03601893,0.4900298,0.07237685,-0.018594831,-0.012007976,0.030975167,-0.16413395,0.027180612,-0.016024776,0.090990216,0.058075175,-0.09163987,0.16267294,0.035277463,0.3797195,0.11187337,0.15468737,0.019174933,-0.08050293,0.08646755,0.08584969,0.022946194,0.33503196,0.26133612,0.3413267,-0.21913713,0.12650438,-0.14123042,-0.16086373,0.16011314,-0.09746715,0.04718019,-0.0339645,-0.021132693,0.04157871,0.023811175,0.102005474,0.03522156,0.04803008,-0.003725998,0.08512942,0.2167015,0.14299002,-0.05068568,-0.07863082,0.3230961,0.15851033,0.01220477,0.105416805,-0.034676977,-0.21824154,0.17547926,0.028931933,-0.020541899,0,-0.09170841,0.34942237,-0.016348144,-0.039585907,0.18741053,-0.30291238,0.18850444,-0.0199951,-0.22771116,0.03489828,-0.09470318,-0.07599996,0.008234607,-0.12276794,0.054489866,0.17949392,-0.11479209,0.2104187,0.03929352,0.0122570265,-0.10528101,0.07094812,-0.10155606,0.0038628587,-0.051987983,-0.018159665,0.019252455,0.20859973,-0.05529178,0.020250037,0.16834684,-0.15098488,0.3799138,-0.13294023,-0.033457007,0.016387284,0.27572405,-0.0974128,0.091130294,-0.1116296,0.03106669,-0.30385455,0.25676298,-0.06114088,-0.0043201447,0.46723056,0.070257455,0.06588867,-0.20356278,0.2131941,-0.012983501,-0.14048639,-0.04736413,-0.20874561,0.099995926,0.0142382905,0.0319684,0.11531891,0.06774872,0.030086607,-0.02892398,-0.24319097,-0.1262363,0.10754009,0.116047174,-0.09165571,0.006346859,0.04092996,-0.051455095,-0.057961024,0.08723856,0.18795231,0.16142194,-0.00032890588,-0.007572163,-0.07022169,-0.10109781,-0.08982937,-0.35494548,0,0.010796957,-0.07753062,-0.101212636,0.1659927,0.14854397,0.12593132,0.16275878,0.23198634,0.11579073,-0.01760662,0.06386678,0.18923216,-0.022797085,-0.25155956,-0.030341696,0.08993456,0.2261759,-0.07357636,0.17375086,-0.10592017,-0.0029298551,0.03061892,-0.264484,-0.06226725,0.116236486,-0.38325584,-0.054483697,-0.1975035,-0.064300895,0.15433967,0.24231988,0.32928318,0.1521593,-0.010811701,-0.1295599,-0.10022783,-0.09674956,0.35525525,-0.10158153,0.081517115,0.11492306,0.03731956,0.12401524,0.18304686,-0.18734322,-0.06812852,-0.3501075,0.11496726,0.07015368,-0.088974245,0.28231853,-0.011583433,0.09032145,-0.049959734,0.27555853,0.11100237,-0.097351275,0.12078822,0.0016802538,0.20508638,-0.026832376,-0.073042944,-0.08556227,-0.077689946,0.14731854,-0.22462398,0.17711079,0.1547839,0.25008786,0.0791384,0.08220529,0.19831428,0.09484824,-0.1288844,0.0136990845,-0.028936177,-0.03915098,0.0481764,-0.1228686,0.039198924,0.039832737,0.12479167,-0.086510286,0.16764629,-0.025615864,0.22552222,-0.07251209,0.008034858,-0.12527353,0.08870925,0.17684191,-0.08042463,-0.1590354,0.21777715,0.13899381,-0.01585409,-0.10286429,0.073129475,-0.20529237,-0.12933077,0.015465878,-0.068545125,0.055089563,0.30098835,-0.13036856,-0.060877845,0.047616214,-0.16409086,-0.004980784,0.20632401,-0.05333205,0.018887859,-0.24408299,0.09502265,0.12104197,0.23382713,-0.09789974,0.016954884,0.03880763,0.11542699,0.1502463,0.0018267632,-0.01524429,0.0064650476,0.021226816,-0.101056315,0.12171908,0.04653503,0.2009959,0.004998889,0.12012787,0.22502905,-0.088438846,-0.07857562
"(113.8581868405898, 22.64042012607518)",0.139869,0.016980732,0.028923903,0.09911353,0.26104403,0.032000255,0.10312535,0.062312417,0.16804132,0.27774364,-0.05562589,0.042769697,0.06770326,-0.086648285,-0.041515693,-0.054322336,0.016432747,0.004188299,0.029931879,0.11879547,0.10850883,-0.04829545,-0.003593281,-0.13048586,-0.03287438,-0.051018342,-0.06340019,0.075042926,-0.1575458,0.06484906,0.11071128,0.061683737,0.07026561,0.09140704,0.16177441,0.046712436,-0.03253541,-0.021699786,0.081073835,0.07053419,-0.057728983,0.052072264,-0.16572827,-0.06172476,-0.0119531825,-0.14650048,0.076927535,0.009901416,-0.1608528,-0.16759364,0.0080331415,0.05522319,-0.0016072579,0.0077861473,0.0828867,0.021643955,0.019901983,0.0061150566,-0.008528635,-0.08359831,-0.039199453,-0.08086556,-0.14668334,0.12383829,-0.013130611,-0.043886162,-0.023958154,0.007127214,-0.011802997,-0.093030885,0.037225187,0.049384654,0.046981428,0,-0.106546134,-0.0020895638,0.10658418,-0.07531775,-0.23272273,0.120313354,-0.013413552,-0.061383642,0.010628466,-0.11174406,0.023688424,-0.022650957,0.042210117,-0.1791085,-0.10324142,-0.06967268,0,-0.0045023635,0.021596171,-0.19578084,0.02208165,-0.17785603,-0.050461173,0.031882733,-0.062968455,-0.111974075,0.062675536,0.10039399,-0.1372537,0.06657906,0.03126408,0.142805,0.14753377,0.24952221,0.18700291,-0.045093566,0.0030598296,-0.08174172,0.05678598,-0.08095402,-0.025966145,0.007007689,0.2701333,0.17705762,-0.038188715,-0.08219749,0.15072308,0.06591827,0.13848183,0.14477073,-0.012586778,0.059067234,0.041473184,0.028961243,0.028610542,0.2707533,-0.12632583,0.029592274,0.11697668,-0.078514494,-0.10067627,0.09799691,0.1835812,-0.0331765,0.14690833,0.069774725,0.13718161,0.009644667,-0.13715652,0.077296816,-0.08408771,-0.14342627,-0.062764846,0.10568108,0.16788028,0.20546213,0.08953589,0.016596928,0.041287363,-0.07396206,0.03118487,-0.13346314,-0.083093226,0.13246623,0.07271064,0.22766198,-0.13975504,0.07909331,0.09602434,-0.07034065,0.15059792,0.12856527,0.027815199,0.104646325,0.057069555,-0.09732425,0.055512242,0.14612572,0.051289335,0.06932285,-0.036445037,0.0050906166,0.07571195,0.058031965,0.016539313,-0.08336452,0.18161017,0.007849827,0.07035902,0.022268265,-0.0011986569,-0.04440142,0.044964522,0.0062064547,0.036656827,0,-0.020006008,0.09294265,0.042265832,0.04370042,0.029594608,-0.078930154,-0.03462494,-0.010963865,-0.039649423,0.0030802153,-0.025088923,-0.042550027,0.018829698,-0.09225301,0.038548157,-0.006675273,-0.08386214,0.1512316,0.07443448,0.05335916,-0.026429772,0.1512587,-0.1069038,0.07761186,0.25757238,0.06936318,0.011176521,0.04718557,0.05726642,-0.11907542,0.07202351,-0.007414622,0.2520036,-0.010728631,0.118198425,0.1021898,0.13127111,-0.081979536,0.043967634,-0.011003166,0.047422875,-0.09328795,0.009147455,0.051788196,-0.0953969,0.07029478,-0.027999286,0.06559686,-0.06126672,0.035425134,-0.014018074,-0.09338526,-0.014332203,0.08651589,-0.07088156,-0.070624806,-0.21238557,0.06386985,0.09265736,0.031955376,-0.060944892,-0.13982426,-0.046288535,0.09080555,-0.07822188,0.0018681511,0.11041114,0.23443112,0.008228213,-0.0039046034,-0.11561963,0.10736386,0.07517025,-0.049958773,0.031317588,0.003873922,0.06107364,0.23742472,-0.08356056,0,0.04601503,0.09244067,-0.00381199,0.10993087,0.2185151,0.01723753,0.18033475,-0.18100934,0.032716624,-0.14078358,0.13114195,0.12802915,0.040097933,-0.0025818497,-0.15216506,0.07572209,-0.0055769305,-0.042917684,-0.028222919,-0.014292842,0.041461878,-0.11545774,-0.12537104,0.087940685,0.010997765,0.026117047,0.12845038,-0.10363377,0.012482999,0.1003951,0.028876802,0.09292554,0.07638889,0.028711975,0.23027357,-0.011093723,-0.05999167,0.046508584,0.13350475,0.16106525,-0.0012520626,0.048898105,0.06972541,-0.04246651,-0.10150847,-0.00040429085,-0.14051515,-0.0012219995,-0.043222766,-0.10813239,0.047006495,0.024414577,0.08464308,-0.12745339,0.10875476,0.22515842,-0.009749763,0.14100271,0.03356172,0.04199344,-0.05228207,-0.03968951,0.042520203,-0.023165299,0.13264231,-0.058097817,0.09214729,0.0979864,0.08486993,-0.055121474,0.14857614,0.097437315,0.18678892,-0.046926573,0.12853153,-0.018014982,0.0314592,0.15196429,-0.05109752,0.121714726,-0.015758086,0.15401801,0.05648856,0.090117656,-0.03963676,0.11134563,-0.053625837,-0.07892135,0.12752554,-0.21402192,0.08955777,0.08053369,0.08463709,0.1568812,0.05787673,-0.056911528,-0.069331594,0.06961447,-0.09965271,-0.20131753,-0.003338404,-0.025431594,-0.13538066,0.39898154,-0.06314913,-0.017825916,0.24896438,0.05597924,-0.013236459,0.060139824,-0.17989281,0.097889945,-0.007457882,0.34226,0.01882321,0.23973371,0.01233118,-0.025495693,-0.14628567,0.055276588,0.12886682,-0.024004988,0.014433295,-0.05379723,-0.038734995,0.01021047,0.15290284,0.051209822,0.12088421,-0.08258659,0.11045322,0.113047756,0.018223874,-0.01964803
"(113.85843363664266, 22.632941865105742)",0.14557737,0.049186863,-0.009218853,0.09726455,0.18936619,-0.054682452,0.102488026,0.04382288,0.067374066,0.27545333,-0.0710465,0.0848891,-0.008797064,-0.095449455,-0.0955076,-0.0106747225,0.030504867,0.0382844,-0.026554111,0.09262468,-0.011113681,-0.07191437,-0.007958241,-0.01599063,0.0146833025,-0.049427,-0.10041055,0.04628506,-0.113607645,0.09009966,0.13944113,0.10788027,-0.076961175,0.04552374,0.21200997,0.032053076,0.04154812,-0.04452692,0.040533554,0.114270054,0.030707128,0.16127199,-0.16004972,-0.048693735,0.046135113,-0.046918534,0.068065606,-0.07288693,-0.081901185,-0.12847662,-0.059726402,0.07992892,-0.04048262,0.05275117,0.13568723,0.15674306,0.07504599,0.013078146,0.011624316,-0.07720996,-0.05303156,-0.08092632,-0.072650574,0.04916048,-0.023047354,0.0014267489,0.012553006,-0.062377226,-0.008426778,-0.10978,0.017102204,0.09807493,0.012332201,0,-0.19974928,-0.017060835,0.18274648,-0.03242763,-0.13592462,0.07831783,0.033178966,-0.061520025,0.09548573,-0.14830275,0.03779122,0.10241747,0.02409701,-0.19482222,-0.016957857,-0.089415915,0,0.09951864,0.040823147,-0.0062602367,0.07064712,-0.26834884,-0.03915718,0.081557766,-0.010206958,-0.11875631,-0.044523403,0.06049239,-0.0986332,0.14479323,0.056309924,0.14245069,0.16102366,0.2017065,0.17747141,-0.008287102,0.021536838,-0.06210937,0.056187995,-0.045959525,-0.017500192,0.09557616,0.30782297,0.22961158,-0.04977461,0.005210776,0.16711727,0.055393517,0.13838515,0.09727843,-0.039744444,0.029667273,-0.030201983,0.040602867,0.0556779,0.25441015,-0.15230462,0.0051054265,0.0882484,-0.039369516,-0.10880816,-0.02483193,0.21330926,0.06780867,0.22469732,0.017227462,0.060323726,0.00940932,0.017605081,0.14821509,-0.028614633,-0.0008836463,-0.070528656,0.07825048,0.061702117,0.21427628,0.22333688,0.027981773,0.029787228,-0.040676087,0.14055872,0.05728699,0.029353619,0.12293934,0.1859087,0.25650042,-0.06222117,0.06382081,0.045642175,-0.06706905,0.110453546,0.053942017,-0.025782214,0.18551259,-0.008327827,-0.05740636,0.062188208,0.22431499,0.19342054,0.08079262,0.012942798,0.07688873,0.12011795,0.0356407,-0.02170343,0.013258599,0.21381645,-0.0028845891,0.08981614,0.074951105,0.07918125,-0.06683059,0.056331687,0.03353116,0.08056314,0,-0.025577886,0.06437201,0.045836486,0.021384928,0.0072652623,-0.012210773,0.115581274,0.06371892,-0.03354885,0.06254482,-0.124552846,-0.08402473,-0.0093048345,-0.07234634,-0.029958189,-7.06166e-05,-0.023670763,0.19735555,0.044737212,0.07082521,-0.0018885285,0.17806621,-0.023454867,0.12365995,0.20240912,0.12776613,0.042518348,0.02688495,0.04080694,-0.1436762,0.022003893,0.06511571,0.28190085,0.071909755,0.0402633,0.17024969,0.058599982,-0.036133096,0.029194124,0.0012945607,0.11359088,-0.096149705,0.0020059694,0.020355111,-0.07228567,0.05794935,0.033119384,-0.016029544,-0.07217698,0.07728862,0.08807783,-0.06923422,0.03776045,-0.019830033,0.019925158,0.055723175,-0.2622522,0.12953341,0.04428771,0.20740917,-0.048516832,-0.14159058,-0.09838681,0.13702741,0.03619741,0.023914106,0.18048444,0.11515785,0.010011062,0.014959894,-0.07694104,0.192489,0.07368316,-0.024466775,-0.017481942,-0.022097722,-0.07273868,0.17351264,-0.106244475,0,0.10041612,0.049838893,0.025929224,0.0846979,0.21563125,0.05175411,0.19494289,-0.08206038,-0.03342192,-0.09949006,0.08636532,0.06925969,0.035008248,-0.03470146,-0.19213451,0.101893574,0.07348666,-0.027400495,0.034239665,-0.037786953,0.036806416,-0.024402656,-0.03692601,0.11656605,-0.02873183,-0.03263571,0.08095135,-0.05080811,-0.064912885,0.13968247,0.024613218,0.16637425,0.1077037,0.10770202,0.13963017,-0.027514847,-0.017220523,0.045094807,0.106453076,0.12397381,0.021485168,-0.0005388297,0.088171884,0.04669496,-0.06380443,-0.0037437305,-0.05147049,0.05897361,0.040413927,-0.08834515,0.026506506,0.015003007,0.0038355477,-0.030901127,0.16120937,0.15992075,0.06350499,0.027078092,0.03147979,0.1328396,-0.14142731,0.062074304,-0.08365173,-0.034347855,0.17917132,-0.0881019,0.11411485,0.15802343,0.14382842,-0.1300895,0.17665023,0.10095199,0.11926406,-0.013106795,0.0082898885,0.028607331,0.08617805,0.114006855,-0.061761037,0.07053001,-0.06389405,0.124928534,0.113329634,0.026569061,0.026822872,0.029777817,-0.0626663,0.039502587,0.12142692,-0.21125191,0.09918215,0.09458075,-0.024827288,0.17043969,0.099549614,-0.103953294,-0.0707919,0.077453926,-0.09144647,-0.19429515,-0.031295888,0.021788517,-0.09330052,0.32088566,-0.12150728,-0.09116766,0.21982093,0.064777434,-0.033925634,0.06881645,-0.10187234,0.09482396,-0.0794239,0.22985126,0.15948567,0.18364091,0.03263595,-0.14896435,-0.005475402,0.060205527,0.15374684,0.017011106,-0.0035256296,-0.020092815,-0.04362168,0.00054133777,0.24098165,0.061007068,0.098335385,-0.021221582,0.115701765,0.18414763,-0.03406299,0.038192056
"(113.85866517351592, 22.633018589244227)",0.14513299,0.04845851,-0.010096785,0.09830699,0.19101202,-0.05402546,0.10504192,0.044776324,0.069550395,0.27591234,-0.0704571,0.083996,-0.008925468,-0.095084265,-0.094425716,-0.011594012,0.028550655,0.035375275,-0.026933145,0.08952351,-0.010700159,-0.071577966,-0.0067421533,-0.01917556,0.013389658,-0.05097296,-0.100669965,0.047126137,-0.11316368,0.09107789,0.13953508,0.10817544,-0.081346676,0.04670643,0.21135071,0.033584245,0.041240264,-0.04454747,0.041762438,0.1140215,0.031953298,0.15816414,-0.15872465,-0.048823286,0.047134556,-0.04802709,0.06702563,-0.07164717,-0.08109148,-0.13004205,-0.06001565,0.07961746,-0.041018482,0.0533139,0.13910434,0.15758455,0.07593511,0.011114471,0.012488352,-0.07762908,-0.05366343,-0.08095592,-0.07314041,0.051048964,-0.023436096,0.0024280325,0.014390737,-0.062349096,-0.00909242,-0.10796626,0.016320445,0.09812966,0.012026839,0,-0.19922869,-0.01674537,0.18242617,-0.031969376,-0.13666391,0.07917298,0.032122534,-0.06237849,0.09406191,-0.14570235,0.0371829,0.1035137,0.024518937,-0.19590813,-0.016801775,-0.08828572,0,0.10114192,0.041292984,-0.009803196,0.06916462,-0.27097502,-0.03883479,0.08148362,-0.011772564,-0.11771567,-0.046295196,0.05966001,-0.09962556,0.14476131,0.05388345,0.14364837,0.15979555,0.2013787,0.17682157,-0.006248161,0.021135382,-0.06400945,0.05699391,-0.045584925,-0.016283147,0.09308008,0.31028977,0.22901374,-0.04783864,0.0067979805,0.16626029,0.05608756,0.13901559,0.09742641,-0.038958766,0.031433478,-0.031035658,0.04054922,0.055663623,0.25501996,-0.1501088,0.0060208794,0.08801277,-0.038931243,-0.10731012,-0.024244623,0.21120358,0.06604889,0.22676125,0.019093892,0.057522465,0.009257212,0.015320733,0.14992076,-0.026765548,-0.0023533627,-0.0711276,0.07808767,0.05930446,0.21448249,0.22178817,0.02660612,0.028470695,-0.04191096,0.13766563,0.055884775,0.027899817,0.12320625,0.18507496,0.25627834,-0.06247714,0.06153691,0.0481297,-0.064681605,0.11277133,0.055182643,-0.026874648,0.18604906,-0.007791564,-0.055458404,0.06186717,0.22505477,0.1947951,0.08195,0.015655793,0.07601766,0.11892386,0.035662573,-0.022022255,0.0143826455,0.2118824,-0.0032982007,0.08921382,0.07476287,0.076713406,-0.064326435,0.05683489,0.032654524,0.080068484,0,-0.024363255,0.06423334,0.04497122,0.02044776,0.0058382973,-0.012973418,0.113661304,0.061489068,-0.03532418,0.06353397,-0.12502676,-0.08212301,-0.008330777,-0.07402985,-0.029905215,0.0009429753,-0.022226825,0.1969679,0.043543972,0.069303505,-0.0021962374,0.18048155,-0.02340924,0.12365778,0.2072179,0.13046964,0.04321959,0.025509022,0.042480133,-0.14315575,0.02203157,0.06644749,0.27918738,0.06911343,0.040854592,0.17171116,0.055978734,-0.03701646,0.028706022,0.0005748272,0.11431357,-0.09450617,-0.0001855779,0.017275533,-0.075781986,0.05756557,0.033101883,-0.01649227,-0.06936331,0.07492524,0.08891685,-0.06936504,0.0364485,-0.021044634,0.017914113,0.0563275,-0.26310277,0.12891614,0.044979077,0.20981061,-0.047051124,-0.14060469,-0.09603761,0.13663825,0.035948686,0.024229579,0.17908242,0.11597254,0.011729553,0.018722646,-0.078593984,0.19000098,0.07555014,-0.024941534,-0.018020023,-0.022455916,-0.07344723,0.17602308,-0.10468087,0,0.098714694,0.051454425,0.026565023,0.086648405,0.21422106,0.050855927,0.19484234,-0.08301647,-0.03375882,-0.09853095,0.08773812,0.07026019,0.03368449,-0.034896165,-0.19483198,0.10058421,0.07381821,-0.02782201,0.032446146,-0.03689137,0.03790505,-0.025828391,-0.033004053,0.118918546,-0.03256023,-0.03209091,0.079866335,-0.050811127,-0.06350519,0.13845976,0.023577789,0.1669342,0.10923651,0.10626592,0.14141713,-0.025594743,-0.01715241,0.04450347,0.10931285,0.12390735,0.022427108,-0.0037280954,0.088791475,0.04445992,-0.063897595,-0.0044573173,-0.051954746,0.06054148,0.040265966,-0.08689422,0.025957666,0.015612714,0.0022669025,-0.032376803,0.1599336,0.16019215,0.06217935,0.029503718,0.033563226,0.13136992,-0.14059556,0.060349442,-0.08231674,-0.034209907,0.18009713,-0.086910464,0.11329767,0.15561216,0.14196494,-0.13103092,0.17505777,0.10112352,0.12074317,-0.014301831,0.010790601,0.028579377,0.08911945,0.115512885,-0.06080586,0.06950107,-0.06574167,0.12447296,0.110727444,0.02889575,0.025264107,0.027853657,-0.063494205,0.040420014,0.12343023,-0.2105773,0.1000975,0.09517174,-0.023589479,0.17022568,0.09977869,-0.10536392,-0.07222828,0.0738685,-0.089287445,-0.19284059,-0.027177744,0.021393532,-0.09602358,0.32053804,-0.119045295,-0.0871052,0.22228006,0.064994246,-0.033115026,0.06509149,-0.10480185,0.095725715,-0.077844866,0.22949728,0.15910152,0.1837473,0.031033643,-0.14995238,-0.0046450347,0.059424575,0.15508278,0.016010799,-0.0013641864,-0.019766778,-0.04711763,-7.48625e-05,0.24072249,0.058679417,0.09945538,-0.021212261,0.11611751,0.1843127,-0.033865392,0.03591177
"(113.85889676371268, 22.64157794667216)",0.14799407,0.01802417,0.037946973,0.100527056,0.26058945,0.025829475,0.10839228,0.059961457,0.1636752,0.2826617,-0.057722956,0.05585153,0.078595966,-0.09240416,-0.039451748,-0.05060585,0.019477978,0.016407467,0.03401252,0.14901617,0.117905624,-0.051025644,-0.011720832,-0.12289277,-0.03340115,-0.04308694,-0.06701374,0.077798486,-0.1729178,0.066433705,0.11034788,0.058809754,0.09597468,0.09085447,0.16498218,0.040939577,-0.049473844,-0.009526655,0.088138685,0.07300448,-0.07483489,0.060588412,-0.16594777,-0.062412888,-0.021875523,-0.14937137,0.0883191,0.01321603,-0.16666418,-0.17228769,0.013127476,0.05261726,0.004321724,-0.00661207,0.06934466,0.018100228,0.013354369,0.0017401353,-0.018122682,-0.08486118,-0.042963903,-0.085206695,-0.15516064,0.12311132,-0.012876412,-0.04439545,-0.041660532,0.010899294,-0.012348235,-0.10214086,0.049451508,0.041089676,0.0500822,0,-0.10372961,-0.0017723702,0.1087725,-0.08359767,-0.24012813,0.12818179,-0.014790494,-0.062807135,0.014233049,-0.12145567,0.024476413,-0.03275477,0.048960276,-0.18291843,-0.10846352,-0.069595195,0,-0.016059652,0.010072701,-0.19622925,0.031004224,-0.1748632,-0.05331818,0.02127564,-0.067221664,-0.12219137,0.07506807,0.11196532,-0.13303895,0.073534735,0.051845163,0.13874142,0.15413213,0.25929546,0.19675152,-0.061235785,2.563838e-05,-0.0738816,0.055514105,-0.09597229,-0.025247328,0.004908451,0.27134386,0.18126652,-0.04385536,-0.09477337,0.15084575,0.056709513,0.14327341,0.14689945,-0.014169818,0.05795771,0.050783325,0.02759393,0.026943192,0.28319243,-0.14119321,0.029344631,0.11512744,-0.080312796,-0.1127743,0.107332915,0.19880837,-0.036988888,0.13495132,0.060700268,0.15301941,0.006421853,-0.14548069,0.06400218,-0.09611174,-0.14271426,-0.063912645,0.118791744,0.1834817,0.20620057,0.09423463,0.027199335,0.036602654,-0.075631514,0.027571041,-0.14113122,-0.08039741,0.13688895,0.07160529,0.23509593,-0.14814077,0.08013064,0.080154724,-0.089703366,0.14412363,0.12082517,0.030376716,0.09556985,0.054191172,-0.10104686,0.05587826,0.1435851,0.043762676,0.06950844,-0.049006462,0.004188765,0.08338623,0.06400845,0.023768082,-0.09656571,0.19439387,0.013526723,0.071739286,0.02202392,-0.0035866126,-0.052901637,0.051572576,0.00744194,0.040669285,0,-0.026293404,0.10526443,0.039652985,0.043640163,0.03829556,-0.09154124,-0.034416713,-0.01083336,-0.039526887,-0.0014556646,-0.022589566,-0.04953322,0.018147975,-0.09618323,0.038711883,-0.010436475,-0.10268612,0.1545235,0.07770117,0.057112828,-0.03648247,0.14294593,-0.121787004,0.07075442,0.23546776,0.05562397,0.0051899645,0.057928286,0.05566044,-0.11275592,0.080556095,-0.015061012,0.26604936,-0.011947084,0.11880466,0.09030954,0.1565913,-0.08873999,0.04618176,-0.013193756,0.034629587,-0.108867176,0.028811151,0.06017021,-0.086672865,0.08813594,-0.029548083,0.07025668,-0.06837386,0.03863006,-0.026242279,-0.09733139,-0.017020894,0.095156506,-0.07048139,-0.080663644,-0.2010282,0.06198958,0.09784642,0.0192606,-0.06397984,-0.14490023,-0.056855753,0.09155131,-0.08183112,-0.0065617934,0.10523157,0.24930547,-0.002902232,-0.018607743,-0.109553605,0.11016341,0.070386454,-0.05168938,0.032866415,0.008522499,0.067760214,0.2358035,-0.10035243,0,0.04747273,0.08376996,-0.009969054,0.10793732,0.22775897,0.023155905,0.17971152,-0.1842204,0.035565555,-0.14848378,0.13031004,0.13045833,0.04283786,-0.0019527897,-0.14478177,0.082673304,-0.00013866986,-0.04792399,-0.026746362,-0.016272618,0.041396867,-0.10619487,-0.14766714,0.06078883,0.032845326,0.014703512,0.12591887,-0.10628304,0.010046093,0.10327895,0.034621403,0.096211,0.06925063,0.027686208,0.2253037,-0.021876896,-0.05816419,0.05591927,0.120716155,0.17611179,-0.0038300976,0.05890734,0.068786636,-0.04917756,-0.11349808,0.008711137,-0.1600692,-0.007872276,-0.039987605,-0.11384827,0.057861608,0.025587011,0.09629221,-0.13680068,0.121643566,0.23124273,-0.02392707,0.14524738,0.026126003,0.04957369,-0.052311335,-0.049643256,0.044500865,-0.026718317,0.13785893,-0.066691704,0.09561415,0.1039367,0.0898206,-0.04939853,0.15071282,0.100876845,0.1889532,-0.050541118,0.12544805,-0.020818733,0.02649473,0.14875901,-0.055324398,0.13055122,-0.011220766,0.15727489,0.05905582,0.089859895,-0.037785374,0.12560856,-0.05099507,-0.08907009,0.119499825,-0.2126569,0.093731694,0.07264977,0.08553089,0.16057089,0.06466524,-0.04755062,-0.065474704,0.07959737,-0.112485126,-0.20533124,-0.0100089535,-0.029235488,-0.12680867,0.4127104,-0.0710285,-0.01907581,0.24261269,0.0436369,-0.019855525,0.07327086,-0.17939337,0.089889064,-0.013992198,0.3511156,0.011884008,0.2465487,0.0050457343,-0.015332273,-0.16558054,0.06843128,0.12584162,-0.0275357,0.011795923,-0.058567166,-0.027250625,0.0056771645,0.14851394,0.048265688,0.124107,-0.098233506,0.10967375,0.111199446,0.018255588,-0.019077316
"(113.858981700705, 22.744529872848)",0.15266299,0.01764934,-0.0126917325,-0.04730121,-0.06341125,-0.14324829,-0.17128545,0.025075968,-0.009770364,0.07664402,-0.02535759,0.14955452,-0.2361409,-0.009380922,-0.40941197,0.12553896,0.14445929,0.23962337,0.26676062,0.41157854,0.27941188,-0.02415635,0.09074185,0.29172358,0.022142943,0.15469234,0.17839822,-0.06701328,-0.13948652,-0.191404,0.01457463,0.089751855,0.5201257,0.16274796,0.2091808,-0.3624596,0.011233948,0.0653649,-0.08953653,-0.023157932,-0.40721148,0.5710289,-0.06913084,-0.18204293,-0.23365325,0.23392947,0.28169417,-0.10916521,-0.22046097,0.06521407,-0.008185744,0.092572846,0.109307975,-0.24967551,-0.34566954,-0.055278394,-0.26392603,0.042051353,-0.31712195,-0.24515629,-0.082640335,-0.074015304,0.078514025,-0.05362238,0.14615045,-0.3614185,-0.07126956,-0.05759219,0.20856515,-0.41637802,0.17124096,0.04394131,0.107657105,0,-0.07490819,-0.018303853,0.15696129,0.024712153,-0.21012357,0.11858835,0.07733621,0.11990106,0.3567639,-0.39230186,-0.058626126,-0.29829007,-0.047708303,0.126973,-0.13088754,-0.046877272,0,0.03885176,-0.06049031,0.45142892,0.14262453,0.4495337,-0.031080335,-0.13992567,0.05411146,0.104551986,0.3592126,0.24782449,0.20553787,0.14345479,0.3706513,-0.1446853,0.32685632,0.3353759,0.13541254,-0.37180865,0.22343045,-0.0038799345,0.08858412,-0.22336376,-0.105127394,0.38910717,-0.11294341,0.24370095,-0.2804119,-0.18977064,0.49367452,-0.06006565,0.019031197,0.12013705,0.2563116,0.02341789,-0.10017364,0.0758584,0.0024943426,0.32144356,-0.5188365,-0.2607518,0.4571731,0.20257258,-0.080239564,-0.18204077,0.7387093,0.17578465,-0.34037423,-0.124839745,0.37705818,-0.10068403,0.3827764,-0.2466073,0.02104481,-0.05762212,-0.002420703,0.10452251,0.44924074,0.4647229,-0.07648595,0.20921668,0.5244471,0.029459074,0.5110738,0.3128373,0.083177105,0.3709475,0.20091313,0.19247924,-0.3133963,0.5737554,-0.31303924,-0.38873154,0.050213724,-0.26518866,0.40485787,-0.19260035,-0.055219844,-0.26208067,0.08797714,-0.17644064,-0.25133005,-0.15199281,-0.28708744,0.18600708,0.22966023,0.18467872,-0.060472406,-0.3016148,0.60893106,0.13808295,0.08630906,0.023067266,0.27492452,-0.54494435,0.075703025,0.19124645,0.098561294,0,-0.207148,0.21725547,0.22090086,0.13462834,0.47887832,-0.13225822,0.38507038,0.13585186,0.09270011,-0.117059775,0.118323624,-0.18117008,-0.09163904,0.02315134,0.16587242,0.2463183,-0.13568313,0.14024621,0.27508014,0.19278803,0.0029392093,-0.114889644,0.04131627,-0.06036395,-0.54139686,-0.39447373,0.0010686796,0.39736095,-0.173542,-0.11088064,0.18124577,-0.2908325,0.6656157,0.08714414,0.073553756,-0.18080688,0.5728025,0.08451031,0.17651772,0.0045733675,-0.057583492,-0.35334575,0.3529647,0.27550194,0.4386366,0.43079466,0.052519675,0.2515921,-0.5760026,0.5648892,-0.059004836,-0.11076083,0.03352642,0.027614474,0.28621155,-0.04275047,0.15743853,0.1760535,-0.09163975,-0.34039068,-0.2791329,-0.30025756,-0.24538116,0.12145692,0.077838846,0.009362467,0.12761784,-0.1800783,-0.15902282,-0.47293562,0.23476025,0.43574294,-0.0025581978,0.12660958,0.16588153,-0.10582576,0.17617723,-0.40094945,-0.43518987,0,0.1460028,-0.256607,-0.24011862,0.061974645,0.14164111,0.12783256,0.09390329,0.52108026,0.17862862,-0.1333493,-0.031939037,0.16496333,0.19864541,-0.2435523,0.39490262,0.18802685,0.020860711,0.05480324,0.50442886,-0.26955885,-0.19742066,0.09973435,-0.67252046,-0.13433194,0.45986554,-0.40200135,0.14996895,-0.23707843,-0.055072382,0.2862193,0.35347438,0.17856757,0.022186097,0.11675848,-0.27219203,-0.23259091,-0.17356773,0.49029198,-0.3283567,0.10292559,0.150101,0.56441313,0.034617,0.576142,-0.282785,-0.058244564,-0.24216828,-0.2147321,-0.08365573,-0.30889902,0.41906703,-0.14876884,0.24046588,0.22530496,0.23671052,0.061222345,0.10598331,-0.06119591,-0.26209688,0.1531639,0.0037181787,0.15249898,-0.20543107,-0.067259565,-0.16575477,-0.2815345,0.2645676,0.35685912,0.43578517,0.23908241,0.26280457,0.11663904,0.03894619,0.024653131,-0.03855355,-0.086315975,-0.5006472,-0.21775043,-0.30187795,0.22148277,0.3790849,0.18771482,0.23426041,-0.026080526,-0.016409688,0.52731687,0.021566331,-0.18341991,-0.36819974,0.023436025,-0.13401937,-0.03150054,-0.27423084,0.22359283,0.011150986,0.3314133,-0.01692348,0.5214349,-0.43349186,-0.29156768,-0.36363044,-0.12131923,0.36041728,0.20117256,-0.4015405,-0.6204642,-0.24693748,-0.19185151,0.08302714,0.56578594,0.25261793,0.02406754,-0.24239653,0.1753505,0.102567255,0.2407578,0.19132756,0.12414262,-0.0885205,0.041616406,0.00072368234,0.31324422,-0.2794556,-0.0065063983,0.38410765,0.18820922,0.1371315,0.49313837,0.033223312,0.19877233,0.10785267,0.13287462,-0.123637654,0.1597153
"(113.85906710961213, 22.641779810287574)",0.1555329,0.030267688,0.037938755,0.100468986,0.24378914,-0.006739553,0.12179741,0.056212097,0.13697064,0.28706777,-0.06477353,0.08531238,0.06907186,-0.108702496,-0.053921536,-0.031960484,0.02956292,0.033787653,0.024964545,0.17888974,0.10471205,-0.053308018,-0.009643305,-0.09480083,-0.028729845,-0.040896237,-0.07157131,0.07926508,-0.17825553,0.07367772,0.11942384,0.07260702,0.07470139,0.0885546,0.18545088,0.026834039,-0.047451578,0.0009825006,0.09232369,0.086659335,-0.08094976,0.10177902,-0.15795851,-0.066602826,-0.02066838,-0.11522024,0.10061476,-0.0030010827,-0.15423709,-0.16599461,0.007971019,0.05276505,0.009893823,-0.022973254,0.072226845,0.054258816,0.019477386,-0.0063519403,-0.03538457,-0.092599906,-0.047702435,-0.08987736,-0.15641454,0.10317896,-0.013826132,-0.04645907,-0.044688493,-0.012745779,-0.008988086,-0.1114261,0.059751846,0.03762626,0.04386709,0,-0.11509573,-0.005484458,0.12743497,-0.08212415,-0.22741649,0.13063133,-0.013661552,-0.06650807,0.039465744,-0.1344473,0.02298734,-0.021812618,0.048777327,-0.17924303,-0.09153593,-0.07909756,0,0.012998402,0.009310357,-0.14517067,0.052820053,-0.18598542,-0.04864333,0.0126283765,-0.06745189,-0.13391429,0.060430408,0.124641046,-0.1162896,0.10231732,0.09032397,0.13854416,0.1644574,0.25849545,0.20197378,-0.074873716,0.01757244,-0.0629473,0.05828143,-0.115008436,-0.019292146,0.01949212,0.2734763,0.19091557,-0.05576374,-0.082072794,0.16446936,0.03551838,0.14687148,0.1283369,-0.0098104235,0.055278957,0.031774182,0.030986547,0.030203693,0.29453108,-0.16464385,0.021787634,0.11923346,-0.06281922,-0.12708211,0.07094189,0.23949331,-0.0135680325,0.13845973,0.04853808,0.15321058,-0.0069597997,-0.11620784,0.06350491,-0.08171708,-0.09895006,-0.06458869,0.12234771,0.16986372,0.21549633,0.11804171,0.04019037,0.0387944,-0.074349165,0.046839107,-0.09681815,-0.06590539,0.15728074,0.10202146,0.24807481,-0.13972408,0.08309725,0.040911406,-0.1116633,0.12962909,0.0956221,0.025203345,0.09255767,0.041790634,-0.09706696,0.057308346,0.15271562,0.07597168,0.0700575,-0.02839166,0.02461467,0.101442546,0.07427367,0.014385514,-0.09094475,0.22503246,0.017962538,0.07078771,0.023366284,0.011881284,-0.063596785,0.06538136,0.016513841,0.054036126,0,-0.043174848,0.119515456,0.038275503,0.04196093,0.05836525,-0.104819484,0.008179516,0.0033492073,-0.045087103,0.016869612,-0.044489592,-0.06867926,0.010542771,-0.09646995,0.02939403,-0.004226297,-0.104226544,0.16968788,0.06923624,0.058489963,-0.029799178,0.14493331,-0.12184884,0.06370448,0.20029214,0.0599078,0.006030349,0.06929535,0.05771143,-0.11422136,0.084653184,-0.008115863,0.29420486,-0.0022987165,0.10788013,0.090145215,0.15740839,-0.091458775,0.04603689,-0.01764103,0.044811655,-0.12603831,0.049631532,0.053635187,-0.065906405,0.116787046,-0.0119971,0.06606856,-0.089520305,0.0533328,-0.013470687,-0.09580511,-0.009694321,0.073673666,-0.039878447,-0.06446287,-0.1927076,0.08145468,0.102347,0.051295415,-0.06161741,-0.15468231,-0.068885356,0.1030286,-0.051115684,-0.009896733,0.11712491,0.23109011,-0.013243355,-0.021586426,-0.088642284,0.14307076,0.06684139,-0.043740623,0.029978361,0.0065391846,0.049975142,0.21017617,-0.1302345,0,0.053842455,0.05920008,-0.007963434,0.111773625,0.24172226,0.028108783,0.18778211,-0.15419234,0.024733752,-0.13168265,0.12320101,0.12976621,0.04156626,-0.0172984,-0.13978243,0.09935114,0.023592906,-0.050777815,0.01474075,-0.033238843,0.047671873,-0.0788697,-0.15016706,0.036324225,0.039961398,-0.01750819,0.11877294,-0.09809477,-0.016189264,0.1196093,0.04850559,0.11771854,0.07612282,0.034440458,0.1873133,-0.035453975,-0.054169666,0.08763687,0.087012306,0.17547968,0.008770216,0.05372868,0.07213705,-0.025733681,-0.12589706,0.013010569,-0.16093469,0.005860351,-0.024217058,-0.11957535,0.08569455,0.021868994,0.07565424,-0.11621317,0.155575,0.21271102,-0.035461508,0.13342772,0.024411386,0.07238415,-0.0601904,-0.042233504,0.019720577,-0.034006044,0.14775711,-0.08429306,0.10107054,0.12235613,0.11874876,-0.047710393,0.15917009,0.11589248,0.17528082,-0.049685806,0.09578231,-0.018454663,0.028304148,0.12774153,-0.057926636,0.1288046,-0.013813378,0.16021033,0.06974238,0.07949257,-0.024632208,0.123207964,-0.049277246,-0.060921308,0.10404161,-0.18995015,0.09573509,0.06941014,0.053334266,0.17668729,0.07979437,-0.041537136,-0.06677555,0.089574575,-0.12675492,-0.19923858,-0.025805868,-0.016421488,-0.10636621,0.40158817,-0.094041534,-0.033771247,0.2221296,0.02528629,-0.025863018,0.0984253,-0.16001089,0.080807894,-0.043286286,0.32244593,0.04347846,0.23565875,-0.003290422,-0.024608754,-0.14700204,0.08800643,0.1196654,-0.008757345,0.005641535,-0.04672657,-0.0320922,0.00023789797,0.15465766,0.050348416,0.11828032,-0.09040952,0.11772974,0.13306895,0.002883941,-0.0052324543
"(113.859513682337, 22.61263996566952)",0.11805392,-0.09000394,-0.016090814,0.08225014,0.29242176,0.14191039,0.053844504,0.09079404,0.26966232,0.16983967,0.024008684,-0.10532684,0.024688423,0.0512769,0.018691681,-0.057418592,-0.06387818,-0.12539747,0.09579523,-0.07999158,0.0866432,-0.017221594,0.06196534,-0.19580755,0.007783819,-0.05091856,-0.022545658,0.026996624,-0.045426894,0.028381757,0.05749518,0.008865096,0.089685224,0.16622043,0.045425653,0.08132339,-0.015129201,-0.11441386,0.013347667,0.024354696,-0.029382534,-0.12110517,-0.114702806,-0.03822205,0.012554083,-0.16568868,0.010331012,0.08696218,-0.101556905,-0.08298607,0.025211394,0.075802796,-0.0013225675,0.07705644,0.044630326,-0.10707381,-0.0175445,-0.00044493377,0.039464146,-0.11033554,-0.08980861,-0.04876241,-0.06331454,0.20241125,0.049224075,-0.13066974,0.09940793,0.10194057,0.018294862,-0.103415176,-0.033091992,0.085108556,0.091311045,0,0.0030042771,-0.026265752,0.10032223,0.0381015,-0.17091516,0.097833134,0.027347934,-0.022466369,-0.020662699,-0.103065595,0.00029727817,-0.0495581,0.0417192,-0.18432993,-0.11657757,0.04884306,0,-0.07890286,0.011849269,-0.24252681,-0.09127456,-0.017921213,-0.07270502,0.07111974,-0.04246413,0.059523035,0.17169133,-0.008501366,-0.107231006,-0.016949825,-0.12363644,0.11022776,0.042757623,0.23317508,0.099713705,0.06507391,-0.034097884,-0.121084936,0.048986696,0.08967805,0.015592985,-0.008113443,0.1739788,0.16880035,0.043593936,-0.045046937,0.14271715,0.15504263,0.11502438,0.18606034,-0.0048591625,0.1093844,0.018990505,0.02793184,0.07654862,0.21642944,-0.06615837,-0.007485846,0.104378045,-0.052433915,0.01674831,0.20068483,0.08393103,-0.042902905,0.09012769,0.15490341,0.111380175,0.017543826,-0.1193347,0.0400346,-0.055569746,-0.2635665,-0.06651709,0.02439323,0.12398754,0.19352752,-0.084510356,-0.024430253,0.11104248,-0.028199166,0.037389804,-0.20094335,-0.071456045,0.1005427,-0.031999744,0.18081577,-0.14155886,0.123307765,0.26578754,0.059896868,0.22168775,0.1667781,0.07210649,0.13428178,0.12040557,-0.08662962,0.06646869,-0.0024543274,-0.08822265,0.03260886,-0.13905615,-0.045877516,0.010792851,0.031893045,0.039654113,-0.065735176,0.020434706,-0.0043397397,0.046947453,0.12245639,-0.027598731,-0.059126135,0.012311067,0.0065298546,-0.031194448,0,0.050985303,0.07309013,0.053743597,0.017930508,-0.018194579,0.041701294,-0.087572806,-0.016723506,0.025292655,-0.10247365,0.0056365263,0.017610893,0.064316235,-0.07687678,0.049537044,0.021177009,0.02195014,0.043478906,0.12790424,0.069212444,-0.03440848,0.082836635,-0.070692204,0.11381915,0.3979525,0.058725048,0.048342764,-0.020432867,0.007075779,-0.07909182,0.041988265,-0.048200466,0.17772448,-0.062047396,0.10198359,0.0414303,0.05651248,-0.02577004,0.045085736,0.030011795,-0.03207722,0.056686442,-0.068894126,0.062393285,-0.13330385,-0.04431329,-0.056151006,0.06538153,-0.03197421,0.11672192,0.07417851,-0.06625473,-0.024630068,0.08652979,-0.13523825,-0.06508148,-0.19249217,-0.011577591,-0.022031106,-0.083300814,-0.09253924,-0.12004635,-0.017075583,0.06346141,-0.12601772,0.014948703,0.053517886,0.2012763,0.08974858,-0.009245165,-0.10778277,-0.023120575,0.10776763,-0.040054552,0.02277175,0.046536896,0.04848578,0.14608309,0.011662334,0,0.033527803,0.12979387,-0.09600299,0.120896354,0.018347695,0.03530644,0.17423262,-0.098904714,0.09972452,-0.18863548,0.10238423,0.12385664,0.052391034,0.0002691783,-0.16667943,0.015899498,-0.097543724,0.015942413,-0.1553642,0.038805917,0.01885308,-0.2560256,-0.052485406,0.22120726,-0.0036908202,0.074516125,0.052036516,-0.18683976,0.0958201,0.0013054423,0.01131011,0.016367178,0.10137765,-0.031265244,0.25100362,0.06817233,-0.058572587,-0.039085485,0.23918958,0.039649718,-0.0190252,0.09552765,0.098819,-0.0063557792,0.00078216195,-0.12258827,-0.116248846,0.01428704,-0.060010348,-0.06635249,-0.086976424,0.028535627,0.17931488,-0.1529919,-0.075134955,0.21329816,0.12761396,0.11445947,0.0024701867,-0.005618416,0.008294027,-0.059045456,0.09868835,-0.046844892,0.005020093,0.041688427,0.07632787,0.038875367,-0.00062384456,-0.061348103,0.05540482,0.005588902,0.17000395,-0.041342504,0.23332475,-0.034142748,-0.08741519,0.18938448,-0.06853843,0.029092308,-0.015703281,0.08104752,-0.057833686,0.1323713,-0.12826636,0.10566287,-0.06506998,-0.17312935,0.12590134,-0.1862709,0.07349796,0.053818606,0.14600393,0.0853761,0.008193389,-0.06854053,-0.07560244,-0.022888284,-0.063808545,-0.1767859,0.05808773,-0.083767585,-0.11353662,0.33513474,-0.034221232,0.011903122,0.26078978,0.12816867,0.039207134,-0.02126601,-0.21268477,0.16873844,0.073103614,0.3515729,-0.008707218,0.17290024,0.078528605,0.020926677,-0.02140382,-0.06356732,0.14769258,-0.084558845,0.064098924,-0.04883893,0.009341575,0.04977562,0.15542428,0.026679354,0.19511221,-0.0056037456,0.044286434,0.061863318,0.050256427,-0.111490354
"(113.8595392142375, 22.66444850707125)",0.41893613,-0.04826577,0.07914892,0.22367316,0.18404594,-0.37017712,0.38084346,0.025389314,-0.06415502,0.3394398,-0.044229932,0.33418274,0.091824025,-0.14358464,0.023590438,0.16004497,-0.13226305,0.10316775,-0.071239635,0.3938317,-0.03103853,-0.20786095,-0.06657018,0.16404857,0.07366817,0.0751034,-0.29291365,0.028356194,-0.28977168,0.26466534,0.18866324,0.12616484,-0.005654745,0.15442234,0.31178695,0.018283779,-0.24586102,0.1017542,0.22364366,0.3013926,-0.04442004,0.21268424,0.009088337,-0.036523692,0.04651933,-0.010606347,0.18486479,0.012665432,0.08004574,-0.23233578,-0.05517541,0.077548034,-0.03287207,-0.10358882,0.17332053,0.32881108,0.075753346,-0.35123715,-0.08134316,-0.11089436,-0.27526855,-0.18206145,-0.113945246,0.11730915,-0.005346287,0.0783757,-0.10883598,-0.033388272,-0.05389337,-0.33040494,0.24032593,-0.03871914,0.046256647,0,-0.14436007,-0.019713733,0.4732571,-0.02789826,-0.14703783,0.23246077,-0.0071018226,-0.1440854,0.25036657,-0.2904021,0.040404852,0.20403811,0.2027082,-0.45696983,0.11915115,0.056992386,0,0.07620111,-0.19580668,0.083388455,0.2611047,-0.48951444,-0.13206588,-0.07197417,-0.14296968,-0.16407657,-0.026702538,0.1505456,-0.017648946,0.4774425,0.35437685,0.16048437,0.17651932,0.33274522,0.3736542,-0.08263722,-0.112255104,0.03871556,0.10027685,-0.15790081,0.18923745,0.008853034,0.5479621,0.43940985,-0.037469618,0.005681306,0.06380336,-0.10353812,0.28931087,0.04644587,-0.13579865,0.16219845,0.0045645423,0.028877672,0.12266511,0.5959435,-0.391736,0.011888346,-0.026342243,0.024903707,-0.25238222,0.11305246,0.47190642,0.047643792,0.2661814,-0.09787488,0.10539913,-0.08136757,-0.049108833,0.11462838,-0.12166428,0.23585686,-0.18543652,0.33708715,-0.025898904,0.20894018,0.40087482,0.16049144,-0.09161794,-0.084796146,0.052522395,0.12035692,0.23932306,0.25077483,0.20803562,0.5039736,-0.02691926,-0.14741163,-0.110891506,-0.3012288,0.10476935,-0.18751897,-0.11270435,0.17155257,-0.0072544664,0.106618986,0.12630674,0.21320225,0.41980276,0.12468766,-0.15289044,0.16816962,0.25218546,0.15219975,0.16714081,-0.05550257,0.3556536,0.011673398,0.14071143,0.32441103,-0.040863477,-0.13658527,0.2456153,0.1064152,0.18752967,0,-0.05672178,0.36840305,-0.07627971,-0.18171547,0.05641728,-0.13318813,0.31637806,0.033635624,-0.050223116,0.093358986,-0.3167773,-0.22510308,0.036393013,-0.23972723,-0.19952337,0.024968535,-0.2277536,0.25828928,0.014351942,0.17628579,-0.24349843,0.15634193,-0.27357703,0.058803618,0.03766907,0.15305713,0.04939782,0.098159246,0.029029958,0.07162148,0.15908292,0.13354622,0.57325464,-0.05415711,-0.09297481,0.068158805,0.28658494,-0.12392938,-0.045793913,-0.00072353333,-0.17494309,-0.21217681,0.29823267,0.00056569837,-0.08821237,0.32658738,0.15781054,-0.1395223,-0.019170031,0.22073376,0.2579624,-0.05145795,-0.03601308,-0.092234224,0.016945776,0.07926263,-0.109288886,0.11956714,0.0138431825,0.42254514,-0.005907096,-0.20204633,-0.32831562,0.21884859,0.1211285,-0.08794581,0.057970427,0.2959807,-0.050795883,-0.073565535,0.045157112,0.1289182,0.06033286,-0.05727929,-0.15542646,0.10109055,-0.31806278,0.09004192,-0.474712,0,0.19340134,-0.09704877,-0.15090846,0.18131897,0.18701911,0.22854042,0.27866036,0.023824733,-0.15010291,-0.2509816,0.010978627,0.049209584,0.004315689,-0.07427278,-0.4327572,0.26539934,0.3508531,-0.09710221,-0.120310485,-0.05042541,0.14284009,0.18585114,-0.06424636,-0.333638,0.18771714,-0.4251375,-0.23628224,-0.07079893,-0.14841728,0.13247506,0.051958352,0.3684132,0.15808456,0.059711546,-0.12644146,-0.1470523,0.21984619,0.17833982,0.0114754625,0.31784573,0.062156674,-0.077588886,0.1678276,-0.14860097,-0.23664041,0.08603086,-0.3796429,0.19077891,0.3226365,-0.051746555,0.11088708,0.0993769,0.05651519,-0.20048547,0.31842563,0.15366207,-0.1220699,0.00039590895,-0.03935636,0.40158144,-0.24093346,-0.16406621,-0.1548546,-0.24544272,0.39438304,-0.1769006,0.17034492,0.22395831,0.1908232,-0.28375453,0.069723435,0.12719163,0.10753173,-0.05545347,-0.06034136,0.046009272,0.2619092,0.06865022,-0.14216381,-0.01630842,-0.26002073,0.026530337,0.012839571,0.1139904,0.03552664,0.09705556,-0.1274991,0.008856314,0.15044326,-0.13200462,0.31887427,-0.014915964,-0.06596937,0.2555803,0.47070846,-0.123377964,-0.09410208,0.010651458,-0.28243932,-0.1622395,0.05094502,-0.07124513,0.11558377,0.46518722,-0.30516353,0.10325551,0.19004649,-0.20955016,-0.17062296,0.09214656,-0.17796196,-0.012721475,-0.26116663,0.16452776,0.27643284,0.19685104,-0.23109002,-0.15046221,0.017237753,0.3521169,0.17448416,-0.14083585,0.21058781,0.026221797,0.0014274791,-0.13854077,0.38415512,-0.2776598,0.28314582,-0.28285858,0.10794291,0.3244438,-0.18771088,-0.043347888
"(113.8596317456411, 22.60723016212409)",0.15252817,-0.1555933,-0.12230925,0.086880066,0.3564441,0.19311257,0.24886687,0.15831536,0.30126733,0.27243602,0.021656685,-0.18237771,-0.102999695,0.040853888,-0.117437296,0.02978978,-0.1152115,-0.20923501,0.1317308,-0.04800942,0.10778346,-0.034470737,0.1112495,-0.1963337,0.018949743,-0.052542675,-0.08172725,0.08337893,-0.2253166,0.14923888,0.064973995,0.056235515,-0.020570196,0.18269935,0.113507845,0.0059993956,-0.18687972,-0.061069906,0.013777088,-0.01142323,-0.13269508,0.003752105,-0.079154015,-0.22285849,-0.023952179,-0.03047256,0.11078215,0.09113546,-0.051116217,-0.105005085,-0.088772655,0.10660751,-0.028200228,-0.06186165,0.21165827,0.029421862,-0.11391217,-0.09705644,-0.030210162,-0.29782265,-0.2573548,-0.10297473,-0.024518684,0.19575535,0.1132732,-0.2052477,0.19517091,0.05508293,0.06531744,-0.19066603,-0.004689589,0.13792057,0.07424591,0,-0.12770103,-0.02488606,0.24008028,0.1326079,-0.19693312,0.18351242,0.024351608,-0.09506002,0.022000391,-0.1420139,-0.090550534,-0.062391557,0.050453708,-0.26445898,-0.120462246,0.14315066,0,0.06488734,-0.08048085,-0.26155934,-0.19143406,-0.18014748,0.0053774035,0.060543284,-0.09450128,0.035206247,0.14130801,-0.056733884,-0.09341721,0.17352387,0.023086593,0.041406855,0.013423875,0.33170426,0.10854247,0.072391495,0.06563511,-0.19485761,0.06382733,0.0006918758,-0.038377576,-0.041480243,0.314969,0.2572123,0.09870068,0.009732014,0.29282445,0.075413026,0.1477176,0.20724253,0.1306523,0.16772856,-0.13874714,0.039572503,0.08276272,0.42012087,-0.21954975,-0.17000158,0.20382097,-0.009080611,0.113586865,0.084060356,0.3163375,-0.065918565,0.02089167,0.053483866,0.030116852,-0.01932029,-0.15489858,0.025904916,0.08231003,-0.2534275,-0.16168323,0.1899603,0.05833067,0.40624866,-0.118230596,0.0409725,0.07521876,0.043293685,0.1454993,-0.2230252,-0.11012879,0.2902978,0.010873422,0.2589984,-0.28365013,0.10035908,0.29279077,0.05726291,0.3148405,0.01657187,0.09127647,0.114010215,0.023631185,0.013826394,0.0029336791,0.050286382,0.001965128,0.043980934,0.041021563,0.008834489,0.13347778,0.08385668,-0.081935145,0.0007791966,0.05519662,0.114065476,0.020677898,0.15635197,-0.08191236,-0.07008983,0.10614341,-0.029400429,-0.068023324,0,0.085462555,0.19168681,-0.008254064,-0.046077244,0.056132935,-0.15173838,0.00958889,-0.05975067,-0.05871922,0.037818514,-0.101673454,0.025695518,0.052766178,-0.13435371,0.119472556,0.10120241,-0.035879746,0.053414866,0.12887049,-0.029996095,-0.19735445,0.17161222,-0.16715139,0.12926872,0.41092905,0.10441657,0.098009974,-0.038984127,0.056010023,-0.08864806,0.09271371,-0.09847668,0.24411555,-0.21450892,0.020868484,0.00962802,0.12839589,0.024732923,0.036973134,-0.027619578,0.1848524,-0.079839885,-0.07956343,0.013363155,-0.20907357,0.1247268,-0.0350278,0.065595314,-0.074047044,0.104618154,0.15481132,-0.09091801,-0.08134169,-0.13225234,-0.05890741,-0.10519525,-0.28619182,-0.028174054,-0.021943405,-0.035659686,-0.06363896,-0.29264724,-0.06936164,0.1353883,-0.032005183,-0.081253655,-0.0006229058,0.18903837,0.013359927,0.10417599,-0.15768334,0.00433024,0.19673142,-0.08194765,-0.08446434,-0.09452222,0.014431238,0.1690402,-0.143481,0,-0.021225095,-0.03737066,-0.2537684,0.28318918,0.026248917,0.17168942,0.117079765,0.025620919,0.08510778,-0.05522913,0.21791261,0.29254618,0.046124235,-0.14499491,-0.19437543,0.0034214114,-0.024159279,-0.0073525794,-0.113539994,0.07324984,0.038159806,-0.331064,0.0046577603,0.36925602,-0.07195908,-0.13087136,-0.12436553,-0.28662598,0.1210008,0.06520754,0.017253729,0.15667205,0.19892444,0.07094151,0.28666723,-0.03830567,-0.1511897,0.07248981,0.24611206,0.09004887,0.023820173,0.026157435,0.13727736,0.13685372,-0.16424918,-0.15520248,-0.22731537,0.025768906,-0.054618817,-0.10322156,0.055481702,0.030771475,0.13986503,-0.23823303,0.021682836,0.36766267,0.09434513,0.16482049,0.12817349,0.15993997,-0.07454379,-0.16871558,0.07437621,-0.09541023,0.025780268,-0.13560364,0.12377207,0.09144549,0.106535934,-0.044058464,0.09172084,0.08985804,0.24555394,-0.17735668,0.2329477,-0.034882,-0.06841743,0.20428066,-0.123112515,-0.07449274,-0.11891797,0.0055668876,-0.09530243,0.32017112,-0.21620443,0.20168644,-0.14797604,0.006307344,0.02480977,-0.17746231,0.1832519,-0.051281728,0.019995956,0.17247912,0.06417638,-0.13874885,-0.19674516,-0.023071613,-0.09338182,-0.2429464,0.17562157,-0.07785692,-0.18460819,0.42568344,-0.102244586,0.02894792,0.27915648,0.03699593,0.028776143,-0.07826914,-0.14142004,0.1555877,-0.010037102,0.4154438,0.024462704,0.21024455,-0.004590057,-0.13613053,0.12717803,-0.03716136,0.2647904,-0.104516104,0.037547976,-0.00021401048,-0.15207514,0.031656757,0.19414297,0.07100411,0.2834899,0.09748171,0.010132257,0.2597999,0.01234407,-0.035944544
"(113.859741620531, 22.631904648773045)",0.15850456,0.03435847,-0.030516341,0.1135683,0.2267604,-0.036994744,0.14454818,0.054051947,0.07487641,0.2935481,-0.06975247,0.05617016,0.017160088,-0.08131082,-0.0829326,-0.0028782971,0.0063682497,-0.0017495677,-0.04476844,0.050360892,-0.05587185,-0.09836883,-0.004287321,-0.021771759,0.022734713,-0.05092279,-0.14278793,0.062700845,-0.10444407,0.12496599,0.14066146,0.13027474,-0.13574007,0.028927693,0.20898396,0.0353501,0.028176762,-0.045246407,0.025951978,0.112203054,0.056027018,0.13880244,-0.15424342,-0.06098778,0.07667009,-0.04515624,0.044762827,-0.077345416,-0.046744376,-0.14309742,-0.08561769,0.09788448,-0.071447,0.07530135,0.1717247,0.18677065,0.08782053,0.008603759,0.02328385,-0.05200669,-0.06806092,-0.082616255,-0.067154944,0.05362785,-0.022846404,0.028185606,0.03525464,-0.059073456,-0.016807865,-0.10459468,0.0010338798,0.12014588,-0.0041641444,0,-0.2303972,-0.008833792,0.21281742,0.0063681304,-0.10776642,0.061129592,0.04464529,-0.073088974,0.09892224,-0.13623855,0.044144314,0.17390916,0.01282762,-0.2426674,0.017073583,-0.056540288,0,0.11273779,0.030684128,-0.027231118,0.048220288,-0.34137565,-0.023807894,0.11140226,0.006131837,-0.13278857,-0.08483933,0.013648726,-0.10644986,0.16961025,0.04094462,0.14719921,0.1410063,0.1988599,0.16379191,0.037165277,-0.006800282,-0.066803314,0.06374506,-0.01399295,0.00089173764,0.05763728,0.36576757,0.25174996,-0.014936563,0.03791438,0.13219343,0.054519486,0.13749158,0.10847948,-0.05069027,0.03468895,-0.045416083,0.040854074,0.07269817,0.26840207,-0.13951856,0.0010508206,0.039367363,-0.03624081,-0.08274339,-0.027083697,0.18785298,0.05584177,0.27543566,0.008433064,0.011787154,0.020781081,0.014721513,0.18459967,-0.02521301,0.027277052,-0.096160375,0.10936645,0.0008173138,0.20380458,0.2693099,0.027265325,-0.013392255,-0.021485806,0.114415586,0.059836265,0.046733066,0.11389082,0.20027632,0.26909673,-0.03702639,0.0138187185,0.084449105,-0.023451839,0.12793945,0.07151866,-0.061777472,0.21489815,-0.003964171,-0.0047155153,0.05325307,0.26662663,0.22579822,0.10068734,0.03792886,0.09605726,0.12197332,0.020046812,-0.020653479,0.0628454,0.16473038,-0.0012094453,0.10140549,0.12059483,0.05351951,-0.033940192,0.053432696,0.015810316,0.063575454,0,0.014382113,0.08011115,0.0092697665,-0.0060373372,-0.03577713,0.0055095684,0.11378297,0.050055422,-0.048030388,0.0859134,-0.16773695,-0.07499251,-0.0020931638,-0.087060764,-0.033781767,-0.0026584268,-0.008720145,0.19647913,0.016933545,0.06573045,-0.039864287,0.21650603,-0.018973831,0.14318386,0.26083073,0.16889238,0.05898907,-0.018408738,0.03481012,-0.12757728,0.01832397,0.08746829,0.23645003,0.06490973,0.0012288578,0.20309772,0.011304878,-0.034704253,0.027402155,0.0029216632,0.15934253,-0.08332492,-0.016061911,-9.4110146e-05,-0.13214114,0.044519924,0.041025195,-0.059638962,-0.028836235,0.043595813,0.12879623,-0.06394132,0.042250723,-0.06918092,0.0142338835,0.06989739,-0.31716,0.12068994,0.040079195,0.26034793,-0.015891254,-0.16219279,-0.10101299,0.14304703,0.046297207,0.01617778,0.18289962,0.113098696,0.01168032,0.06763358,-0.10361868,0.16530651,0.08627638,-0.044079266,-0.068538114,-0.035535194,-0.13125014,0.19999604,-0.10600864,0,0.11393278,0.058095075,0.019542761,0.07941303,0.21358296,0.07605552,0.19703262,-0.10839604,-0.04165835,-0.08284788,0.10197636,0.06736389,0.024310507,-0.03542673,-0.25854415,0.07854775,0.08834721,-0.02748979,-0.037067056,-0.008550895,0.041631136,-0.044971786,0.019618645,0.16725916,-0.067670144,-0.02947145,0.020823868,-0.035579354,-0.064878404,0.1327024,-0.010432726,0.18418375,0.13907129,0.14635327,0.16299854,-0.039868638,-0.0030419342,0.0065048747,0.15373483,0.11157993,0.018413719,-0.042768594,0.09536046,0.02202679,-0.025429681,-0.011591412,-0.042920202,0.08642076,0.07342324,-0.065467454,-0.018767878,0.026501052,-0.01946279,-0.043763362,0.16144943,0.18037038,0.07338724,0.008164719,0.08196612,0.1649377,-0.19094548,0.04975289,-0.08507285,-0.035117097,0.21875688,-0.08642811,0.11070498,0.15002055,0.13032049,-0.16926655,0.16701397,0.104266234,0.12814416,-0.020624785,-0.0042683184,0.052617244,0.1398133,0.14619075,-0.047915272,0.012090694,-0.109423295,0.09329024,0.092738464,0.06239344,0.035170846,0.004451788,-0.08249488,0.07987996,0.14140055,-0.22825044,0.15152839,0.08426388,-0.017479034,0.16069746,0.11434858,-0.18356529,-0.07315572,0.03655753,-0.049569156,-0.18794082,0.020992912,0.042385288,-0.14311299,0.3241914,-0.09582653,-0.0483232,0.25162286,0.08797999,-0.050657075,0.014894325,-0.12495689,0.093296126,-0.08447438,0.23570772,0.17011021,0.17515826,0.011305593,-0.18550442,0.055231035,0.054128185,0.1878536,-0.027152881,0.034514204,-0.019895151,-0.07698835,-0.016596362,0.25776133,0.027111785,0.11355159,-0.023249421,0.0916224,0.22634268,-0.03869482,0.036783695
"(113.85976089125528, 22.662668665198265)",0.42574298,-0.053372815,0.08258426,0.22585219,0.20491111,-0.34672177,0.3812788,0.026912902,-0.051806882,0.34896302,-0.045519534,0.32255715,0.11740422,-0.13803548,0.028524667,0.15065025,-0.1344733,0.09605453,-0.06278233,0.39872718,-0.0242657,-0.21796505,-0.077442266,0.1550442,0.07045758,0.07861349,-0.304521,0.034890108,-0.29833233,0.26565894,0.1812158,0.12371977,0.021729328,0.14510019,0.3002894,0.015978726,-0.2630681,0.10874232,0.21258104,0.29244256,-0.057896696,0.19914225,-0.005138606,-0.04148998,0.040035374,-0.036132284,0.18366998,0.020367425,0.06538241,-0.24664478,-0.055519134,0.08010868,-0.037285473,-0.10194041,0.15832314,0.30535403,0.06841543,-0.33679444,-0.079187736,-0.09777256,-0.27442694,-0.18342265,-0.12118821,0.12706468,-0.0059940144,0.08168988,-0.1242073,-0.015413158,-0.057773013,-0.33498794,0.23598754,-0.03380706,0.04727711,0,-0.14967474,-0.016251814,0.46715727,-0.02601526,-0.1560722,0.23079783,-0.0010807104,-0.1444493,0.24030511,-0.29179123,0.046109285,0.2016938,0.19857092,-0.4740351,0.105952784,0.067292646,0,0.04832612,-0.2067467,0.04772792,0.24921942,-0.49725604,-0.13218525,-0.06369896,-0.13613994,-0.17910749,-0.014662094,0.14378107,-0.028264198,0.46654397,0.34353805,0.15525153,0.17607975,0.34423766,0.37075776,-0.08484505,-0.1340056,0.037960395,0.10338614,-0.15437159,0.1845488,-0.01016385,0.5621464,0.44036865,-0.03382654,-0.0095935445,0.05137959,-0.100029014,0.28755412,0.06394276,-0.14056449,0.15867525,0.02143431,0.02556476,0.122328915,0.6051263,-0.3924186,0.012836432,-0.0419029,0.0075898543,-0.24930799,0.13857004,0.45808864,0.026760306,0.26523364,-0.1053145,0.11323434,-0.07263152,-0.07026249,0.10904317,-0.1450811,0.21042082,-0.19334935,0.35547978,-0.0067698956,0.20589904,0.4085215,0.16434115,-0.10522924,-0.07815942,0.036698524,0.08769882,0.23710047,0.2397326,0.19693816,0.5052008,-0.038982652,-0.15021175,-0.09386855,-0.29910207,0.11008434,-0.17341606,-0.11035751,0.17172112,-0.0033342987,0.10737732,0.12128765,0.22275369,0.39295647,0.13128895,-0.17012037,0.16045779,0.25064266,0.1432355,0.17610231,-0.065249875,0.34167308,0.01671534,0.14776653,0.32865062,-0.051398806,-0.13662733,0.23863238,0.096364796,0.17564428,0,-0.043966934,0.37588722,-0.08722935,-0.18165217,0.045099236,-0.13109997,0.28786367,0.022949763,-0.05118264,0.07908102,-0.30964103,-0.22112751,0.0383741,-0.24727179,-0.18399681,0.01515311,-0.24321185,0.25873566,0.015462242,0.1767286,-0.2655233,0.15868053,-0.28411847,0.06311974,0.05073852,0.13994578,0.043581128,0.08933542,0.017966814,0.07672185,0.16286173,0.12373557,0.556522,-0.054052,-0.09450391,0.06807484,0.30059922,-0.12576313,-0.03785663,-0.0030379072,-0.17183506,-0.22116289,0.30148014,0.010110205,-0.101952605,0.32434136,0.1427781,-0.1393833,-0.009422168,0.20580575,0.24228173,-0.060696803,-0.037132263,-0.08252148,0.003151428,0.06386586,-0.12228581,0.10602665,0.02122626,0.39617217,-0.0056345984,-0.21395454,-0.3302927,0.21066646,0.096748844,-0.098811604,0.053069115,0.31666365,-0.058788136,-0.07792089,0.029848851,0.11653521,0.059248824,-0.07127639,-0.16241859,0.096527845,-0.31031913,0.11192113,-0.47294986,0,0.19661546,-0.08737636,-0.15497415,0.1648019,0.20021062,0.23324248,0.27268142,-0.010408219,-0.13683501,-0.26271755,0.020005364,0.052501235,0.0046769604,-0.0664005,-0.43845537,0.2543283,0.34110093,-0.09986821,-0.15926999,-0.037350312,0.13409784,0.16897808,-0.084730625,-0.32348403,0.1976045,-0.4094102,-0.24244095,-0.07359249,-0.13423516,0.12575033,0.043561563,0.358507,0.1533118,0.072625205,-0.09614812,-0.15734546,0.21206251,0.15995224,0.029270489,0.33200583,0.052266803,-0.06489441,0.16150592,-0.17069936,-0.22481348,0.09051704,-0.3933462,0.17622551,0.32118762,-0.055359863,0.094866455,0.10154134,0.076948956,-0.22055563,0.31675702,0.18090948,-0.12391076,0.0025393516,-0.030775236,0.40235433,-0.25596166,-0.17749356,-0.13681093,-0.23935083,0.4025972,-0.17728838,0.17179288,0.21723892,0.1793026,-0.28502735,0.075430684,0.12748437,0.12308156,-0.059980668,-0.049311712,0.048507378,0.26387244,0.087370396,-0.14168492,-0.017422445,-0.25752446,0.025831338,0.01240018,0.12768382,0.035981588,0.111041956,-0.12788059,-0.010020827,0.15141201,-0.15734093,0.3357984,-0.024355149,-0.045682088,0.24562755,0.46196645,-0.14256972,-0.084926665,0.015825558,-0.27352965,-0.17434897,0.060508214,-0.071263425,0.09340171,0.49185237,-0.2897201,0.10985507,0.20559259,-0.19645293,-0.1782375,0.081576705,-0.18852814,-0.014304813,-0.25101197,0.20555986,0.24807498,0.21224883,-0.2322048,-0.14280331,-0.0018591732,0.3455263,0.18335523,-0.16301222,0.21098827,0.008539602,0.011457317,-0.13966623,0.3778828,-0.27774763,0.28780845,-0.30145887,0.09471981,0.31904936,-0.17874223,-0.04668253
"(113.85982340033196, 22.60435517151429)",0.15554947,-0.17426223,-0.11036407,0.08445834,0.3365207,0.18939783,0.19303264,0.14687017,0.3167003,0.22373296,0.037956692,-0.19471923,-0.09447363,0.07986503,-0.0842129,0.0040142946,-0.13793461,-0.23136112,0.1459412,-0.11385442,0.11956545,-0.02471228,0.123182945,-0.2107206,0.017691728,-0.065822124,-0.05745258,0.044411145,-0.14996213,0.11634815,0.057531822,0.033800766,-0.01710274,0.22277808,0.07236135,0.043766044,-0.135488,-0.087237984,0.00041421875,0.0004554242,-0.09172649,-0.07274031,-0.07387486,-0.17488927,-0.008297212,-0.077415146,0.08029494,0.119744256,-0.052857123,-0.0991697,-0.06679725,0.09459841,-0.019877385,-0.010563105,0.18618542,-0.03164636,-0.09702404,-0.09518685,0.002051916,-0.2680828,-0.23937155,-0.08772542,-0.008589506,0.23877506,0.10859835,-0.20692876,0.21098875,0.08528526,0.051997345,-0.187853,-0.0307936,0.12724963,0.08970109,0,-0.07354779,-0.025913674,0.21842878,0.13873255,-0.1878834,0.17357278,0.024587538,-0.07854155,-0.0055419393,-0.11989236,-0.07873762,-0.08525972,0.049018167,-0.25516307,-0.12277279,0.14450756,0,0.027005434,-0.058644146,-0.2772474,-0.19100428,-0.11771786,-0.023666613,0.07496731,-0.09327481,0.084565654,0.16446933,-0.057086073,-0.10813974,0.11709471,-0.07043778,0.05805917,-0.008285478,0.3011673,0.08713083,0.08970987,0.027747363,-0.20488465,0.07625926,0.06129284,-0.0058303997,-0.037987508,0.2751349,0.2265001,0.09584027,0.01784832,0.26390064,0.12078184,0.14192453,0.19574022,0.10686764,0.17970495,-0.11893694,0.03533093,0.09368989,0.38042203,-0.159779,-0.13208352,0.20310493,-0.010510512,0.1305474,0.13713649,0.23794925,-0.06459671,0.03254664,0.1011572,0.022239301,-0.018957589,-0.15323141,0.03723664,0.06877794,-0.2896543,-0.14375056,0.12937103,0.05705923,0.37123302,-0.15575475,0.0028186291,0.105549134,0.027090684,0.1290094,-0.2402713,-0.10473335,0.24946538,-0.02924078,0.23721279,-0.25345105,0.109339386,0.34583902,0.087276965,0.32719266,0.042374,0.105804965,0.1250462,0.06796558,-0.0022657681,0.02138338,0.009003339,-0.027318813,0.03302703,-0.014675364,-0.020840488,0.090728104,0.060843844,-0.051739328,-0.026743982,0.016875727,0.07940904,0.016726997,0.15984708,-0.07814974,-0.07554874,0.077599496,-0.018270252,-0.08955479,0,0.087417334,0.17001987,0.010634299,-0.048979614,0.031399257,-0.095383026,-0.026845433,-0.06676569,-0.044617336,-0.015891902,-0.0652465,0.039079227,0.065820314,-0.12267193,0.11651164,0.10298844,0.0014035553,0.043322906,0.13522801,-0.015284291,-0.15378498,0.1409059,-0.14473812,0.14082599,0.46079597,0.10458444,0.09162375,-0.045349263,0.024918482,-0.07875448,0.0739003,-0.09449148,0.22243188,-0.20802233,0.037370045,0.015276961,0.093612984,0.041203,0.02812244,-0.01643201,0.112155244,-0.0227038,-0.10044461,0.00823961,-0.21001536,0.061345667,-0.04413041,0.067861125,-0.047671884,0.13699159,0.16902085,-0.08382451,-0.079253726,-0.096615806,-0.09094234,-0.08463542,-0.24416986,-0.03854445,-0.0401448,-0.05978693,-0.07719267,-0.24647516,-0.039288566,0.10287872,-0.067521624,-0.058513,-0.009566955,0.17020932,0.06736191,0.08027419,-0.1500158,-0.029777877,0.19332984,-0.07571178,-0.055138353,-0.068186626,0.013484612,0.14818498,-0.08852477,0,-0.01808422,0.024168806,-0.23169622,0.2583549,-0.018136054,0.13047278,0.13093114,0.025094587,0.09404165,-0.09692399,0.1775456,0.25472534,0.027727008,-0.12676962,-0.20348938,-0.0009829225,-0.04575703,0.0073967427,-0.1584278,0.06912674,0.032284763,-0.34971958,0.006593354,0.38031435,-0.07718234,-0.08923606,-0.08743,-0.2952122,0.14645173,0.021089919,0.028764756,0.1097004,0.18764609,0.015371531,0.2701742,0.019549092,-0.13918327,0.04046083,0.27062955,0.05214645,0.021328662,0.033355918,0.13128765,0.10658173,-0.11250022,-0.17974967,-0.19639626,0.037825406,-0.060431752,-0.085007906,0.0103147775,0.03148563,0.16671547,-0.22919741,-0.052475505,0.3263111,0.13952544,0.14881097,0.09148077,0.103803396,-0.039330337,-0.15373059,0.09830818,-0.10041384,-0.010217238,-0.074613124,0.11345589,0.047538403,0.058204077,-0.052554764,0.06270901,0.05478143,0.2261602,-0.14260907,0.27689266,-0.040847354,-0.081774935,0.21209867,-0.119859114,-0.07178591,-0.10607526,0.009474408,-0.11832459,0.29716647,-0.22022942,0.17466727,-0.13952366,-0.058470543,0.06282685,-0.1845419,0.16224006,-0.028894832,0.05416803,0.13909797,0.05098004,-0.1333002,-0.18052223,-0.043823127,-0.08372896,-0.22490408,0.16394183,-0.1035301,-0.15061644,0.39833346,-0.07261386,0.042286992,0.29073107,0.066165805,0.049864355,-0.09498833,-0.15846568,0.18020445,0.026647024,0.39842334,0.007850956,0.20014419,0.021686926,-0.09485305,0.12947373,-0.07083511,0.23633525,-0.113090806,0.055100575,-0.003387645,-0.120064825,0.044036016,0.19887339,0.049335644,0.2825174,0.09359655,0.018032577,0.19974619,0.010828175,-0.08602966
"(113.8599714245029, 22.65491851683578)",0.3685792,-0.030441491,0.10621305,0.18278196,0.2747484,-0.19289643,0.30091012,0.03544818,0.011181757,0.35882676,-0.063443005,0.24534291,0.20842263,-0.14305982,0.01834654,0.109150946,-0.048825398,0.11377296,-0.0069933534,0.45362532,0.04574474,-0.19511136,-0.090461604,0.08833693,0.044897463,0.095847875,-0.2513922,0.086959966,-0.32797912,0.20127726,0.14104567,0.103796855,0.22962868,0.09675904,0.2638167,-0.040581524,-0.2827434,0.11450204,0.16866383,0.1981425,-0.1783194,0.19476694,-0.084613726,-0.082153335,-0.031193137,-0.0803148,0.18493868,0.018851113,-0.051770233,-0.22888634,-4.1544437e-05,0.085597925,-0.00732987,-0.13847725,0.014719687,0.15989402,-0.006521086,-0.19130328,-0.12217787,-0.06552447,-0.19231854,-0.16389564,-0.19215648,0.103855506,0.009355061,0.006127216,-0.18285199,0.02533302,-0.028761264,-0.30393097,0.22405845,-0.032032542,0.056749105,0,-0.12910227,-0.0026278459,0.3495604,-0.057738356,-0.2099689,0.19725895,0.0008047335,-0.10925227,0.18669714,-0.29597497,0.052032653,0.09671117,0.1438889,-0.3929827,0.012642633,0.035345923,0,-0.06338573,-0.19173816,-0.05331766,0.18817225,-0.3466145,-0.09970317,-0.06852768,-0.09370399,-0.23101224,0.09835765,0.15723425,-0.042460088,0.34765995,0.3620026,0.11636637,0.19996555,0.38208425,0.34380245,-0.14529622,-0.10642669,0.05532595,0.07385469,-0.187841,0.1004364,-0.040658414,0.4525897,0.3835244,-0.05757986,-0.12208344,0.070446596,-0.10199993,0.22940144,0.1347191,-0.10418009,0.09823719,0.086179346,0.022597548,0.0870923,0.54063934,-0.3920872,-0.007051477,-0.023849197,-0.043702923,-0.24900019,0.16870075,0.45295912,-0.024120186,0.15641093,-0.097989395,0.23490953,-0.043893274,-0.12973937,0.0153343305,-0.22201988,0.10460714,-0.16386072,0.3687643,0.1442359,0.1948293,0.33514884,0.18261912,-0.06842637,-0.050704435,0.0030576028,-0.044562116,0.12336853,0.2265887,0.15158916,0.43989468,-0.10900165,-0.048427455,-0.10041295,-0.2991678,0.084551826,-0.05666157,-0.040423974,0.08430599,0.034881994,0.015620107,0.09430013,0.17782184,0.18209358,0.09808006,-0.20735417,0.12811895,0.22447574,0.1418643,0.16402525,-0.12741372,0.32302698,0.052114762,0.14483447,0.25000253,-0.051279716,-0.14349279,0.17657527,0.058785588,0.12208784,0,-0.043430954,0.36203742,-0.07463797,-0.09194274,0.08490997,-0.15895066,0.16438803,0.013868846,-0.02497438,0.023441322,-0.20028128,-0.20397806,0.025679091,-0.19735228,-0.07592282,-0.025022283,-0.297473,0.21499552,0.056169383,0.17217794,-0.26046067,0.1157093,-0.30221367,0.02746208,0.01615695,0.021514919,0.0038583707,0.10719017,-0.0019573271,0.04326067,0.19201617,0.009274671,0.50583214,-0.024516914,-0.033334237,0.0077032,0.36456716,-0.15243913,0.023882471,-0.0005713925,-0.11830878,-0.25420526,0.30955315,0.11768497,-0.050272375,0.31821686,0.065842256,-0.043710507,-0.086359724,0.15399992,0.08493599,-0.08912446,-0.025129883,0.024371095,-0.011436868,-0.08139142,-0.14263096,0.06825031,0.0721159,0.15108669,-0.036401726,-0.264844,-0.2989285,0.17357013,-0.0027532354,-0.1137907,0.06853171,0.36954367,-0.12429437,-0.13490647,-0.0030640587,0.1263251,0.018283986,-0.08642269,-0.1107963,0.08744547,-0.14144018,0.1389862,-0.43693018,0,0.1789631,-0.07709791,-0.16292346,0.10780504,0.28030697,0.20858559,0.24502611,-0.12629206,-0.030257054,-0.2564159,0.07503148,0.10242826,0.059518997,-0.029040217,-0.29920593,0.20710029,0.20298223,-0.09377459,-0.14211822,-0.023857808,0.08479034,0.06873645,-0.25121668,-0.2955875,0.27360618,-0.28344184,-0.1431169,-0.09430936,-0.103564575,0.14516726,0.04336752,0.2575577,0.09871711,0.10002145,0.021418244,-0.20839238,0.113529846,0.14687829,0.006845046,0.3227184,-0.00041547045,0.07025148,0.11299789,-0.14837183,-0.20178263,0.09639119,-0.4003855,0.05714813,0.20010594,-0.11898254,0.10295909,0.07529497,0.14895375,-0.22745338,0.3141466,0.2574951,-0.14567313,0.05034229,-0.013101012,0.33015123,-0.21407697,-0.18521534,-0.048270255,-0.16738406,0.32870385,-0.18248296,0.15871137,0.22849494,0.18442068,-0.15934883,0.12654024,0.14336069,0.1641928,-0.06872965,-0.025299937,0.01837381,0.123123765,0.10559003,-0.121934816,0.044775616,-0.12967665,0.0793775,0.047407523,0.13411853,0.028925873,0.22709425,-0.0906838,-0.086328864,0.07922865,-0.18455885,0.28976732,-0.043039955,0.027047647,0.22782001,0.3300824,-0.10894814,-0.037114576,0.10697095,-0.2657518,-0.22339843,-0.009281866,-0.045684524,0.018807406,0.547331,-0.24704146,0.039259166,0.1779917,-0.13927235,-0.16864972,0.15985227,-0.17769517,-0.027083617,-0.20914,0.34505078,0.11136943,0.25688332,-0.17134851,-0.018403739,-0.13268115,0.30325678,0.14799091,-0.15472904,0.13705434,-0.045086324,0.07145754,-0.09861757,0.25847846,-0.149368,0.23544207,-0.29933178,0.060506668,0.27020356,-0.095876,0.0021482548
"(113.86006673643284, 22.62360683553839)",0.18689756,-0.024844138,-0.03275927,0.13860403,0.30870387,0.052147415,0.15690686,0.05748211,0.13011128,0.28732198,-0.057029177,-0.024227235,0.16169408,0.005595103,-0.00068445504,-0.0381763,-0.047886968,-0.089213826,-0.015894145,-0.025270712,-0.06411704,-0.12894405,-0.00672229,-0.07154101,0.026451658,-0.049180467,-0.19186917,0.07573028,-0.030839935,0.14052859,0.118712515,0.11919306,-0.114702836,0.049562544,0.13299412,0.071815796,0.0062275194,-0.037367508,-0.008152563,0.0890327,0.072866224,-0.022598855,-0.1606436,-0.023356654,0.10969143,-0.14934762,-0.004748039,-0.027594242,-0.027086884,-0.18162116,-0.079001665,0.10709961,-0.09803763,0.14208765,0.11863392,0.09435964,0.084104896,0.038748525,0.062093277,0.038321722,-0.073468074,-0.07584451,-0.0900026,0.12899569,-0.0236468,0.060707524,0.038601607,0.028042544,-0.053537656,-0.10320945,-0.04645644,0.12833418,-0.0043401048,0,-0.21168773,0.016359713,0.2068776,0.06308792,-0.080270395,0.043715812,0.06799322,-0.07265077,0.044537466,-0.1097347,0.0733885,0.21507367,-0.0007003993,-0.32729557,0.023969717,0.0032376274,0,0.0012311935,0.0022098124,-0.15282436,-0.0070742555,-0.33778694,-0.027591519,0.15897202,0.037027024,-0.1382429,-0.040666267,-0.055397354,-0.13320924,0.12345821,-0.06553197,0.15328734,0.08605009,0.1923993,0.12298504,0.088298306,-0.12634449,-0.080210745,0.073360406,0.08597865,0.07503062,-0.03656195,0.412643,0.254455,0.046995044,0.049241226,0.037862755,0.1040325,0.13701081,0.16387932,-0.09873109,0.034934267,-0.005500149,0.026269063,0.11450546,0.25786674,-0.0592171,0.043007843,-0.06681872,-0.045755632,-0.032004893,0.1066368,0.04726918,0.0009833388,0.31242424,0.038853236,-0.03400568,0.04001022,-0.058809817,0.20821479,-0.09327602,-0.021513246,-0.1180524,0.118805066,-0.04069852,0.14473185,0.29164767,0.008024521,-0.09289758,-0.008494765,0.0017399676,-0.05965943,0.05326858,0.03735867,0.15665364,0.27317214,-0.0106609315,-0.04576184,0.20709485,0.071830645,0.16382647,0.1725074,-0.10017039,0.24419129,0.06304492,0.045786723,0.04485091,0.27720746,0.13567379,0.119090304,-0.049206443,0.05497624,0.08148001,-0.033678304,0.032842033,0.078272395,0.017825639,-0.0040672272,0.111015916,0.19587934,-0.020523407,-0.0014678501,0.008790933,-0.028729497,-0.026645727,0,0.08803041,0.11267861,-0.046779104,-0.04243249,-0.14306535,0.05806683,-0.0076646656,0.0048641935,-0.07552834,0.015965693,-0.15558189,-0.034947276,0.03005504,-0.09292258,-0.014786646,-0.03344868,-0.0053299367,0.17189163,-0.001965128,0.07143588,-0.09415804,0.20170495,-0.027917905,0.17986955,0.3919222,0.17622909,0.05280702,-0.08133755,-0.036084764,-0.070374236,0.012793826,0.057775237,0.12128211,0.04757675,-0.040694784,0.22654536,-0.033083014,-0.04439476,0.03518877,0.007641904,0.12717162,-0.04134727,-0.030617377,-0.00027854927,-0.22899051,-0.017129682,0.0034088008,-0.10364106,0.061097458,0.000972338,0.119025,-0.07509133,0.04108298,-0.0743835,-0.06721759,0.045089364,-0.34674376,0.057171676,0.03096436,0.19599032,0.014706351,-0.16755122,-0.0863684,0.097529545,-0.032003783,-0.005961545,0.14827678,0.15454802,0.04069847,0.082277484,-0.14907712,0.04794354,0.09815802,-0.09089532,-0.1140361,-0.01806514,-0.1829918,0.23899558,-0.05136268,0,0.126441,0.15200639,0.016100435,0.01459986,0.18296242,0.08705034,0.20498805,-0.21350878,0.012672402,-0.13277337,0.095787615,0.038340952,-0.004467085,-0.006147608,-0.34087658,0.012506866,0.062425036,-0.02653792,-0.25155818,0.058984235,0.021590728,-0.13253349,0.021277912,0.2280711,-0.076484345,0.04279398,-0.028463421,-0.05418224,-0.01754939,0.061939664,-0.048814185,0.14430565,0.14508069,0.13906865,0.23030493,-0.020322138,0.0052360483,-0.10905926,0.25691321,0.062491365,-0.032908205,-0.06314415,0.09256655,-0.08434063,0.10078837,-0.04708893,-0.05773166,0.10855988,0.09536369,-0.017019466,-0.15507661,0.050192483,0.049363974,-0.1120573,0.08188338,0.22063063,0.11672396,-0.007578343,0.11517213,0.14928755,-0.21755877,0.011883395,-0.0137504265,-0.021467319,0.24206945,-0.028852537,0.096941546,0.086608864,0.03569535,-0.19811454,0.11719862,0.07579669,0.13946404,-0.018696869,0.03945622,0.07261251,0.17354064,0.24383323,-0.022104286,-0.05781537,-0.13226666,0.05999164,0.009752169,0.11149258,0.03976173,-0.006347035,-0.099362835,0.0054229675,0.18620524,-0.27911204,0.2332578,0.05333791,0.07839967,0.092814066,0.09247033,-0.30676675,-0.038668826,-0.034793887,0.019263752,-0.18539977,0.08401895,0.029137352,-0.21185452,0.36318782,0.0038683023,0.042655483,0.31876802,0.16285239,-0.071333155,-0.069618836,-0.18970148,0.10064942,-0.047255777,0.29736814,0.0905956,0.19346692,0.0023146349,-0.13427597,0.079903066,0.004406872,0.21679781,-0.16200142,0.09828414,-0.06087783,-0.044440553,-0.05574187,0.2462837,-0.046187103,0.1546873,-0.08044164,0.037048724,0.19540176,-0.008625776,-0.03313922
"(113.8602079854976, 22.664957920154272)",0.4349356,-0.032888427,0.12187567,0.21398824,0.16461235,-0.38938397,0.30654055,-0.005395595,-0.09170404,0.30237627,-0.06331582,0.35104287,0.20329577,-0.13079447,0.056876503,0.15181015,-0.09900361,0.1279853,-0.06579755,0.4128967,-0.01930008,-0.21447037,-0.058675934,0.19121768,0.06918253,0.0832317,-0.270427,0.016356222,-0.1974599,0.22455132,0.19253033,0.134529,0.055295758,0.17551577,0.29839796,0.013008358,-0.1795738,0.11536618,0.20925096,0.31552243,-0.043691494,0.18486932,-0.0047539473,0.011220247,0.05563286,-0.0317946,0.16156578,0.006169345,0.061580263,-0.2261378,-0.0054445863,0.06696449,-0.00893065,-0.075672165,0.06909426,0.26812297,0.08597675,-0.29607138,-0.10414249,-0.0105704665,-0.19896848,-0.1639041,-0.15964948,0.12008689,-0.019356672,0.0735091,-0.1428165,-0.026385669,-0.07126184,-0.33046424,0.23690331,-0.08098344,0.042434145,0,-0.096286274,0.0045034327,0.44277212,-0.034720413,-0.122998595,0.19244266,-0.01777162,-0.11893336,0.23810089,-0.27806705,0.0775419,0.18722036,0.16353156,-0.41309914,0.15045059,0.0073237345,0,0.022142224,-0.16133663,0.12011317,0.305647,-0.38455603,-0.13707355,-0.07115753,-0.110914506,-0.18937434,0.0026351213,0.18930364,-0.022368867,0.42479318,0.34072155,0.18232848,0.18568264,0.2956845,0.35992682,-0.12286371,-0.1401058,0.079778485,0.112054355,-0.13238323,0.23693365,0.0028507272,0.46940947,0.3951493,-0.07998987,-0.0057368446,0.0119939,-0.10426401,0.25756165,0.0177865,-0.16779055,0.12876076,0.039055426,0.02731916,0.13431849,0.53099084,-0.33712688,0.06888061,-0.045064226,0.04662635,-0.270882,0.12746422,0.43103173,0.07431203,0.27376595,-0.06379394,0.13999254,-0.09271498,-0.030075446,0.11482727,-0.17945021,0.302181,-0.14802869,0.2978813,-0.018128805,0.13453163,0.43176606,0.14640146,-0.063942984,-0.09742506,0.009908948,0.1274493,0.22138432,0.21894142,0.21326232,0.48311585,0.049863413,-0.12925461,-0.13741635,-0.3014028,0.061545223,-0.12001527,-0.10121602,0.12705661,0.07806544,0.07657018,0.14343199,0.18604107,0.37861067,0.094548725,-0.2066531,0.17894416,0.21893512,0.13679275,0.20609602,-0.09668536,0.34724388,-0.015708111,0.14501086,0.30848986,-0.023289286,-0.14225039,0.18994164,0.11515276,0.1419527,0,-0.08467728,0.39051616,-0.0712601,-0.1607097,0.06404819,-0.10766523,0.2927487,0.03954432,-0.05122285,0.05563388,-0.27014074,-0.25074014,0.030857379,-0.18508118,-0.17932306,0.008449063,-0.22770672,0.26762414,-0.0059669837,0.20810014,-0.17236961,0.104626365,-0.26309854,0.03778553,0.008323468,0.12386052,0.015583804,0.12214334,-0.037817635,0.08695845,0.16986331,0.10286505,0.57022536,0.0015083812,-0.087392405,0.070886806,0.258494,-0.13574184,-0.035668798,0.010065213,-0.22068836,-0.20005922,0.34342337,0.04149072,-0.040310785,0.30004346,0.16056591,-0.12531483,-0.040884897,0.24818194,0.22513118,-0.04214661,-0.0035050642,-0.04751865,0.034376558,0.055149682,-0.047609314,0.13387617,0.04379993,0.3649056,-0.0025113598,-0.18860063,-0.30620122,0.17584063,0.09195825,-0.071016856,0.08901858,0.25922415,-0.04005289,-0.13013098,0.07789353,0.14920709,0.008455988,-0.05209805,-0.11692022,0.13229564,-0.31040388,0.032662332,-0.46351993,0,0.22717589,-0.038221687,-0.10041506,0.10699183,0.23481184,0.1724143,0.31869388,-0.014884759,-0.12197674,-0.26598507,-0.04045777,-0.0012823669,-0.009007394,-0.051865242,-0.40093437,0.27472207,0.32747492,-0.08997564,-0.12534489,-0.08261955,0.13153514,0.18791698,-0.1578975,-0.39090428,0.23822069,-0.37436363,-0.14916249,-0.04714951,-0.17932951,0.12766442,0.08895776,0.3066678,0.13258488,0.02258131,-0.1961508,-0.14169085,0.22162995,0.18362756,-0.04887786,0.24671978,0.045814473,-0.04623461,0.13244975,-0.17247944,-0.15623136,0.087107934,-0.3343141,0.1988093,0.31104758,-0.055804692,0.10229932,0.08931616,0.060563598,-0.14161792,0.30334216,0.08455106,-0.112187974,-0.04261589,-0.06034431,0.3521767,-0.21205002,-0.13041551,-0.13245371,-0.23281908,0.37095904,-0.1354008,0.15645221,0.21129942,0.18623352,-0.23860714,0.06766977,0.13003293,0.057285726,0.008131964,-0.090119064,0.045132518,0.22843212,0.052964587,-0.11167015,-0.0061811395,-0.19953589,0.062646374,0.021539062,0.06418723,0.0946588,0.10565884,-0.10106197,-0.03857359,0.15834084,-0.112180874,0.30523387,0.0034568254,-0.041862324,0.2362347,0.4470408,-0.1354386,-0.033080988,0.04425433,-0.28740886,-0.14047119,-0.04524476,-0.049031414,0.16411668,0.43750957,-0.27340418,0.08553691,0.14618312,-0.18608911,-0.17398511,0.16716832,-0.163819,-0.0343703,-0.2820902,0.12171182,0.25323936,0.19094317,-0.21163704,-0.034769766,0.0031670332,0.3625018,0.08769146,-0.13791281,0.21742155,0.027002886,0.060696103,-0.14014521,0.34415802,-0.2697826,0.22643021,-0.3049426,0.12203094,0.28647095,-0.1952166,-0.04610697
"(113.86038036243517, 22.664927851127164)",0.4325098,-0.03216102,0.12217508,0.21242675,0.16408493,-0.3862867,0.3021086,-0.006242156,-0.092769325,0.30278265,-0.06469919,0.3485243,0.20363048,-0.13064775,0.05600693,0.15015009,-0.09614906,0.13040867,-0.0651667,0.41348326,-0.017676257,-0.21277384,-0.059767034,0.19060409,0.070091054,0.0833935,-0.26847777,0.016074803,-0.19765203,0.22295299,0.19301763,0.13270631,0.05978868,0.17514269,0.29918066,0.013694512,-0.17733851,0.11359899,0.20931704,0.31413543,-0.0432797,0.18491718,-0.008255184,0.012103029,0.054759614,-0.03324139,0.16215529,0.0047687404,0.059007786,-0.22467645,-0.0047398806,0.06681415,-0.008863125,-0.074524656,0.06652226,0.2653491,0.08456182,-0.29200467,-0.102309555,-0.011059247,-0.19695309,-0.16366294,-0.16061187,0.11871146,-0.019497525,0.07250209,-0.14339872,-0.026126768,-0.07118103,-0.32991922,0.23638669,-0.08091455,0.04270049,0,-0.09776216,0.004746575,0.44022194,-0.037305735,-0.124340296,0.19226658,-0.01782285,-0.11831473,0.23600914,-0.27949816,0.07780814,0.18384653,0.16310893,-0.4104151,0.1479792,0.003060393,0,0.019408502,-0.15980566,0.119472064,0.3052136,-0.3800929,-0.13713656,-0.07053329,-0.109916724,-0.19041015,0.005390495,0.18970165,-0.02368385,0.4221331,0.3406754,0.18222167,0.18659073,0.29532418,0.36128283,-0.12434563,-0.13833398,0.07951713,0.1091134,-0.13239923,0.23416018,0.006245368,0.46607417,0.39468566,-0.081305206,-0.008228784,0.0145459175,-0.10241436,0.25708458,0.019266449,-0.16884239,0.12552196,0.040417854,0.027127903,0.13359639,0.52724546,-0.33602032,0.069076695,-0.04279641,0.044494882,-0.27198553,0.12821478,0.42942247,0.07581112,0.27094805,-0.06363785,0.14201811,-0.09166394,-0.031256184,0.114653565,-0.18127877,0.30059683,-0.14603545,0.29492676,-0.015151024,0.13481769,0.43074602,0.14569157,-0.063442126,-0.09760706,0.01224697,0.12437698,0.21873511,0.21701583,0.21308413,0.48216575,0.048968617,-0.12644795,-0.13724335,-0.30093643,0.0597063,-0.11729974,-0.100863695,0.12713845,0.077937976,0.07241802,0.14329422,0.18526784,0.37537622,0.09245827,-0.20920812,0.17704186,0.2187339,0.13606508,0.20475417,-0.09671011,0.34710863,-0.015418105,0.1444298,0.30587354,-0.021561347,-0.14305753,0.18769819,0.114660144,0.14095604,0,-0.08585413,0.38706547,-0.06868644,-0.15825534,0.06342802,-0.10792119,0.2907263,0.04177306,-0.050622318,0.054658256,-0.26703075,-0.25061774,0.029821908,-0.18090264,-0.1795642,0.006044388,-0.229383,0.26685476,-0.0033435225,0.20825084,-0.16979654,0.10157349,-0.262298,0.03898628,0.006737657,0.12219417,0.014739258,0.12367889,-0.038103215,0.08372122,0.16848637,0.09987492,0.5715399,0.003814008,-0.086016715,0.0706256,0.26013613,-0.1352883,-0.036224924,0.010970689,-0.22024687,-0.20089638,0.34172606,0.045261204,-0.037252724,0.29712415,0.15897724,-0.12366988,-0.043355748,0.2482188,0.22062269,-0.042279586,-0.002749605,-0.044762105,0.033848416,0.05212725,-0.04892488,0.13380107,0.04298313,0.3596797,-0.004463367,-0.18805954,-0.30720586,0.17608942,0.09057557,-0.07009296,0.09072851,0.25951147,-0.04093808,-0.13343662,0.07694311,0.15008175,0.007174406,-0.051728524,-0.11481282,0.13237941,-0.30690578,0.03340915,-0.46081284,0,0.22686157,-0.03720253,-0.099535726,0.10630551,0.23594424,0.17213625,0.31870595,-0.016889092,-0.12112162,-0.26725817,-0.040713735,-0.0018013744,-0.0072636344,-0.050794177,-0.39711708,0.2746461,0.3243695,-0.089760706,-0.122706786,-0.08253922,0.13028428,0.18668859,-0.16106328,-0.39054114,0.2393586,-0.3709536,-0.14327592,-0.04878454,-0.18000102,0.12909938,0.088884294,0.30497584,0.12974612,0.0222843,-0.19371018,-0.14141315,0.2196748,0.18159999,-0.049793888,0.24485373,0.042291198,-0.04459526,0.13183117,-0.16975018,-0.15658666,0.08699905,-0.33177114,0.19636467,0.30706406,-0.056855313,0.101537496,0.08874647,0.06257406,-0.14124373,0.30171803,0.08551785,-0.10903565,-0.042496324,-0.06257332,0.3505905,-0.21010467,-0.12681924,-0.13267055,-0.2308744,0.36836097,-0.13615283,0.15651566,0.21345331,0.18645793,-0.23636718,0.06945448,0.12945774,0.056037888,0.008812321,-0.09137361,0.044368334,0.22525096,0.053430524,-0.11192575,-0.003054969,-0.19690047,0.06453398,0.023867726,0.060793824,0.09511846,0.10717569,-0.100825205,-0.040298272,0.15796682,-0.114889234,0.30173326,0.004489774,-0.041358203,0.23642206,0.44408995,-0.13313721,-0.033084743,0.04768655,-0.2891025,-0.1438018,-0.050494574,-0.049721994,0.16427842,0.43878022,-0.27452773,0.08088723,0.14542352,-0.18451808,-0.17382546,0.17019458,-0.15995188,-0.03434665,-0.28199422,0.12259224,0.25197336,0.19282685,-0.20811974,-0.03388533,-1.4767051e-05,0.36138633,0.086615525,-0.13703534,0.21342398,0.026926935,0.063108094,-0.13984503,0.34418422,-0.26540065,0.2246611,-0.30387768,0.12274037,0.28432336,-0.19313794,-0.042730406
"(113.86039293984014, 22.649000318488927)",0.2523705,0.020113813,0.09320046,0.14614564,0.26979855,-0.08446595,0.16575892,0.028661843,0.08194366,0.2941972,-0.065735966,0.1642307,0.2173647,-0.10809445,0.0454328,-0.002490338,-0.0023673475,0.054399014,-0.014943112,0.24874727,0.02390901,-0.12993315,-0.062129032,-0.02500026,0.002854947,0.0023722146,-0.17196766,0.07682345,-0.153797,0.11679986,0.12677203,0.089810215,0.11166086,0.06989907,0.17786828,0.038238637,-0.09249594,0.03571055,0.09723474,0.15331468,-0.064095415,0.06398686,-0.14343658,-0.008763649,0.017923981,-0.15934472,0.075852856,0.008148503,-0.10185524,-0.2017676,0.027013585,0.064445786,-0.0036206357,0.0048761666,0.009443276,0.0667657,0.068496086,-0.037305437,-0.03572321,0.021253198,-0.057141166,-0.10116314,-0.19035222,0.1169381,-0.03350317,0.025173806,-0.12351787,0.02642316,-0.050435346,-0.153562,0.0886954,0.008996302,0.04050366,0,-0.0945285,-0.0029999278,0.19393922,-0.06560514,-0.17151584,0.108365156,0.011779081,-0.07325103,0.07979827,-0.17257473,0.08040787,0.090799436,0.06998284,-0.29220548,-0.018683918,-0.035654478,0,-0.06690558,-0.047577567,-0.123042665,0.12559575,-0.26634523,-0.0864213,0.02197589,-0.041654028,-0.19498199,0.051386744,0.11749076,-0.103014946,0.14718579,0.11950685,0.16334374,0.16358887,0.26510045,0.22981462,-0.06820366,-0.10950601,0.01341738,0.075639434,-0.07573555,0.07646183,-0.042369142,0.34695965,0.24474594,-0.04874773,-0.08086783,0.029940754,0.006052596,0.16989206,0.121322066,-0.11702915,0.054991618,0.09818411,0.020970292,0.0753208,0.33693883,-0.18323937,0.07594738,-0.038085185,-0.0742267,-0.1909377,0.15905324,0.2087067,-0.019049961,0.22815698,0.02266254,0.17368773,-0.005467333,-0.11474921,0.077117674,-0.1930489,0.00467781,-0.09551499,0.18510519,0.1276369,0.11091108,0.2731772,0.073853135,-0.043768823,-0.06807859,-0.04371291,-0.07532342,0.045761466,0.10233269,0.12052909,0.31171685,-0.046043977,-0.00965561,0.014542758,-0.14921321,0.088128015,0.10835514,-0.04497704,0.13066141,0.08377577,-0.040905006,0.08506069,0.19139148,0.1153041,0.10670577,-0.1371195,0.057226676,0.10941391,0.05835763,0.12345555,-0.096443936,0.19759203,-0.011156507,0.11697158,0.14219886,-0.012540482,-0.06223921,0.07363731,0.026506836,0.068414666,0,-0.022963863,0.20111883,-0.02962478,-0.014032915,-0.0017249808,-0.036259584,0.024049968,0.011171125,-0.025752794,-0.023167446,-0.11457527,-0.12524012,0.028459176,-0.13654462,-0.031407878,-0.056353673,-0.14381991,0.19747372,0.025051862,0.12967578,-0.09230459,0.13179827,-0.16802101,0.06491807,0.1916799,0.06728557,-0.008201903,0.038803183,-0.0004612282,-0.028558686,0.10251719,0.04021331,0.30281317,0.047134694,0.041445214,0.099634044,0.15702836,-0.13395208,0.04345029,0.0032766908,-0.059383925,-0.11625646,0.14849362,0.069239505,-0.09121007,0.12272398,0.01280662,-0.018493518,-0.02978389,0.06351694,0.03719017,-0.08650149,0.016626382,0.088633046,-0.057574484,-0.035589457,-0.18254885,0.0735964,0.10464428,0.123811066,-0.029910706,-0.16018406,-0.13440745,0.09921723,-0.06371262,-0.037602223,0.122540705,0.29525617,-0.02449897,-0.06057424,-0.056886848,0.110087775,0.023818437,-0.07122917,-0.032660473,0.08269821,-0.071524754,0.19731547,-0.19493681,0,0.1364401,0.08175147,-0.005833868,0.025466174,0.26924056,0.06114904,0.24051392,-0.23096518,0.007029116,-0.21221213,0.06940385,0.0503114,0.02619434,0.031178363,-0.26115924,0.12758638,0.085503265,-0.06316444,-0.14319304,-0.015288299,0.06551715,-0.020114213,-0.16798717,-0.101820596,0.12492133,-0.03508856,0.022161262,-0.043890327,-0.061477132,0.08530362,0.020997385,0.12624656,0.0773278,0.052739263,0.12857231,-0.0730931,0.05170532,0.03458493,0.09163022,0.20386818,-0.013060857,0.04494777,0.07647225,-0.16753416,-0.038629413,0.04823173,-0.20765698,0.057599783,0.10376492,-0.08756539,-0.0047322214,0.0549402,0.104021505,-0.14840087,0.19360709,0.1913576,-0.0626146,0.05791609,0.013493097,0.14469022,-0.14311053,-0.08277076,0.014760584,-0.072938554,0.2535724,-0.04921601,0.100502096,0.12404294,0.088626854,-0.13511379,0.1277833,0.10515622,0.1496819,-0.01300635,0.03998813,0.019422777,0.10763982,0.1504523,-0.043427117,0.07485737,-0.068610415,0.1303681,0.05204247,0.06424283,0.04543198,0.09542059,-0.046201736,-0.10487832,0.15119934,-0.20795833,0.19870538,0.044168152,0.09944166,0.14979891,0.1682179,-0.13259898,0.0002094917,0.05409869,-0.12532131,-0.17082657,-0.018032067,0.0018845145,-0.07727529,0.4385949,-0.09478655,0.041657835,0.23596391,0.027922641,-0.101788655,0.09435205,-0.22004952,0.043210067,-0.08272191,0.32688764,0.06256436,0.21373084,-0.06312557,0.0146878,-0.13698739,0.15812175,0.1118967,-0.11100227,0.102213725,-0.073202565,0.036361195,-0.054240808,0.18784103,-0.090438746,0.14745499,-0.22623186,0.08128758,0.14774513,-0.026093192,-0.04660617
"(113.86082650677204, 22.662842979830604)",0.41114673,-0.04694113,0.08471201,0.21429521,0.19134034,-0.3382026,0.35107756,0.020055767,-0.06523507,0.3488658,-0.05445219,0.3133077,0.10879773,-0.14021936,0.017165542,0.14541683,-0.114638016,0.118406005,-0.059860457,0.40786463,-0.012951784,-0.20573872,-0.082613386,0.16008277,0.07777375,0.081649005,-0.28819075,0.02905628,-0.3013125,0.2543805,0.1863849,0.11285205,0.04948535,0.14508209,0.31108496,0.017304773,-0.24619639,0.0977943,0.21587087,0.2875371,-0.05500423,0.21126887,-0.02343896,-0.036722716,0.033145644,-0.03528247,0.19196817,0.008484136,0.051429473,-0.2331041,-0.051768556,0.078374445,-0.03477214,-0.09918851,0.14431995,0.2949501,0.058740668,-0.31682462,-0.071542844,-0.106647156,-0.26310948,-0.18250974,-0.12288663,0.11396031,-0.0056822225,0.07289061,-0.1267976,-0.019691136,-0.054679316,-0.3356588,0.23787683,-0.035891883,0.049517877,0,-0.15858316,-0.015519839,0.45543185,-0.044157587,-0.16395624,0.23130438,-0.0032177754,-0.13986461,0.23327796,-0.3041457,0.04575493,0.17729026,0.19757725,-0.4508321,0.09369321,0.036882624,0,0.03907658,-0.19636759,0.05914212,0.25326744,-0.46515307,-0.13323781,-0.06424849,-0.13194135,-0.18206614,0.0010193884,0.15196252,-0.0324316,0.45618653,0.35224462,0.15346494,0.1849851,0.34094808,0.38298458,-0.09883776,-0.115169875,0.03838561,0.0847084,-0.15954563,0.16582423,0.020721324,0.53563535,0.4385879,-0.04736787,-0.024009854,0.07393573,-0.092037015,0.28486922,0.06708716,-0.14433952,0.13899586,0.025746066,0.025554731,0.11650046,0.582802,-0.39143237,0.011170959,-0.018684283,-0.0006592348,-0.25887895,0.13403435,0.45969605,0.04334226,0.24317744,-0.1071965,0.12779644,-0.069059,-0.06901246,0.10664778,-0.1511547,0.20935561,-0.1786671,0.33560443,0.011818521,0.21155873,0.4011001,0.16154113,-0.09435837,-0.08019915,0.062128607,0.08070496,0.2232347,0.23394111,0.19937494,0.5003312,-0.043294564,-0.12866762,-0.10260467,-0.30371574,0.09540589,-0.16752525,-0.10465886,0.16901119,-0.007254407,0.07919223,0.12238034,0.21393956,0.3808718,0.11428928,-0.18421648,0.1531348,0.2531267,0.14287093,0.16555467,-0.06684862,0.35213324,0.018516935,0.14343135,0.31008053,-0.034529485,-0.14690277,0.2277278,0.098562315,0.17463468,0,-0.057691086,0.35454038,-0.06632658,-0.1661714,0.049971364,-0.13601081,0.2883485,0.041224174,-0.045389537,0.07754981,-0.29098833,-0.22465196,0.029566051,-0.21834506,-0.18884762,0.0044649392,-0.2537368,0.25563687,0.033740796,0.17923287,-0.24484734,0.1367231,-0.27802557,0.068232685,0.026760079,0.1283777,0.039017826,0.10596732,0.017504163,0.054919958,0.15503633,0.10591119,0.5772107,-0.03859696,-0.085821584,0.06344904,0.31560147,-0.11974406,-0.043431588,0.0032216236,-0.17147775,-0.22970676,0.29502884,0.034786694,-0.07365869,0.31142467,0.1380544,-0.12731074,-0.032118276,0.2154583,0.21809718,-0.059011914,-0.032168135,-0.06733604,0.0077924095,0.048224404,-0.1229171,0.110755906,0.013480708,0.36834216,-0.02040238,-0.20940617,-0.3403483,0.21549815,0.09605186,-0.090989836,0.06522876,0.3109195,-0.065173134,-0.1030995,0.030872144,0.13016629,0.049602043,-0.0643752,-0.1461817,0.09648386,-0.28871077,0.1069818,-0.46270686,0,0.19579044,-0.08836094,-0.15113856,0.16538861,0.20613177,0.23220584,0.2731148,-0.008475509,-0.13643894,-0.26852024,0.01443386,0.04885639,0.016836092,-0.06377996,-0.40834415,0.26059863,0.3267581,-0.09777023,-0.12741907,-0.043247245,0.12719154,0.17055006,-0.1062161,-0.3291493,0.20835465,-0.39885202,-0.20299946,-0.083874464,-0.14307472,0.13983913,0.04887545,0.35217243,0.13511439,0.069297954,-0.094246835,-0.1567815,0.20182034,0.1575668,0.012757856,0.32051504,0.034196023,-0.053423908,0.15823375,-0.143464,-0.23585857,0.09143966,-0.37611777,0.1616475,0.29721615,-0.06418101,0.10073589,0.09625889,0.085555896,-0.2109921,0.3103762,0.1799114,-0.10406194,0.00033472478,-0.050489545,0.39561823,-0.24118768,-0.15056333,-0.14595026,-0.23100781,0.38312685,-0.18648797,0.17439699,0.23631938,0.18847317,-0.26894572,0.08788771,0.12442932,0.110261634,-0.053522468,-0.06255008,0.042554736,0.24041566,0.080938675,-0.14679056,0.005079232,-0.23951645,0.038359914,0.031808153,0.10158595,0.03977471,0.12207461,-0.12586312,-0.016231809,0.14516482,-0.16823971,0.3081335,-0.016361093,-0.052291736,0.2516971,0.44861275,-0.118585214,-0.08715249,0.04315223,-0.29235798,-0.19467553,0.019985415,-0.076916076,0.107076205,0.49418667,-0.3064452,0.07279025,0.19213922,-0.19517031,-0.17565309,0.10911113,-0.15654401,-0.015831184,-0.25655273,0.2001701,0.24844316,0.22179176,-0.20972715,-0.13955683,-0.019012615,0.34377596,0.17222708,-0.1480313,0.18252744,0.013355672,0.027733035,-0.13576747,0.38132533,-0.24633616,0.27432868,-0.2896801,0.103710935,0.30819136,-0.17106402,-0.020958386
"(113.8610509197078, 22.64443792269457)",0.1663433,0.019699598,0.05728725,0.10724787,0.24159244,-0.00081375614,0.09115094,0.043352336,0.14752197,0.275056,-0.06281915,0.07643743,0.11005798,-0.086261384,-0.018293165,-0.059035823,0.013734788,0.030801661,0.027058613,0.15413758,0.11944992,-0.060876526,-0.026663564,-0.103686586,-0.03251772,-0.040315583,-0.07650044,0.061446138,-0.14911753,0.0655377,0.11731008,0.05288039,0.103307106,0.09621996,0.1608502,0.062131666,-0.033893652,-0.0011066794,0.09422016,0.09570881,-0.047855534,0.03967174,-0.16923015,-0.029947128,-0.010807216,-0.17946523,0.08383483,0.018970933,-0.16497356,-0.18725389,0.019228086,0.043510593,0.0030681565,0.016776457,0.05821667,0.007880118,0.031199202,-0.0014861748,-0.0046002828,-0.048729353,-0.030725572,-0.08435279,-0.15755281,0.13638736,-0.027458109,-0.012796804,-0.06304942,0.021048624,-0.032587256,-0.107037514,0.052428752,0.025663557,0.05052657,0,-0.095924385,0.006397132,0.11193286,-0.0960248,-0.23437235,0.12424613,-0.017086808,-0.06290196,0.0051746406,-0.1157791,0.042643446,-0.026481763,0.054800928,-0.19455284,-0.094798304,-0.082465075,0,-0.03944356,0.011173271,-0.19560744,0.058708586,-0.18075776,-0.0687028,0.027272955,-0.065034755,-0.13253912,0.06900489,0.12460071,-0.14629169,0.068402976,0.030669317,0.15254797,0.15559483,0.24209502,0.20690109,-0.06785634,-0.034655962,-0.06209663,0.06083662,-0.0820568,-0.0023968592,0.0054060975,0.2764775,0.17487714,-0.054244254,-0.09440029,0.116811514,0.06631147,0.1492772,0.13432065,-0.046029635,0.052012205,0.075375974,0.023035485,0.031822257,0.27477124,-0.116180815,0.06349135,0.09533583,-0.08488301,-0.12637776,0.13729925,0.16076207,-0.033744086,0.15689012,0.060698614,0.14749464,0.008709665,-0.15316519,0.08127988,-0.12414395,-0.1258273,-0.056698553,0.11162497,0.17971353,0.17430522,0.12821622,0.018350124,0.020349637,-0.087754935,0.011048902,-0.14480531,-0.06127709,0.106758215,0.06642128,0.24061121,-0.11696485,0.057022065,0.083769426,-0.09560622,0.13217004,0.124093674,0.017562015,0.10485928,0.06868751,-0.09890581,0.06528764,0.15412349,0.058991157,0.07195582,-0.08143765,-0.0020278506,0.076204404,0.049593855,0.050470524,-0.10866938,0.18905218,-0.002686873,0.07911301,0.025675446,-0.002511315,-0.051772516,0.041381877,0.0122134555,0.036789294,0,-0.030520063,0.10520715,0.038827762,0.03411002,0.017049752,-0.0745404,-0.045256093,-0.010884069,-0.042435665,-0.014641568,-0.01498461,-0.056235045,0.019423177,-0.089847475,0.023602813,-0.0236879,-0.10872246,0.16949438,0.06785003,0.0694412,-0.025471404,0.12915921,-0.122952394,0.0784358,0.2325334,0.059312828,-0.0061006043,0.062401526,0.035831988,-0.10024234,0.073854595,-0.003229348,0.26506427,0.0051786415,0.11390902,0.10497112,0.15670083,-0.08614781,0.036364622,-0.010161437,-0.004516121,-0.10663424,0.04150224,0.061512433,-0.09133795,0.06942046,-0.02708212,0.055110306,-0.04342091,0.04256516,-0.027683161,-0.0937809,-0.011826953,0.111384615,-0.08074829,-0.0690745,-0.17890199,0.064093396,0.101509064,0.031465694,-0.060015462,-0.12075177,-0.06077771,0.078816675,-0.09309613,-0.0023043156,0.10590464,0.25153458,0.010636121,-0.03527368,-0.105274364,0.10195858,0.0580624,-0.05551152,0.037346672,0.02150945,0.049775176,0.24122284,-0.09167003,0,0.06244594,0.114202626,0.015132102,0.08186023,0.23603544,0.010754719,0.18861166,-0.20727204,0.022899441,-0.17368853,0.10332373,0.09690815,0.027074935,0.013625186,-0.16229676,0.092884555,0.017481498,-0.05198397,-0.060883887,-0.018459914,0.04238788,-0.0818515,-0.15774769,0.030749816,0.043715194,0.023080887,0.14370234,-0.092696756,0.006905241,0.09160504,0.039675906,0.08775039,0.05434231,0.013415709,0.20570377,-0.009012746,-0.035349082,0.037094552,0.11927733,0.17884126,-0.012839105,0.04623803,0.061514255,-0.089820236,-0.092438504,0.023678385,-0.15054789,0.0027227327,-0.021460984,-0.10168529,0.03949225,0.03235496,0.103913546,-0.13743627,0.11127768,0.21288376,-0.016923882,0.1260787,0.008326418,0.043626696,-0.057535235,-0.039947636,0.04510992,-0.032630146,0.15436572,-0.05086785,0.09496313,0.09192659,0.070379354,-0.06641158,0.1436503,0.08967916,0.17314662,-0.027879851,0.119894385,-0.013535373,0.053114418,0.15400079,-0.050479934,0.13691853,-0.017121095,0.1610322,0.06378845,0.06786874,-0.013649225,0.106975965,-0.04686342,-0.1113399,0.14775333,-0.2303428,0.101873875,0.08188603,0.097779006,0.14837253,0.0815055,-0.0580154,-0.04799483,0.079252556,-0.11379391,-0.19980459,-0.026492797,-0.0357574,-0.10366214,0.41489574,-0.059260324,-0.0064035207,0.24825384,0.045324434,-0.029620584,0.07239194,-0.18643473,0.08299366,-0.01452475,0.33672056,0.007232014,0.25176466,0.0006412791,-0.0029863706,-0.18080506,0.08055952,0.109070115,-0.04324989,0.02319765,-0.064570434,-0.0056793913,-0.006451561,0.15880343,0.021470586,0.117137104,-0.13129629,0.11813308,0.08817604,0.009043463,-0.033802286
"(113.86110256150911, 22.64161209336409)",0.15231928,0.039501913,0.0328239,0.0958929,0.21649812,-0.0327338,0.1172158,0.05204231,0.115075946,0.28669536,-0.06875296,0.101309985,0.03141007,-0.11940371,-0.074959226,-0.023336064,0.036279336,0.051790617,0.017112847,0.18548603,0.099048786,-0.04778394,-0.0095148645,-0.07314983,-0.02266587,-0.04278431,-0.06575603,0.068594016,-0.18413372,0.07453371,0.12840952,0.07479438,0.052651428,0.088067085,0.20386392,0.025556775,-0.0335588,-0.003615573,0.09664962,0.097836845,-0.06863456,0.13571864,-0.15626249,-0.06732308,-0.019347794,-0.09102931,0.11161652,-0.017411236,-0.14776479,-0.1562905,-0.0027817339,0.051147886,0.010134902,-0.026395,0.09058679,0.0827835,0.024919055,-0.015110038,-0.033863544,-0.11276745,-0.053335052,-0.09250303,-0.14096268,0.08763997,-0.014999747,-0.04584274,-0.03785958,-0.03317275,-0.004997086,-0.11736502,0.06478452,0.040114895,0.041919813,0,-0.12965578,-0.010841947,0.13931908,-0.088479556,-0.22343555,0.13503313,-0.013557542,-0.06851162,0.05375768,-0.14376062,0.018008318,-0.022533216,0.053246483,-0.16841283,-0.085563995,-0.09429862,0,0.04185327,0.015492588,-0.10458129,0.067704394,-0.19387557,-0.04977278,0.010469779,-0.070801415,-0.12954278,0.044562668,0.13308975,-0.11035894,0.12023197,0.10526879,0.1382009,0.1728935,0.2524008,0.21071096,-0.08037031,0.038802903,-0.06373406,0.054989316,-0.1254934,-0.028505534,0.050976053,0.2706969,0.19693634,-0.06756616,-0.07220238,0.18739043,0.03171719,0.15131047,0.112856284,-0.0062835272,0.052764356,0.015369926,0.033780705,0.027421989,0.29558906,-0.17746758,0.01395545,0.14059334,-0.056448758,-0.13452241,0.04075221,0.2623037,0.009409305,0.13751313,0.038464196,0.14692202,-0.011858694,-0.09094593,0.07066088,-0.061852373,-0.07917768,-0.060516283,0.1117726,0.16359957,0.23117283,0.12514946,0.041305676,0.049468935,-0.07593191,0.08315866,-0.061263252,-0.054595307,0.167606,0.11934159,0.2531383,-0.13794637,0.090759024,0.020865016,-0.1258237,0.12166759,0.06577475,0.025387345,0.09992543,0.021713868,-0.102586575,0.06002135,0.15771939,0.108982414,0.06603399,-0.013368048,0.03345339,0.11419697,0.07898372,-0.0002097413,-0.08389295,0.2521935,0.017454125,0.06842232,0.015297551,0.03300976,-0.07475515,0.07449637,0.027455473,0.070871584,0,-0.057989962,0.10838429,0.051830195,0.042733196,0.070791535,-0.1093198,0.043825164,0.019728176,-0.04370899,0.033270314,-0.054404795,-0.078027844,0.002188222,-0.09006577,0.015324935,0.0021351576,-0.09944318,0.18012904,0.072784744,0.057218775,-0.015642196,0.14477572,-0.111864485,0.06760942,0.17416117,0.067189924,0.010230241,0.08091251,0.06614151,-0.1282149,0.076697096,0.0021320973,0.32171357,0.005962666,0.10577068,0.09455888,0.16040513,-0.080149114,0.037908673,-0.017997317,0.05113961,-0.13493437,0.047890503,0.048613876,-0.047245942,0.12285213,0.00047945604,0.0641574,-0.10388963,0.070095055,-0.0010536686,-0.0917644,-0.0064149704,0.06062813,-0.019303609,-0.04477977,-0.1888455,0.09837091,0.09420185,0.0800063,-0.068067186,-0.149779,-0.078951254,0.11552835,-0.025439873,-0.0036837235,0.12710099,0.20926106,-0.013284013,-0.025775991,-0.07728762,0.16894424,0.067721725,-0.032918647,0.03452004,-0.0005292222,0.042562827,0.19659433,-0.13879672,0,0.054797217,0.042037576,-0.004254653,0.123924375,0.24059625,0.030588485,0.18761954,-0.1203015,0.0059262887,-0.12301308,0.11508095,0.1264838,0.042587623,-0.028820857,-0.13048989,0.11485584,0.04012016,-0.04997558,0.057058707,-0.046949506,0.05035879,-0.053833634,-0.13969955,0.030710459,0.0346741,-0.040343232,0.1265602,-0.096550584,-0.030089187,0.13377751,0.057936728,0.13484181,0.07605934,0.037273258,0.16388297,-0.034229673,-0.051652517,0.10535069,0.0680248,0.17764053,0.017007012,0.046289053,0.07631177,0.0040797275,-0.14707053,0.016116746,-0.14830652,0.011050612,-0.020381335,-0.123266324,0.106552444,0.017760068,0.059964065,-0.09814686,0.16776806,0.19842155,-0.027044304,0.124013945,0.011984884,0.084355935,-0.061379913,-0.02190846,-0.007556811,-0.0398551,0.14578584,-0.09860761,0.107629895,0.13834004,0.1381909,-0.052207127,0.16857755,0.118271954,0.16292015,-0.046671495,0.07846157,-0.018054046,0.029813249,0.109170355,-0.06699555,0.13718724,-0.017997183,0.16232611,0.08749221,0.061905712,-0.020518772,0.114630066,-0.050161205,-0.039162207,0.0990834,-0.18506116,0.08111057,0.07652784,0.022894038,0.18964778,0.09035695,-0.023032382,-0.07715919,0.10217437,-0.14209713,-0.20273928,-0.042221524,-0.016623681,-0.083530985,0.38844195,-0.1190095,-0.058165,0.20979474,0.011256691,-0.02316181,0.11164485,-0.13479014,0.08115241,-0.057688452,0.2957448,0.07271032,0.23040791,0.0020621496,-0.050257973,-0.13521518,0.09540671,0.11813439,0.016565114,-0.010465935,-0.03408897,-0.036875233,0.003130735,0.17250045,0.06288611,0.11226007,-0.07284962,0.13100204,0.14149657,-0.009229407,0.010839007
"(113.86126137908929, 22.649529317065983)",0.25834194,0.01901036,0.10208912,0.12871103,0.22711101,-0.10706735,0.15783964,0.02179848,0.051723734,0.30973637,-0.08062115,0.18749994,0.17753106,-0.1269156,-0.009640478,0.020828743,0.02275677,0.116792776,0.019635344,0.35806602,0.10156549,-0.11103462,-0.069086745,0.016293794,0.0066078417,0.030264188,-0.14161415,0.070201725,-0.2298877,0.11072084,0.13529015,0.070229545,0.20959055,0.09600668,0.22090471,0.0032555144,-0.13514644,0.06887281,0.1329548,0.1502974,-0.1323039,0.1460312,-0.14648001,-0.036945693,-0.037747525,-0.12544127,0.15331069,0.0045434944,-0.13265866,-0.19378017,0.028847754,0.05121409,0.022830267,-0.071735725,-0.016954042,0.06686021,0.007949674,-0.06038507,-0.07721762,-0.050101116,-0.08451706,-0.121952735,-0.19535324,0.09903614,-0.016327664,-0.015009806,-0.15312186,0.012989622,-0.031715546,-0.20726804,0.14381552,-0.020645028,0.05563368,0,-0.10813006,0.0015014894,0.20785172,-0.105002455,-0.22170952,0.1607388,-0.008190025,-0.07796273,0.0953089,-0.22249828,0.05471215,-0.00742542,0.094384566,-0.25586805,-0.054230995,-0.070463665,0,-0.06837428,-0.077151604,-0.083553635,0.1517688,-0.20481265,-0.085853525,-0.031998977,-0.07189701,-0.2047033,0.111750364,0.17725787,-0.08478372,0.19120805,0.22371571,0.13202381,0.19744596,0.30231926,0.2812803,-0.15277556,-0.05198205,0.015256647,0.05468867,-0.15760538,0.04312826,0.015158207,0.31446725,0.26128796,-0.090142556,-0.12684368,0.1144004,-0.023910692,0.18583813,0.12104738,-0.08052508,0.044879973,0.09073408,0.021827396,0.0552034,0.3799466,-0.25697854,0.039891593,0.05223033,-0.060591288,-0.21752161,0.14263566,0.32095212,5.6039542e-05,0.12432279,-0.020768264,0.22609371,-0.02874164,-0.12770697,0.02579578,-0.1883843,0.0058347136,-0.084244065,0.21066482,0.19710425,0.17871426,0.23818399,0.10822671,-0.013042048,-0.07632971,0.025976095,-0.08884452,0.021625102,0.16123527,0.12501898,0.33466625,-0.11160874,0.040673018,-0.056192786,-0.22852369,0.070357576,0.036896206,-0.0011250395,0.07489534,0.050269112,-0.083612986,0.08177182,0.15500195,0.09620562,0.069427855,-0.16104619,0.055133082,0.15773948,0.09696401,0.100831755,-0.14391121,0.28783074,0.028930865,0.102699086,0.10183737,0.004150532,-0.12293133,0.09994185,0.041820712,0.07787747,0,-0.07382992,0.22661716,0.0025033597,-0.0015953385,0.074388124,-0.13160427,0.063696966,0.027677916,-0.03494249,-0.010626547,-0.08076522,-0.14832127,0.008604339,-0.11102921,-0.023053445,-0.040875733,-0.21981247,0.20556036,0.07105746,0.12472441,-0.10186984,0.08098941,-0.21146002,0.043876007,0.06185972,0.007812813,-0.022959517,0.12003418,0.0035386756,-0.044864193,0.1304161,-0.024328222,0.41392988,0.024536666,0.053533275,0.041830234,0.285185,-0.12421049,0.035948925,-0.008364283,-0.07653043,-0.20587577,0.20178798,0.11498113,-0.014871225,0.20433705,0.014472801,0.030473858,-0.10845919,0.1160607,-0.018300138,-0.097443156,-0.0037052464,0.095030665,-0.023824204,-0.08758903,-0.12592325,0.08192662,0.10151899,0.048757613,-0.065771945,-0.18662015,-0.18429996,0.11943614,-0.04718212,-0.058005102,0.10533244,0.30006692,-0.07049965,-0.13366744,-0.028152294,0.15476921,0.01617051,-0.05866324,-0.0018120743,0.063386664,-0.013498306,0.16057116,-0.2660468,0,0.120720685,0.016600104,-0.049637288,0.070106745,0.2897839,0.09113241,0.22367941,-0.16359901,0.008621916,-0.21575896,0.06797186,0.086968124,0.04783548,-0.0070925504,-0.17171021,0.16692147,0.10360698,-0.07615049,-0.04076147,-0.04537289,0.05548163,0.014917895,-0.26719704,-0.17680958,0.19648775,-0.12122258,0.06045507,-0.09528719,-0.07248804,0.1326215,0.07370934,0.15877226,0.04541736,0.040165633,0.084941536,-0.1118159,0.021657337,0.1159115,0.005823713,0.23824877,-0.019905467,0.0855958,0.075340346,-0.09323464,-0.14949441,0.068422996,-0.26304445,0.016492814,0.06854485,-0.12832396,0.099800356,0.04305618,0.13961029,-0.15767714,0.23232922,0.21184036,-0.08177205,0.08215113,-0.036006898,0.17355007,-0.11018397,-0.08337585,-0.008282252,-0.08824162,0.2211388,-0.12572184,0.1292998,0.1782596,0.1480419,-0.07385154,0.15438995,0.12444086,0.1425213,-0.034002885,0.020813093,-0.007992573,0.046233047,0.10853423,-0.085868284,0.13146123,-0.031117965,0.15171656,0.082445204,0.053896226,0.031110533,0.181272,-0.04867386,-0.115890875,0.08942235,-0.19529174,0.16471888,0.021486768,0.0476169,0.19406737,0.18455511,-0.04365036,-0.024299968,0.13680534,-0.21774359,-0.21906197,-0.08873188,-0.03517837,-0.0058508813,0.47744688,-0.16806935,-0.03102535,0.17792425,-0.051233243,-0.10048768,0.18087918,-0.14317773,0.01659831,-0.13006708,0.3243827,0.05618696,0.25778055,-0.06347694,0.026565276,-0.19431761,0.20129648,0.09273931,-0.07151387,0.037361816,-0.057616174,0.069151826,-0.05434744,0.18841793,-0.029186217,0.14803876,-0.21622802,0.10541114,0.15259448,-0.036538444,0.002388305
"(113.86144367497718, 22.66093291958975)",0.42108867,-0.05657401,0.10287848,0.20331216,0.23077239,-0.2897163,0.3291325,0.019484483,-0.05252531,0.34533393,-0.06294614,0.2813022,0.20288831,-0.12717935,0.031209186,0.15430017,-0.08891256,0.11719384,-0.031954233,0.44810104,0.009286545,-0.21619993,-0.07385875,0.15642482,0.078376636,0.10748696,-0.2805734,0.052638,-0.2903512,0.23785445,0.17163098,0.118868075,0.15788835,0.1482456,0.29777387,-0.023206098,-0.26570287,0.11625385,0.19638906,0.25909212,-0.12154626,0.20071337,-0.03846641,-0.05335173,0.011499502,-0.03839826,0.19078249,0.013152223,0.026437826,-0.22378431,-0.017009676,0.087525375,-0.018739652,-0.12289685,0.050020747,0.22979316,0.016929388,-0.26762003,-0.11678724,-0.062228657,-0.23233724,-0.1766883,-0.1696729,0.11194958,0.010900468,0.028844751,-0.1520691,0.004376333,-0.044815917,-0.3515041,0.24672627,-0.054896377,0.051704284,0,-0.13214292,0.0027236678,0.43681815,-0.029626183,-0.1650105,0.21095839,-0.0057546087,-0.123613834,0.22627907,-0.31683457,0.0560346,0.14752156,0.16510147,-0.4307873,0.09077233,0.03738587,0,-0.02370476,-0.20561102,0.04121662,0.24102286,-0.37770125,-0.11653752,-0.07395159,-0.10612684,-0.21162032,0.06611085,0.15945643,-0.02541842,0.42900795,0.3902235,0.13824832,0.18669425,0.36049128,0.37224355,-0.13304366,-0.12064056,0.0663516,0.08213579,-0.16103745,0.17336074,-0.013804986,0.4833852,0.4270608,-0.057846963,-0.06259085,0.058359474,-0.11287194,0.2548645,0.08826502,-0.1369489,0.11697245,0.04842258,0.025196463,0.1219675,0.56974214,-0.39865738,0.0052509513,-0.02986177,0.006915733,-0.25527906,0.153677,0.48073167,0.03165103,0.19828779,-0.10266462,0.18445861,-0.07233246,-0.08657865,0.06376863,-0.20227182,0.22443682,-0.17241372,0.36300603,0.047187902,0.18919742,0.39141527,0.18082365,-0.07714467,-0.06050375,0.0273414,0.033215646,0.182218,0.24476427,0.18873444,0.49036187,-0.039952427,-0.09847538,-0.11483814,-0.30425823,0.07906982,-0.11088935,-0.076896325,0.10895933,0.050609604,0.061271906,0.1174321,0.1776193,0.29068357,0.086632505,-0.22529371,0.16481705,0.24575554,0.14889872,0.1837833,-0.09730654,0.33471704,0.03540989,0.1469306,0.31502905,-0.048337094,-0.15563087,0.19531402,0.086652234,0.124792665,0,-0.056987554,0.40394893,-0.0822379,-0.14747773,0.07584637,-0.15358213,0.25396764,0.033005543,-0.04045095,0.051544167,-0.2570693,-0.23753145,0.028317267,-0.18773991,-0.13938926,-0.0061906874,-0.28920925,0.23483308,0.038449325,0.19524403,-0.2538098,0.10088322,-0.3064602,0.041611582,0.0004124418,0.074907586,0.019353515,0.11669992,-0.026904084,0.07278915,0.19052427,0.038773976,0.57509387,-0.029256407,-0.0887852,0.024744619,0.33983356,-0.13684614,-0.0173214,0.009528406,-0.16572315,-0.24760047,0.3394497,0.09673954,-0.045820616,0.32911545,0.12186006,-0.09770988,-0.07310377,0.22194031,0.17379692,-0.062080152,-0.020935489,-0.041945413,0.017572086,-0.029362798,-0.10865186,0.092806816,0.034825165,0.25583816,-0.020800278,-0.25640666,-0.3429435,0.19490771,0.05884189,-0.108194105,0.07022419,0.32175633,-0.09891623,-0.14269108,0.03766278,0.12917662,0.01715251,-0.076431476,-0.1409634,0.1057729,-0.2515693,0.07313408,-0.4880749,0,0.21194449,-0.08641968,-0.17544529,0.1306673,0.24585484,0.23348081,0.2848133,-0.047413554,-0.08126422,-0.2690053,0.020011026,0.06276454,0.034462273,-0.057487167,-0.366888,0.24798062,0.28008628,-0.09319852,-0.14857905,-0.042578667,0.109643646,0.12205285,-0.20689625,-0.35073715,0.2732408,-0.37383538,-0.18385082,-0.09684276,-0.14906503,0.14792705,0.06177737,0.30923694,0.12480822,0.07584377,-0.097406045,-0.20007269,0.17410012,0.16808926,-0.022602554,0.28312665,0.009414975,0.006429594,0.13513371,-0.13949308,-0.20126651,0.08476771,-0.39268446,0.13408606,0.2686744,-0.08789323,0.10433589,0.088301666,0.11883107,-0.20600963,0.31377238,0.19441275,-0.114998735,-0.0063208193,-0.03644774,0.38695905,-0.23067766,-0.17005868,-0.104916774,-0.2185397,0.35524923,-0.18856674,0.16987705,0.24679042,0.20128554,-0.2072241,0.093871616,0.13946989,0.10708455,-0.044096023,-0.07480821,0.034027815,0.17418587,0.083893076,-0.13394867,-0.0049373433,-0.18715082,0.049907546,0.024708003,0.11807566,0.05305063,0.1925945,-0.116353855,-0.051135775,0.106762595,-0.15550494,0.3196704,-0.041406013,-0.022867741,0.24615008,0.4160055,-0.13593137,-0.051432095,0.080210924,-0.30214402,-0.20565681,-0.027287178,-0.059499122,0.10265091,0.5174577,-0.29270798,0.05727884,0.15681598,-0.1833123,-0.18531893,0.1668793,-0.14688365,-0.039875027,-0.27464986,0.23657236,0.19626436,0.23305283,-0.20325878,-0.044618554,-0.035058126,0.34958532,0.1344037,-0.16966711,0.18241616,0.0042431056,0.06911517,-0.13207331,0.3281492,-0.21554789,0.25618318,-0.29972705,0.07955067,0.31317273,-0.15529194,-0.0015036697
"(113.8623381150002, 22.575328085691783)",0.1463446,-0.100104034,-0.084953144,0.11373324,0.17420103,-0.015290383,0.28783786,0.09114261,0.15460755,0.2255044,-0.025142409,0.05877612,0.017045066,0.07617868,-0.12571591,0.032624964,-0.07634713,-0.09140072,0.20515545,0.206392,0.25458133,0.052502807,0.15736598,-0.07071921,-0.03212199,-0.05177476,0.000109262764,0.093895406,-0.084176704,0.09288572,0.11635892,0.065109804,-0.08131407,0.3481313,0.15792668,-0.026491785,-0.10852834,0.12403333,0.15137121,0.03054931,-0.20718509,0.058802016,0.047139496,-0.050908424,-0.040776283,0.035882242,0.22961736,0.05767807,0.0074293464,-0.12719014,-0.034831375,0.012820566,0.07277721,-0.15350959,0.026803397,0.106663615,-0.11461897,-0.15416738,-0.13520436,-0.29089943,-0.25343207,-0.12967628,-0.12482858,0.18615101,0.06235242,-0.15187556,0.111532286,-0.018294182,0.013794191,-0.20369624,0.05423405,0.0035565142,0.05147471,0,-0.095258795,0.015228692,0.2132755,0.06860935,-0.17286456,0.3159784,-0.010165561,-0.08551519,0.10342474,-0.16640536,-0.09269376,-0.14283301,0.10647763,-0.17621246,-0.080245815,-0.003245987,0,0.11590241,-0.07990687,0.020093808,0.00024090335,0.051734034,0.008330979,-0.11597408,-0.1501033,0.03639375,0.23343101,0.11879841,0.086395964,0.26194018,0.18977942,0.054708064,0.08765921,0.26052177,0.12741213,-0.14252885,0.10731821,-0.18993036,0.06352303,-0.14431673,0.2009395,0.069661126,0.26777512,0.25368926,0.03511744,0.0878855,0.38891053,0.036093816,0.23526832,0.13775033,0.1677081,0.1262742,-0.21140715,0.03550434,0.12039971,0.39403245,-0.20178048,-0.062043265,0.24501377,0.26057434,0.003972344,0.04056084,0.3994842,0.08282563,-0.07876502,0.08975323,-0.032064244,-0.18006861,-0.059248,-0.0021072999,0.16701135,-0.07590519,-0.067808114,0.021690615,-0.00808223,0.4404328,-0.06909458,0.08825938,0.012068614,-0.119355276,0.09517266,-0.04589548,-0.0604918,0.32155624,0.20135099,0.3272696,-0.2845708,0.15015312,-0.01188539,-0.04921737,0.22260138,-0.04535064,0.031149952,0.014777884,-0.021714315,0.0044797305,0.018253637,0.01860678,-0.024635762,0.020903476,-0.015013799,-0.031556055,0.18065189,0.1371355,-0.105869584,-0.040162712,0.22241183,0.16332683,-0.062612414,0.0857451,-0.07522821,-0.20049423,0.17514923,0.0027525518,-0.06963523,0,-0.08465728,0.26829278,0.034624368,-0.039538316,0.12789321,-0.32493111,0.104894415,-0.017859258,-0.26202017,-0.00432159,-0.04950781,0.0029902756,0.036464237,-0.08355797,0.018721871,0.17645906,-0.06725581,0.14437269,0.10470959,-0.043172933,-0.050805703,0.014100036,-0.09062178,0.052534997,0.09840169,0.03573234,0.041632712,0.1998069,-0.008754306,-0.025831811,0.116921216,-0.20344728,0.35979098,-0.2222895,0.0044633932,0.0016439669,0.22558783,-0.09145791,0.04151625,-0.1109466,-0.010595765,-0.22400524,0.12613752,-0.09821798,-0.030368418,0.38236558,0.034022238,0.09475313,-0.18918605,0.22103348,-0.0378943,-0.14477405,-0.09242308,-0.21551742,0.006169673,-0.0051227435,0.023368582,0.069722705,0.00053250045,-0.03943582,-0.06132265,-0.18496151,-0.084865615,0.11177152,0.09784737,-0.073162325,-0.045927905,0.06301148,0.025540337,-0.03978487,0.052175544,0.08676716,0.23099855,0.014211535,0.03068256,-0.048126362,-0.0633454,-0.07402249,-0.23176366,0,-0.08652396,-0.027303709,-0.12337625,0.2661355,0.0010793209,0.11739862,0.16523403,0.27615148,0.14122403,-0.04011452,0.06964928,0.21996029,-0.029048115,-0.2710591,-0.023816738,0.05027537,0.16598026,-0.06725699,0.19154713,-0.06780568,0.014115024,-0.080732755,-0.1625434,0.03768017,0.017979696,-0.34100628,-0.004798306,-0.31953874,-0.014634373,0.10001822,0.23471689,0.32090053,0.14694275,-0.1394563,-0.055238057,0.024020208,-0.14156897,0.29996026,-0.02003711,-0.014307663,0.062069397,-0.031525593,0.17429957,0.23479873,-0.21357457,-0.17013702,-0.33298367,0.14736661,-0.022718642,-0.047537573,0.23297478,0.00044968352,0.14476632,-0.12375953,0.13403845,0.11982357,-0.0062479004,0.21011533,-0.04288274,0.12906045,0.10671587,-0.06368953,-0.051511317,-0.06699494,0.04756543,-0.18658453,0.15783976,0.11672352,0.1787759,0.099606454,0.01860664,0.15558837,0.08638953,-0.17918718,0.11190249,-0.07338057,-0.089390144,0.10526476,-0.13463823,0.05182137,0.01934535,0.120346144,-0.1913149,0.16666266,-0.13135731,0.189,-0.10651162,-0.03878149,-0.09280833,0.10126053,0.107591905,-0.06924795,-0.12957157,0.2102446,0.08536007,0.041717097,-0.189338,-0.016308885,-0.210747,-0.15039197,0.04387971,-0.15428494,0.038274795,0.29246435,-0.11979898,-0.031712934,0.10103034,-0.13470818,0.05039497,0.14075382,-0.034389306,0.08896841,-0.18374681,0.06591317,0.11407876,0.2407987,-0.049383678,0.0012241388,0.06456122,0.028317794,0.18716493,-0.024139851,-0.040755257,0.039175496,-0.021302357,-0.12015856,0.14225706,0.042085186,0.26897547,0.07728135,0.14057098,0.15776879,-0.03041292,-0.13062745
"(113.86247332754702, 22.649438159675068)",0.24275047,0.014315987,0.075793296,0.12380206,0.2189271,-0.104773134,0.17874523,0.03444122,0.041059732,0.3374871,-0.07731671,0.1802395,0.078291714,-0.14487569,-0.05619286,0.032158244,0.020308107,0.13508645,0.019400172,0.37382406,0.10589524,-0.09973714,-0.081313424,0.0208157,0.0227837,0.036230516,-0.14188594,0.06673196,-0.30905545,0.12652215,0.13980708,0.056454435,0.20824683,0.08555256,0.2534204,-0.0043946113,-0.16990265,0.04991597,0.14823622,0.14214265,-0.1400817,0.20293176,-0.15348564,-0.07198858,-0.05731582,-0.09643797,0.18831176,-0.008871112,-0.13406262,-0.18200497,-0.004495576,0.059829287,0.009730559,-0.100576565,0.035712086,0.108034685,-0.014862004,-0.089685135,-0.061598387,-0.1401008,-0.13498683,-0.13886371,-0.16094959,0.0770988,-0.002173476,-0.029491268,-0.13743137,-0.00219943,-0.010792967,-0.22735655,0.16025609,0.004405195,0.0629419,0,-0.1549849,-0.018019047,0.23111765,-0.119998015,-0.25118026,0.19545567,-0.0021816678,-0.08991687,0.114676625,-0.26204497,0.02601191,-0.023412284,0.12384099,-0.26463917,-0.086887605,-0.067044266,0,-0.03498371,-0.098518826,-0.07363128,0.1368778,-0.24287446,-0.08839629,-0.04178144,-0.09199455,-0.18877825,0.111811996,0.16723382,-0.07743491,0.23322557,0.26462996,0.11050399,0.21051152,0.33565468,0.31415865,-0.15113065,-0.007343906,-0.009132631,0.028820023,-0.19182771,-0.011015698,0.06461596,0.34474584,0.30442324,-0.08528283,-0.13928974,0.18611084,-0.024848854,0.20788965,0.14162947,-0.059691705,0.050736204,0.06708276,0.024442177,0.041084282,0.41865376,-0.32022473,-0.012239033,0.10000977,-0.08199432,-0.22431168,0.118584506,0.3829112,0.006215822,0.08929422,-0.057195403,0.22874632,-0.022228416,-0.124518186,0.017260306,-0.1552639,-0.030081816,-0.0992327,0.22595929,0.21883854,0.24903652,0.21422736,0.124314405,-0.0073468983,-0.069048285,0.100001246,-0.08102127,0.03145486,0.19160831,0.13259563,0.35538137,-0.17499068,0.060196996,-0.06545882,-0.25472838,0.08206476,-0.024713313,0.0044206064,0.098658815,-0.0187615,-0.09588184,0.07587532,0.1594953,0.11993106,0.06826296,-0.14913248,0.051324617,0.19435744,0.11621098,0.06453303,-0.12526175,0.32963735,0.051367663,0.09968184,0.10118233,0.018025212,-0.14821368,0.13542,0.04803572,0.119784944,0,-0.07756454,0.19996506,0.024397412,-0.003132464,0.09052246,-0.15927747,0.10583235,0.04888039,-0.022422675,0.014926136,-0.10105647,-0.14763907,-0.00048255792,-0.12295273,-0.047081396,-0.034004435,-0.24227516,0.20087828,0.11141413,0.11485328,-0.13606586,0.09121821,-0.21703225,0.05926971,0.031242408,0.0072171018,-0.0028420407,0.13256112,0.04655797,-0.0783089,0.12171048,-0.023007175,0.46951437,0.003933277,0.055004854,0.027373992,0.34080788,-0.10844975,0.021962546,-0.007796325,-0.053180467,-0.23593432,0.18062992,0.11956827,0.00087189674,0.22714736,0.015612062,0.033716217,-0.1344031,0.12883586,-0.012718864,-0.10281357,-0.021208508,0.07619652,-0.019104455,-0.0840255,-0.16340747,0.08364406,0.065858945,0.065099955,-0.091377236,-0.20143077,-0.2276709,0.16282022,-0.018626377,-0.063355364,0.099235386,0.31543958,-0.09308949,-0.13895743,-0.03839855,0.16941816,0.038566332,-0.051336072,-0.012901742,0.04184333,-0.0024220943,0.17855123,-0.28924957,0,0.10501225,-0.04305111,-0.09377734,0.12751096,0.26502666,0.1384399,0.20059614,-0.11280395,-0.01535745,-0.21917605,0.09282608,0.11968873,0.07620025,-0.028206795,-0.15987976,0.17997278,0.114335336,-0.07862701,0.0123437345,-0.039504305,0.05441572,0.028950714,-0.24000198,-0.16480494,0.19095284,-0.17178768,0.03398685,-0.12688345,-0.068921216,0.16047563,0.060447738,0.20712149,0.04601067,0.06726807,0.115247115,-0.1276565,0.014377538,0.12787649,0.014909368,0.28495383,-0.021167938,0.08848782,0.09895317,-0.03383263,-0.23350663,0.07084557,-0.289044,-0.0070358366,0.059278037,-0.14335346,0.12710205,0.041712645,0.14798996,-0.18308213,0.24935687,0.25658962,-0.06938162,0.10229884,-0.053268023,0.21622986,-0.12121825,-0.078025445,-0.047865413,-0.09719541,0.2184864,-0.17684153,0.14975016,0.22237171,0.1773709,-0.090524524,0.17515776,0.12403249,0.16170631,-0.070634805,0.01835163,-0.014888011,0.03927386,0.09920071,-0.124722496,0.15095496,-0.052579053,0.13995181,0.10532385,0.058462493,-0.005378403,0.20164432,-0.06729966,-0.090383545,0.067406245,-0.21849957,0.14436701,0.014525423,0.009477375,0.22373274,0.20080766,0.00046573672,-0.07186342,0.15797131,-0.2541521,-0.26356563,-0.07542073,-0.061014615,-0.0062619857,0.503904,-0.2315923,-0.07465774,0.18263942,-0.0821076,-0.09878847,0.17473596,-0.10449378,0.02601732,-0.1364148,0.34609428,0.085651755,0.27532038,-0.055934004,-0.053906552,-0.20089051,0.20372413,0.1402961,-0.049168304,-0.0006364137,-0.047912657,0.055099867,-0.04615496,0.23275879,0.0026791263,0.17617992,-0.1886291,0.107438564,0.17831057,-0.035226427,0.041569535
"(113.86261018793662, 22.597190273703795)",0.16839978,-0.07182189,-0.09974486,0.09593365,0.25459343,0.017968949,0.27978337,0.12135334,0.15295437,0.3053137,-0.029346276,-0.014309514,-0.12031474,-0.0473039,-0.17511755,0.08113435,-0.051435173,-0.07889917,0.07718907,0.12111978,0.08619643,-0.037872255,0.095191635,-0.066894114,0.022546645,-0.037012696,-0.08730886,0.09004814,-0.24903265,0.16300297,0.12083843,0.10675508,-0.08719629,0.16867222,0.22779971,-0.04124923,-0.1481385,-0.0004889965,0.077173576,0.05438385,-0.1355322,0.18946797,-0.058066756,-0.20087795,-0.020290114,0.082053155,0.17317404,-0.00044182315,-0.022217631,-0.10518494,-0.100225866,0.09230217,-0.011543628,-0.121582255,0.21203092,0.19249077,-0.07512271,-0.12877974,-0.08827464,-0.3053116,-0.24130042,-0.12636618,-0.0542478,0.099175856,0.079195425,-0.16021988,0.13615468,-0.057987884,0.058973324,-0.20896336,0.062375985,0.098812066,0.03963912,0,-0.19403046,-0.022924509,0.28771266,0.07365245,-0.17910814,0.20685753,0.0074847154,-0.10684476,0.1223613,-0.19164829,-0.08123559,-0.016046386,0.064578414,-0.22680154,-0.054260902,0.038873244,0,0.1789383,-0.066869564,-0.040370516,-0.0492498,-0.22415088,0.01474343,-0.0016301423,-0.10379086,-0.036441457,0.06693114,0.035902567,-0.031158853,0.28963733,0.20148925,0.061317265,0.09784736,0.3143252,0.1732096,-0.022261515,0.13718452,-0.14532107,0.05923561,-0.11917061,-0.009944238,0.053347684,0.33659288,0.2972507,0.024273746,0.03837954,0.3434853,-0.0056373165,0.17638817,0.13352361,0.12702197,0.12882751,-0.1823723,0.050515536,0.07578144,0.4388384,-0.29596242,-0.15701143,0.22960272,0.06245622,0.004381433,-0.06053923,0.4590841,0.03934538,0.045438442,-0.002123559,0.033150572,-0.06882073,-0.045779005,0.050346322,0.11842654,-0.053546727,-0.13793646,0.18296698,0.023304418,0.4265371,0.020332444,0.0884475,0.06310001,-0.0001950711,0.20684478,-0.023839746,-0.05215159,0.34250176,0.16041607,0.3164209,-0.23994845,0.102193326,0.07616284,-0.06217574,0.22625591,-0.07315087,0.046379253,0.09628995,-0.041804984,0.00830383,0.018263573,0.11500113,0.15003827,0.04387533,0.099370666,0.08186554,0.20338897,0.12890853,-0.11101379,0.018865593,0.22688104,0.12020881,0.023244414,0.1225979,-0.014197566,-0.11417818,0.15730938,0.013587,0.01593645,0,-0.01204172,0.21521115,0.011603644,-0.03771514,0.1278468,-0.22293402,0.17727743,0.006557964,-0.10180634,0.120538615,-0.16232795,-0.054064676,0.011321797,-0.11729315,0.04205869,0.115617454,-0.07282698,0.13629688,0.0976473,-0.012096504,-0.13871457,0.17226428,-0.14266905,0.09248063,0.20550421,0.115304336,0.08808572,0.05580934,0.07633927,-0.10785715,0.10496491,-0.06333459,0.38009974,-0.15093988,-0.0015332066,0.037894342,0.16705233,-0.014918009,0.024887286,-0.04632295,0.1900687,-0.17880608,0.022286294,-0.009573506,-0.096409924,0.25002086,0.04277001,0.047169395,-0.15721753,0.14835393,0.13992922,-0.089029714,-0.0536606,-0.18554161,0.051874187,-0.036006577,-0.23210068,0.07438089,0.0054053515,0.11059155,-0.054913275,-0.2848918,-0.13086389,0.18534176,0.09567661,-0.06763184,0.058864884,0.122436635,-0.033705905,0.06314164,-0.06785226,0.15012735,0.17104122,-0.03584584,-0.06832959,-0.09343216,-0.05081892,0.08975123,-0.25587365,0,0.005808443,-0.111767314,-0.19208442,0.289912,0.11007495,0.1735445,0.15375443,0.1270013,0.02077835,-0.012009736,0.17280458,0.25840437,0.043642983,-0.1901725,-0.15427506,0.0860287,0.09664615,-0.035586342,0.100409105,-0.016341208,0.057021413,-0.14608097,-0.03294085,0.19094726,-0.032388255,-0.25873455,-0.08499377,-0.22849575,-0.011068093,0.1584459,0.07911416,0.26794592,0.19318075,0.08102125,0.11634749,-0.08446254,-0.11165723,0.2030095,0.082737654,0.11002397,0.06263234,-0.010336589,0.1464226,0.21114294,-0.24246855,-0.09730149,-0.22896925,0.07318282,0.00086136535,-0.1175009,0.18325223,0.014471045,0.044506434,-0.13625005,0.17648607,0.2651048,0.024276264,0.13242278,0.085611284,0.23093912,-0.087764695,-0.092012286,-0.05788613,-0.1026919,0.097778134,-0.21541527,0.14932337,0.18378069,0.22375691,-0.0359331,0.13333437,0.15340531,0.1750234,-0.15836075,0.08158912,-0.02445817,-0.020137038,0.10770793,-0.13087697,-0.017961536,-0.10515709,0.054763075,-0.022738472,0.22317752,-0.13113043,0.18155122,-0.13396612,0.10564532,-0.017167352,-0.09364754,0.15484044,-0.02958577,-0.11171824,0.24709201,0.13512185,-0.07212549,-0.19890746,0.042888355,-0.17125382,-0.22638069,0.07485328,-0.04368303,-0.08523881,0.37821048,-0.1984255,-0.05387929,0.18498431,-0.06324366,0.000101644546,0.05572026,-0.05274861,0.099294275,-0.14169127,0.25593626,0.15730646,0.20362175,-0.039563246,-0.17350581,0.123166695,0.06848968,0.22719204,-0.0056938305,-0.0059718937,0.045758784,-0.1447818,-0.011234677,0.22809005,0.08494324,0.23127934,0.09372313,0.08244397,0.31489587,-0.05021804,0.03536412
"(113.8628107312083, 22.61209073143193)",0.1034322,-0.11700906,-0.0531059,0.107100256,0.3476991,0.19666485,0.14043511,0.11706586,0.32722586,0.20615645,0.022303633,-0.15154244,0.05471152,0.07799374,0.026861228,-0.08721838,-0.10714021,-0.20762053,0.11257802,-0.13084568,0.12709981,-0.002452748,0.092920475,-0.27989125,-0.029287066,-0.091987565,-0.03718268,0.06982876,-0.046200734,0.067525536,0.06262625,0.016764052,-0.017851554,0.20441487,0.031029575,0.1115345,-0.046087302,-0.08165282,0.044708233,-0.0037852228,-0.02678255,-0.2010886,-0.092807986,-0.051820405,0.026760861,-0.19959308,0.010795012,0.11739664,-0.086399615,-0.13896836,0.0025582537,0.06333393,-0.01526368,0.0739289,0.11642919,-0.09071119,-0.022994913,-0.029941186,0.052530956,-0.13028732,-0.12115544,-0.059688143,-0.09482089,0.25417876,0.04081888,-0.10476147,0.14245658,0.107264474,-0.005684104,-0.0662348,-0.05904399,0.08846617,0.07516134,0,-0.0210881,-0.0028277375,0.0928119,0.05643391,-0.19537316,0.14074993,0.0036396794,-0.056662045,-0.0715695,-0.04284638,-0.022143407,-0.04448674,0.04778423,-0.2231718,-0.12738243,0.067639455,0,-0.04815737,0.00796872,-0.3527634,-0.1477187,-0.07954513,-0.042765863,0.06992172,-0.08041102,0.05514503,0.14966965,-0.032937035,-0.13118719,-0.0018427335,-0.1653172,0.1255574,0.0092805475,0.23254427,0.07977649,0.09352973,-0.04154956,-0.18645872,0.060068198,0.0818856,0.052469708,-0.07814242,0.25702825,0.15975043,0.10150344,-0.0016779415,0.1484244,0.17136362,0.14056383,0.20987375,0.03136669,0.13578223,-0.019262258,0.02270524,0.082592875,0.24613774,-0.0104459915,0.007855168,0.104299955,-0.025623985,0.06941684,0.22119652,0.036785677,-0.089449674,0.11193992,0.18462607,0.017657802,0.0042408556,-0.20660654,0.08011042,-0.003473632,-0.3069821,-0.08530528,0.03114653,0.059788957,0.23080009,-0.114099294,-0.04711444,0.035908073,-0.055981517,-0.03860129,-0.27938834,-0.12973481,0.114046715,-0.035027966,0.18833838,-0.18025854,0.06468773,0.3317678,0.13235235,0.28398076,0.20509712,0.034180477,0.13836047,0.11866775,-0.029123431,0.03690666,0.038727514,-0.08239597,0.061410684,-0.061896667,-0.083812535,0.002500981,0.025281783,0.0047638267,-0.027168252,-0.041489806,0.020334043,0.017551508,0.1067994,-0.10801125,-0.0030256324,0.024800189,-0.04097337,-0.08321199,0,0.08375344,0.08825848,0.019250263,-0.0070419502,-0.0636215,-0.030995823,-0.16106734,-0.08050559,-0.067878544,-0.07261959,0.0021980237,0.078523114,0.08330805,-0.104842395,0.07136845,0.043164715,0.030026823,0.04236062,0.0979755,0.0027546287,-0.061466485,0.13113698,-0.081066266,0.12508307,0.50980854,0.117138796,0.057675503,-0.042955227,0.033904254,-0.069063574,0.045856413,-0.06132911,0.097508274,-0.15014611,0.09795499,0.0808738,0.016229723,-0.049508378,0.036949724,-0.008772157,0.02356768,0.04806793,-0.11819285,-0.016841939,-0.23236486,-0.021397177,-0.070569456,0.05807087,0.029962555,0.03650958,0.048513442,-0.089621834,-0.06414654,0.01894471,-0.18439215,-0.07521143,-0.22194883,-0.036736805,0.006928146,-0.06409751,-0.048110165,-0.12161868,0.035534278,0.050473683,-0.13223976,-0.0019768812,0.0059964657,0.22212209,0.11305936,0.0854382,-0.16324025,-0.08932646,0.17088924,-0.0657477,0.00020876154,0.007338967,0.034026064,0.22003967,0.04288221,0,-0.02921642,0.16884011,-0.08321664,0.17001835,0.001796633,0.031658664,0.15845323,-0.12934671,0.115311034,-0.1444795,0.15002841,0.16896646,0.008919086,-0.031449854,-0.21362175,-0.03700567,-0.079144455,-0.008776836,-0.20103325,0.07379262,0.032702904,-0.31063703,0.014660239,0.3033298,-0.10388614,0.073307514,0.028743016,-0.21682651,0.13404197,-0.020270012,-0.0012761522,0.052820414,0.13507544,-0.060165256,0.31399325,0.10123569,-0.09498443,-0.050253823,0.30517513,0.025354147,-0.016510312,-0.0009407401,0.114563994,-0.04174683,-0.00870344,-0.14879417,-0.14857209,0.05129981,-0.08071135,-0.029913984,-0.086468324,0.042852957,0.15866531,-0.21320349,-0.09292554,0.25294372,0.096239306,0.1911635,0.06957672,-0.02720204,0.027187165,-0.10457583,0.13813159,-0.027158486,0.03320259,0.034489192,0.06532945,-0.016477833,-0.04096622,-0.055372525,0.023700975,0.02960801,0.20963031,-0.09811214,0.28643942,-0.035787545,-0.015817802,0.25213954,-0.046662666,0.0009699948,-0.055842318,0.07321152,-0.13845217,0.20874754,-0.16543266,0.08154547,-0.09703705,-0.1405411,0.14923555,-0.1760487,0.1173272,0.040637434,0.16463096,0.082989335,-0.0043139756,-0.12466754,-0.12124532,-0.10385071,-0.0099673355,-0.16385132,0.15930814,-0.097941846,-0.2051248,0.35509136,0.043572202,0.10875198,0.32528147,0.13091499,0.05211908,-0.10981168,-0.25723475,0.17955619,0.09190414,0.3545703,-0.04333321,0.20710726,0.032957472,-0.005522809,-0.0024193525,-0.09097872,0.19987747,-0.13471252,0.08843067,-0.047487505,-0.08158116,0.0058468888,0.13631827,-0.010895794,0.23117906,0.00033835322,0.049935963,0.07362173,0.06810488,-0.15797198
"(113.8630635820876, 22.607622202837703)",0.12884155,-0.12153667,-0.09968528,0.09134102,0.34140188,0.18547253,0.21137638,0.1398906,0.3002112,0.25627875,0.009846456,-0.15567756,-0.04377474,0.042487152,-0.084723815,-0.014137406,-0.09598908,-0.19869074,0.11997795,-0.06468648,0.11459156,-0.022415495,0.10487098,-0.21480802,-0.008471694,-0.07442427,-0.064368665,0.08607405,-0.1562292,0.11884908,0.06923166,0.056304723,-0.045935117,0.17682171,0.09336271,0.03457848,-0.12167666,-0.052871644,0.019377496,-0.008362822,-0.09537899,-0.041759618,-0.08947663,-0.16435565,-0.004970126,-0.07844651,0.08011955,0.084148854,-0.06904371,-0.124051034,-0.06388223,0.087281294,-0.022535298,-0.017141148,0.18184295,0.0064540096,-0.072977066,-0.056489803,-0.011483364,-0.22803912,-0.1936747,-0.08646787,-0.054070354,0.20222746,0.07762255,-0.15765572,0.16897476,0.05412339,0.03708181,-0.13615859,-0.028482005,0.123007394,0.06244053,0,-0.109513305,-0.0116262995,0.1814944,0.101822935,-0.19144401,0.1621815,0.016893964,-0.08295489,-0.0065495484,-0.09667307,-0.06280388,-0.04875111,0.03680341,-0.23746082,-0.11636815,0.09777068,0,0.048398465,-0.036863588,-0.27350616,-0.16582316,-0.15864763,0.0012195492,0.06681584,-0.08253912,0.021184925,0.1206878,-0.03812211,-0.106132135,0.11541243,-0.03564001,0.0726617,0.022913411,0.28549823,0.09059549,0.06726972,0.037591357,-0.19029883,0.07013441,0.013184439,-0.009204932,-0.049984954,0.29871824,0.21163222,0.08875526,0.01583808,0.24614082,0.10033894,0.14059441,0.19650193,0.10471906,0.14485799,-0.10679707,0.035328675,0.07781969,0.35248265,-0.14010227,-0.10196675,0.17142901,-0.0043351874,0.09535706,0.1000594,0.22229889,-0.06523591,0.063359275,0.0913488,0.013389189,-0.014546264,-0.15836713,0.054486193,0.06371366,-0.25259817,-0.1296688,0.13223027,0.054233365,0.3471842,-0.09189795,0.011789367,0.053984076,0.0062998235,0.084721476,-0.218699,-0.119486004,0.23044929,0.01913184,0.23005249,-0.24189013,0.08891636,0.28454393,0.07952726,0.29464296,0.08037707,0.06715743,0.11789401,0.046444356,0.0012345556,0.008206209,0.07313471,-0.011529043,0.056310378,0.03815727,-0.014895968,0.093115196,0.059038613,-0.06694948,-0.003665749,0.0368326,0.08515819,0.018876519,0.11631057,-0.08014778,-0.04318982,0.07566622,-0.03656233,-0.074028745,0,0.076204434,0.15276706,5.7239085e-06,-0.023707412,0.02032467,-0.12126725,-0.04248882,-0.06595018,-0.07983437,0.015811577,-0.06692256,0.042091303,0.054499708,-0.12014506,0.11200324,0.084516734,-0.0078846365,0.068438515,0.10171083,-0.029783214,-0.13521387,0.17005801,-0.122967,0.12557413,0.42919788,0.11209748,0.078832395,-0.03484223,0.047677398,-0.090173796,0.07357612,-0.08073627,0.18188712,-0.17867593,0.046939064,0.052676518,0.07915425,-0.0014451984,0.043906786,-0.03235174,0.15899162,-0.053490352,-0.09000225,-0.0106269475,-0.21479431,0.086964205,-0.04380047,0.06406656,-0.042214066,0.066028886,0.10521442,-0.0955243,-0.06745212,-0.09367083,-0.082785785,-0.082322516,-0.2639234,-0.0151957795,0.008237615,-0.02796401,-0.049490295,-0.23327266,-0.02134581,0.10203874,-0.05402208,-0.052384183,0.014415488,0.1789298,0.043302312,0.11010925,-0.15805803,-0.0014445558,0.18786922,-0.074564956,-0.050180692,-0.07645197,0.020619981,0.19005325,-0.07811579,0,-0.026249826,0.035958648,-0.16718115,0.23223951,0.04589063,0.10995399,0.12748925,-0.029992577,0.093247615,-0.060350116,0.19619992,0.24788299,0.023445416,-0.11359319,-0.18757789,-0.01204053,-0.030827407,-0.012596402,-0.11613172,0.06272041,0.03310833,-0.306961,0.0027782917,0.35388237,-0.09641088,-0.05838684,-0.053597853,-0.24487367,0.114925906,0.04790534,0.021249844,0.12798017,0.17697453,0.036643475,0.28830525,0.006002484,-0.14359778,0.04459964,0.2496861,0.06725259,0.019707467,0.0069330297,0.12129967,0.08386703,-0.10623504,-0.14313322,-0.18544239,0.037513763,-0.06441085,-0.08051048,0.025314964,0.028682401,0.12278898,-0.2073164,0.0059944466,0.3178224,0.0834604,0.17091762,0.12017755,0.0928995,-0.046911124,-0.13073607,0.08712337,-0.059535615,0.03963662,-0.086566485,0.10437584,0.053895753,0.068602465,-0.038493037,0.08268348,0.08392583,0.22927028,-0.14692436,0.23434237,-0.030120298,-0.037700687,0.21468982,-0.08762944,-0.040617533,-0.08823906,0.041496303,-0.0952021,0.2735922,-0.17992124,0.149632,-0.12380465,-0.019802686,0.061144657,-0.17098796,0.1596215,-0.014733499,0.052537873,0.14499761,0.030953854,-0.13979696,-0.16510919,-0.040903497,-0.053575013,-0.2090586,0.16232046,-0.06673249,-0.19942144,0.39005607,-0.03972356,0.04676631,0.28944147,0.07097709,0.03736824,-0.07992402,-0.17341167,0.15761828,0.015530899,0.37999076,0.0059553683,0.21061705,0.0076367185,-0.097914755,0.08112846,-0.054800685,0.23769733,-0.09727775,0.04027672,-0.018159248,-0.1385406,0.019660644,0.16375518,0.058264367,0.24491468,0.07141109,0.033792358,0.1994862,0.027964031,-0.06949817
"(113.8638615707118, 22.577568811337787)",0.17854989,-0.04642477,-0.07027611,0.10634316,0.1573601,-0.09083925,0.27860576,0.08095638,0.074659914,0.27156138,-0.05836636,0.106440455,-0.012371302,-0.016282342,-0.18778794,0.09237592,-0.022325054,-0.006064363,0.1327686,0.28050727,0.19031465,-0.009370945,0.1271421,0.024301872,-0.011779923,-0.00925732,-0.034527652,0.09927837,-0.1623633,0.11631988,0.13791454,0.123554885,-0.051201016,0.25697368,0.24966434,-0.09627298,-0.1111329,0.12274578,0.13888212,0.062293477,-0.20837581,0.23362869,0.01322487,-0.12168619,-0.042973146,0.12315987,0.23980677,-0.0211916,-0.004132636,-0.121401444,-0.061039552,0.048512824,0.042204037,-0.18584782,0.063448064,0.20444477,-0.10408653,-0.14513782,-0.18181127,-0.26175442,-0.21628246,-0.13630451,-0.11557831,0.09230845,0.060283482,-0.13977489,0.0700752,-0.08766095,0.038514502,-0.23551501,0.112214305,0.012404138,0.024730928,0,-0.16710341,0.022224281,0.2697961,0.048970766,-0.17199183,0.26062253,-0.017776806,-0.08535964,0.17578855,-0.20425811,-0.07410681,-0.06666523,0.07085475,-0.15987664,-0.01870121,-0.03571143,0,0.18179959,-0.074238025,0.11878715,0.061811853,-0.052993942,0.028090961,-0.10790248,-0.11473911,-0.043993395,0.13715306,0.14213198,0.072299734,0.33277768,0.31578362,0.052963242,0.1509862,0.28244448,0.18110776,-0.16626565,0.15033147,-0.12423399,0.07106095,-0.20459068,0.1244112,0.1017022,0.28794783,0.28890482,-0.0258618,0.058174577,0.3759356,-0.0435266,0.19909503,0.10319704,0.16115628,0.097866625,-0.20602623,0.050191112,0.0910657,0.42365766,-0.29164982,-0.10151033,0.2568108,0.22826311,-0.04499711,-0.08462781,0.52138746,0.10905419,-0.032338347,0.002745485,0.02130435,-0.15321112,0.013248935,0.019828923,0.13719654,0.06548226,-0.08369373,0.12648205,0.008951828,0.43181896,0.05504318,0.12630776,0.05275488,-0.07952896,0.16743644,0.07310645,-0.035077974,0.36748764,0.2589589,0.34356725,-0.2304425,0.1404112,-0.1062001,-0.13010748,0.17050353,-0.096880384,0.04160364,-0.0061956793,-0.03469424,0.006774882,0.02628593,0.08265372,0.09692936,0.010987386,0.04071608,0.084360875,0.22569205,0.1617988,-0.1062059,-0.025818989,0.32649004,0.15429315,-0.0076774247,0.08685469,-0.017055072,-0.19662166,0.17314607,0.032855332,-0.008177675,0,-0.101688445,0.28909862,0.028526133,-0.030649325,0.19094607,-0.32601792,0.22456808,0.013818897,-0.20966433,0.09382246,-0.10659902,-0.07280159,-0.0022102282,-0.07366879,0.019973755,0.17147548,-0.11149116,0.18006675,0.08225531,-0.002681451,-0.07187465,0.07582436,-0.10313698,0.03022495,-0.0111292675,0.038861632,0.048403054,0.20506103,0.004932627,-0.053017423,0.14550626,-0.15206963,0.44468552,-0.15031934,-0.017471444,0.019898351,0.25121984,-0.07405617,0.043430366,-0.087431155,0.08555585,-0.28066668,0.17226122,-0.03482157,0.014603391,0.4115699,0.08151305,0.074551046,-0.23548327,0.22409806,0.016624734,-0.115048595,-0.05612825,-0.22338168,0.103054225,-0.016510375,-0.03951341,0.12413435,0.025937181,0.055764034,-0.048881,-0.2481798,-0.14493008,0.15753855,0.15046024,-0.06415086,0.033045508,0.034888975,-0.04720074,-0.038989015,0.053563587,0.19753829,0.16859995,0.012561474,-0.0053374358,-0.07993233,-0.08013153,-0.067556664,-0.33189029,0,-0.008531883,-0.1065401,-0.13396557,0.25775582,0.1208802,0.14663887,0.17466716,0.26041692,0.07180711,-0.0027763061,0.08925888,0.22001919,0.010281313,-0.26021072,-0.03397732,0.10704225,0.19151261,-0.06358259,0.25104952,-0.10138682,0.022527087,-0.0098118335,-0.19090527,-0.0072537437,0.05881375,-0.38121155,-0.011566294,-0.23983657,-0.082209654,0.19241041,0.21133465,0.34273648,0.16044743,-0.015088409,-0.094937794,-0.08488855,-0.1112418,0.3439443,-0.088449344,0.044954628,0.08510941,-0.0034479238,0.14552034,0.2676772,-0.25812137,-0.09341591,-0.29533708,0.11543985,0.011973087,-0.09907331,0.29584897,-0.010486271,0.055658553,-0.05218509,0.24080268,0.13060129,-0.0389631,0.13975883,0.0004757482,0.21249557,0.0029981397,-0.03640002,-0.11656199,-0.08394196,0.101826355,-0.25224897,0.17348865,0.20385502,0.27572772,0.07365087,0.098137416,0.19466344,0.08631256,-0.14211996,0.0029325038,-0.042927995,-0.05278037,0.041955646,-0.13667646,0.044206332,0.0054821707,0.119105294,-0.065578416,0.15390345,-0.06684639,0.22284338,-0.107321426,0.066110946,-0.103793524,0.061865404,0.120947614,-0.047667198,-0.18757157,0.26295242,0.14286564,0.016450346,-0.17090362,0.082288355,-0.24203555,-0.17968233,-0.020147897,-0.08152846,0.04958828,0.30590782,-0.19792902,-0.10379127,0.05549103,-0.16794477,0.01014455,0.2072248,0.012212973,0.03940751,-0.2520854,0.070852414,0.17486978,0.23634295,-0.066362955,-0.05247073,0.07986821,0.114487186,0.1603552,0.036581546,-0.043677524,0.063386396,-0.041420825,-0.084329434,0.17612389,0.09403685,0.20198601,0.07804753,0.1446029,0.26645142,-0.08286212,-0.000544698
"(113.86425809058356, 22.65774836846525)",0.34682173,-0.020244507,0.11285226,0.164947,0.18862593,-0.2307382,0.20359285,-0.0047835037,-0.04876776,0.32763582,-0.09268783,0.24178159,0.19779876,-0.11911592,0.011747479,0.075112954,-0.028782487,0.14851668,-0.01287581,0.40548092,0.07271863,-0.15452747,-0.08171031,0.110257536,0.0583657,0.06371614,-0.20498204,0.031166013,-0.23378503,0.17395805,0.18186936,0.07705525,0.18023822,0.1570603,0.28432107,0.027907217,-0.15427381,0.08241536,0.19042768,0.23474178,-0.0757022,0.16045341,-0.113088176,-0.0025366023,0.002284959,-0.10571905,0.18397789,-0.0017017163,-0.052018844,-0.21303158,0.005273491,0.055479646,-0.0012933165,-0.06447941,0.016634874,0.14937274,0.023145743,-0.16579798,-0.059502978,-0.051514737,-0.15129481,-0.15571742,-0.18731238,0.11224972,-0.018554538,0.028185852,-0.15343173,0.0018915199,-0.062455896,-0.29524428,0.19816604,-0.05853825,0.05408274,0,-0.13798328,0.01196808,0.3329535,-0.09893451,-0.1986107,0.20231083,-0.019576479,-0.107959114,0.14179717,-0.28260034,0.06588191,0.04763513,0.14242911,-0.33989033,0.025460772,-0.07885108,0,-0.05851482,-0.1245817,0.002399275,0.23203588,-0.2727825,-0.12119561,-0.047584876,-0.0967286,-0.21609475,0.092559874,0.19087765,-0.07989572,0.31568044,0.29384637,0.15986282,0.19845077,0.30679923,0.3628532,-0.16129827,-0.090186395,0.03355971,0.04897978,-0.14852497,0.12545711,0.051068112,0.3938117,0.34974197,-0.0975092,-0.08961943,0.100646704,-0.04212433,0.23864722,0.0874123,-0.14763978,0.057533205,0.07477245,0.018968351,0.09584247,0.45095104,-0.29728365,0.05709838,0.038060665,-0.032073893,-0.2584679,0.1656316,0.37069416,0.055877443,0.16875552,-0.055283435,0.18848142,-0.05616605,-0.11655778,0.085363485,-0.21025327,0.14788824,-0.106346495,0.23857817,0.10830961,0.18052796,0.34130532,0.121618666,-0.055207938,-0.095479935,0.052907024,-0.03404245,0.10105564,0.17758378,0.16914609,0.4311725,-0.047195382,-0.036512688,-0.08186351,-0.26767325,0.05572,-0.03479708,-0.059456095,0.1126221,0.059457704,-0.036532894,0.11304835,0.17216313,0.22927374,0.056595042,-0.23323147,0.09219529,0.20431028,0.10940168,0.14354378,-0.12026713,0.32028183,0.01634229,0.11763249,0.19478293,-0.0044887736,-0.1515696,0.1305126,0.07297486,0.08919062,0,-0.09315729,0.2919727,-0.011366578,-0.07946983,0.05179494,-0.1479343,0.16450226,0.054461785,-0.056190897,0.01859679,-0.15304127,-0.20494318,0.009089519,-0.103106424,-0.11969197,-0.0430741,-0.27252316,0.2396833,0.06779409,0.16720359,-0.13196479,0.052031107,-0.25370628,0.06916198,0.020318262,0.06031346,-0.012015352,0.14671937,-0.029052444,-0.008963488,0.13818641,-0.0011825617,0.5421713,0.018608268,-0.020948123,0.05759023,0.31775337,-0.1178132,-0.026989736,0.0070520416,-0.15964507,-0.23697285,0.26294425,0.11976518,-0.0031969845,0.23262762,0.076131105,-0.04431492,-0.09206082,0.1973637,0.06306852,-0.074100986,-0.007092772,0.031222835,-0.0077779926,-0.05370468,-0.10089199,0.102513015,0.052746635,0.16216406,-0.055574127,-0.19096309,-0.28553855,0.15960203,0.0114252195,-0.06684209,0.103106536,0.29391864,-0.06535858,-0.17999431,0.008184575,0.14989477,0.00595928,-0.062267043,-0.051300872,0.092949614,-0.15108395,0.11301029,-0.36028272,0,0.17357558,-0.0014998149,-0.082779594,0.09978396,0.27186477,0.15168539,0.27748412,-0.10436985,-0.062962644,-0.27468833,0.0034849262,0.03708371,0.028538333,-0.032234572,-0.27288622,0.23215733,0.210718,-0.09030384,-0.078268096,-0.057698406,0.08485631,0.09371038,-0.25080124,-0.29501525,0.23423016,-0.25044018,0.0082832,-0.113630734,-0.13442846,0.14839831,0.08416507,0.24098676,0.05914422,0.021370754,-0.039946377,-0.12791397,0.10848811,0.12651719,-0.027785044,0.23100957,-0.03769805,0.011695359,0.10552904,-0.10984193,-0.1808319,0.077538826,-0.2941542,0.0945359,0.15992756,-0.097830564,0.09675947,0.06923063,0.13590151,-0.17450398,0.24831253,0.17489237,-0.051228024,0.017925069,-0.08174819,0.2746008,-0.15164788,-0.07673541,-0.08240407,-0.1576857,0.28398404,-0.16118222,0.15547164,0.2269422,0.16997075,-0.14874001,0.12679374,0.12368659,0.08291008,-0.013448985,-0.051755503,0.012004025,0.12910266,0.09802481,-0.116816245,0.08967109,-0.11468722,0.11868398,0.06787367,0.031692043,0.06524021,0.16975687,-0.0929319,-0.09855021,0.13258246,-0.20642859,0.21929955,0.014328355,-0.0013288129,0.22801459,0.3173727,-0.07836662,-0.04599689,0.1295722,-0.2961596,-0.23924468,-0.12602502,-0.072143085,0.097216636,0.5046501,-0.25083598,-0.015122235,0.16595039,-0.12358254,-0.14827983,0.20034558,-0.09275423,-0.015034448,-0.22680601,0.23138861,0.14762267,0.269512,-0.11654421,-0.0135815805,-0.12255208,0.28842303,0.089381196,-0.12116572,0.088223234,-0.006566778,0.09031025,-0.114894025,0.30126074,-0.12179445,0.19007161,-0.26492676,0.12721455,0.20963952,-0.10881791,0.019520655
"(113.86431618723448, 22.650060833515663)",0.24303731,-0.001423968,0.06020705,0.116462715,0.21165851,-0.10264696,0.18796198,0.043759502,0.04220523,0.34065306,-0.06934325,0.16556185,0.019457102,-0.1455774,-0.08286868,0.050365526,0.012212694,0.13525721,0.028676009,0.37599897,0.112953834,-0.09341832,-0.07574962,0.027805775,0.035835814,0.043240674,-0.1362865,0.057894133,-0.34729746,0.13500948,0.13880116,0.048081186,0.21730977,0.09400096,0.2660424,-0.0136000905,-0.19426137,0.038525708,0.15077475,0.13879555,-0.152967,0.23099735,-0.14733757,-0.09965809,-0.07107438,-0.06864883,0.20972684,-0.005794022,-0.12857151,-0.16554435,-0.019221812,0.065306894,0.00946806,-0.12375304,0.06081014,0.12061666,-0.03813767,-0.11443717,-0.0646026,-0.19497743,-0.1699543,-0.14668484,-0.13537537,0.07260743,0.016708344,-0.057415113,-0.11639269,-0.0061253943,0.007047262,-0.25192332,0.17204824,0.013052309,0.07252061,0,-0.16403325,-0.0281122,0.25452206,-0.11305212,-0.26120064,0.21365103,-0.0012019761,-0.09481849,0.12610188,-0.2844519,0.004936844,-0.046865143,0.13693416,-0.26436245,-0.09889648,-0.052455895,0,-0.017570227,-0.11464625,-0.06204804,0.122931056,-0.24231668,-0.08887275,-0.04912053,-0.10521545,-0.16708426,0.12451661,0.16235662,-0.07036893,0.2592765,0.28941643,0.09278172,0.20726885,0.35554218,0.32627428,-0.15037078,0.021483343,-0.020241514,0.020143092,-0.2025586,-0.036190093,0.08791886,0.342408,0.323688,-0.08324242,-0.14268956,0.22837697,-0.029665222,0.21435156,0.14498183,-0.03937991,0.06329748,0.04573599,0.027193971,0.037802197,0.44647872,-0.35907522,-0.05010397,0.13815081,-0.083717965,-0.21370715,0.10495094,0.4317933,0.011801686,0.055246074,-0.07386144,0.23507077,-0.025262062,-0.119882464,0.0017268583,-0.1318605,-0.04453817,-0.10875151,0.23971394,0.22762041,0.29106435,0.18114178,0.13383654,0.014214933,-0.0559327,0.14895979,-0.08046587,0.031785786,0.22385958,0.12471015,0.3647369,-0.20691803,0.077136606,-0.06179352,-0.2677003,0.0943356,-0.068475455,0.023327155,0.09823905,-0.041849032,-0.10008816,0.073815174,0.13946332,0.12811017,0.056868754,-0.14437965,0.05496138,0.21484639,0.13130155,0.046844073,-0.12404923,0.34820578,0.06616885,0.09443025,0.107779734,0.024684407,-0.16737843,0.15396011,0.055695266,0.13004243,0,-0.07991518,0.2024236,0.035176493,-0.009405831,0.114260934,-0.17851764,0.13629718,0.05696445,-0.009922259,0.027414382,-0.10946648,-0.15040007,-0.0033575413,-0.124918334,-0.048108086,-0.020319164,-0.25132036,0.19093178,0.13560525,0.109731786,-0.15601058,0.08682259,-0.23149088,0.0634888,0.014706053,0.0024383813,0.0089793485,0.13965148,0.06044162,-0.08841912,0.12452906,-0.032835834,0.50950366,-0.018232439,0.051534567,0.0030443333,0.37209243,-0.0880352,0.01364056,-0.0057579502,-0.04403333,-0.24821788,0.17448151,0.12889615,0.012563616,0.24258374,0.019246634,0.04261826,-0.15644059,0.15544903,0.007969536,-0.09988075,-0.03269282,0.060051158,-0.007627014,-0.09096082,-0.16769575,0.07991324,0.042577066,0.058549076,-0.10743318,-0.21973468,-0.24985085,0.1829408,-0.002763003,-0.07126416,0.08894955,0.31362382,-0.102593556,-0.14530075,-0.036424976,0.17561874,0.048427146,-0.047252692,-0.018651802,0.029356223,0.0066282004,0.16619654,-0.31245324,0,0.097711675,-0.08346076,-0.13647728,0.16636142,0.242227,0.16654125,0.18901695,-0.065949365,-0.024165072,-0.2161021,0.10234591,0.14489329,0.09001888,-0.048137322,-0.14798407,0.19080529,0.11622556,-0.07448149,0.038051978,-0.038683333,0.05591232,0.022125445,-0.23259091,-0.15243682,0.1964592,-0.2120055,0.012164043,-0.15565878,-0.061562657,0.17172104,0.06378063,0.22437741,0.051781397,0.075185016,0.114181116,-0.13855149,0.006059099,0.14735283,0.010692444,0.2977731,-0.017151933,0.097847834,0.11000636,0.010005442,-0.28005838,0.06266264,-0.30486137,-0.017693177,0.052676935,-0.15585189,0.15229444,0.03998398,0.15732443,-0.195501,0.24902105,0.27776092,-0.056280904,0.10684201,-0.06203413,0.24189946,-0.12069747,-0.0867261,-0.061095588,-0.11465147,0.1981836,-0.20425689,0.16140744,0.2433468,0.19803044,-0.08901897,0.18034112,0.12179864,0.16782707,-0.08812924,0.024074703,-0.022882886,0.01537076,0.08710605,-0.1493403,0.14760219,-0.063696645,0.1253636,0.109534115,0.07325916,-0.032908,0.22556314,-0.07902081,-0.07780045,0.047170706,-0.21988446,0.13669178,0.0024354104,-0.015506702,0.241081,0.2136184,0.024628356,-0.09816615,0.17111365,-0.2820209,-0.284227,-0.07343762,-0.07716953,0.011247965,0.5142522,-0.27146342,-0.09648606,0.17410354,-0.10531844,-0.09326361,0.17721571,-0.078560635,0.031219233,-0.14380649,0.35472652,0.099557534,0.27663654,-0.052716352,-0.08340784,-0.18395308,0.2066799,0.1546982,-0.037139587,-0.0157253,-0.034419328,0.047121145,-0.03455212,0.25255582,0.021432327,0.19515556,-0.16207738,0.10440016,0.19904089,-0.04153683,0.060270622
"(113.86464728727228, 22.606362698586054)",0.14086077,-0.15240912,-0.10328431,0.09703883,0.3694327,0.21074866,0.24372281,0.1527887,0.3320665,0.2637202,0.015443966,-0.1785102,-0.02260612,0.058440186,-0.07909703,-0.013267893,-0.11868738,-0.2303268,0.15096876,-0.05434599,0.1629138,-0.015999185,0.1236831,-0.2478767,-0.020907436,-0.075797155,-0.06016352,0.09901957,-0.17519681,0.1289438,0.064018026,0.048434485,-0.023315236,0.21890727,0.08380884,0.032382496,-0.16533971,-0.031153038,0.03856684,-0.022236995,-0.13674223,-0.07620061,-0.07349178,-0.18315668,-0.023081146,-0.091788895,0.098367766,0.1179986,-0.074636385,-0.14174235,-0.055086434,0.080040455,-0.010195155,-0.049112022,0.1788367,-0.020216342,-0.10610253,-0.084446065,-0.029725196,-0.25278616,-0.22014628,-0.09594633,-0.07689491,0.23773597,0.09105414,-0.1846576,0.17828155,0.07305913,0.03712619,-0.152041,-0.01825717,0.10491435,0.071976684,0,-0.08879837,-0.0020111836,0.18529786,0.11039772,-0.21972796,0.19622073,-0.0015004613,-0.09423845,-0.027023915,-0.090461284,-0.08075022,-0.093751766,0.046148337,-0.24886236,-0.13504791,0.11862293,0,0.03254044,-0.058975868,-0.32799208,-0.190588,-0.13476251,0.005986304,0.043600976,-0.111463256,0.028880212,0.1611616,-0.029369533,-0.10972302,0.12376876,-0.02583412,0.06674834,0.007892504,0.30980036,0.09283213,0.05327931,0.038548272,-0.211236,0.07576568,-0.0024999492,0.008050986,-0.08514709,0.30637732,0.2098661,0.10297585,0.0077083986,0.26135296,0.09525552,0.15083346,0.21016937,0.1311467,0.1676122,-0.11460857,0.032347016,0.08065332,0.38914818,-0.14513151,-0.10930069,0.1947361,0.0087341815,0.1163729,0.13222682,0.24304458,-0.093429595,0.027336858,0.10425458,0.014269497,-0.03177612,-0.21225163,0.033897854,0.0695383,-0.28370816,-0.1393196,0.15351976,0.060591117,0.37459472,-0.14238557,0.014395878,0.05046177,-0.0021917522,0.05587663,-0.28169197,-0.15864146,0.26300925,-0.0072855353,0.23950233,-0.27914602,0.086340606,0.30652285,0.08450994,0.32452148,0.084432945,0.0828149,0.085348055,0.06631674,0.0100884605,0.00033375435,0.04523489,-0.04574226,0.049464025,0.035446234,-0.032883555,0.094749495,0.073959,-0.06737268,-0.026586786,0.024956265,0.10491549,0.0029053688,0.114631146,-0.121727474,-0.043542977,0.08540833,-0.049149785,-0.106839836,0,0.0792644,0.1933065,-0.012254057,-0.0354931,0.035022147,-0.17579989,-0.07505241,-0.09949016,-0.10789782,0.009102903,-0.049768098,0.05685754,0.06575795,-0.13079305,0.13885354,0.1009112,-0.033442393,0.055637084,0.108885355,-0.048424892,-0.16044627,0.16149242,-0.16399595,0.11275489,0.45150325,0.10364468,0.07496874,-0.023812242,0.04649581,-0.07261698,0.099637866,-0.1205652,0.18766333,-0.23617133,0.052113075,0.02597462,0.10809332,-0.0117107425,0.04257334,-0.046789534,0.14934906,-0.07031786,-0.08021606,-0.014971064,-0.23144259,0.12159851,-0.054604042,0.08633293,-0.04419212,0.06612786,0.08766875,-0.10698158,-0.09488315,-0.10335259,-0.10297082,-0.12433686,-0.24197118,-0.039042953,0.018699903,-0.07850103,-0.046563916,-0.25449237,-0.011980906,0.092682235,-0.0736699,-0.073890805,-0.023483776,0.2052761,0.04153865,0.11274626,-0.1673261,-0.033941545,0.2049947,-0.08697162,-0.049165685,-0.082639396,0.04177068,0.19324054,-0.09817204,0,-0.052648544,0.03459315,-0.20013765,0.26488686,0.035221517,0.11691574,0.12426728,-0.027234923,0.11727231,-0.05959745,0.21339506,0.28469795,0.0145159215,-0.1339828,-0.184726,-0.021829668,-0.03556287,-0.021913592,-0.13483447,0.07097845,0.03808815,-0.34711534,-0.021753356,0.35455012,-0.091639414,-0.0835849,-0.06472415,-0.28718758,0.13960904,0.037373,0.035293482,0.13043737,0.18473636,0.005332142,0.29674798,0.005000448,-0.16719107,0.067847624,0.25296727,0.06547988,0.01829265,0.0027637035,0.12506425,0.07611344,-0.1341541,-0.15913305,-0.23559698,0.03691481,-0.08499642,-0.08330373,0.051825248,0.03337165,0.14783314,-0.24953327,-0.006021239,0.3447163,0.06095671,0.21197568,0.13092776,0.08575447,-0.018741924,-0.17969449,0.123278864,-0.06835823,0.024601515,-0.09791194,0.104806095,0.036317278,0.06105364,-0.008424297,0.064820334,0.09516637,0.24949923,-0.17487665,0.27323574,-0.046921328,-0.05171926,0.23001273,-0.09293708,-0.047524635,-0.088086195,0.038834494,-0.13900769,0.3209817,-0.21289173,0.18864864,-0.13721353,-0.040641304,0.04967273,-0.15563178,0.17745954,-0.03783349,0.06659296,0.15154794,0.032554142,-0.13877621,-0.18333101,-0.053779457,-0.06638926,-0.21430914,0.18457404,-0.09055421,-0.20662212,0.4211946,-0.027940506,0.081508264,0.29616162,0.048431393,0.043880988,-0.08681108,-0.1835724,0.1556976,0.015942711,0.40200928,-0.029884301,0.2342286,-0.016255833,-0.06632355,0.07275699,-0.05186792,0.24066281,-0.12273732,0.050808117,-0.014629707,-0.15421203,0.008752313,0.14431152,0.047581546,0.27195534,0.06607368,0.031382035,0.20222208,0.032227512,-0.09068102
"(113.86471590612072, 22.64915720900235)",0.2262614,0.0020834822,0.053465348,0.10899196,0.20902443,-0.087396026,0.17672594,0.047209233,0.054273337,0.33439857,-0.0671613,0.152281,0.0006042868,-0.14394444,-0.09003089,0.042266835,0.01731731,0.1280534,0.03152496,0.3543484,0.115559466,-0.08151805,-0.069148764,0.013663709,0.03150725,0.032999318,-0.12230836,0.056795426,-0.3407895,0.12652771,0.13591166,0.044719458,0.2049303,0.09198376,0.25953248,-0.009248318,-0.18041629,0.028054968,0.14386548,0.12985593,-0.14750177,0.22680673,-0.15123177,-0.1022159,-0.071879014,-0.06714861,0.20455319,-0.0060103275,-0.1350818,-0.15747724,-0.019795373,0.06344269,0.011780184,-0.11797102,0.06911009,0.11418085,-0.037437886,-0.10303778,-0.058985222,-0.20356247,-0.16310494,-0.14115731,-0.12877667,0.07157776,0.017430652,-0.065113135,-0.10314438,-0.009197548,0.011342797,-0.23816852,0.15999824,0.020280326,0.07305287,0,-0.16170909,-0.031021472,0.23962009,-0.11301019,-0.26166883,0.20917323,-0.0011350699,-0.09202791,0.11632654,-0.2735539,0.0001296848,-0.057603166,0.13133612,-0.24800879,-0.10828357,-0.056609355,0,-0.009041496,-0.10124742,-0.06815552,0.10980133,-0.23168036,-0.08485204,-0.043057993,-0.10454885,-0.15654235,0.12200922,0.15825516,-0.07430859,0.24241419,0.2705587,0.09188098,0.20281434,0.34805858,0.314618,-0.14283606,0.0342197,-0.029249419,0.01855953,-0.19743627,-0.049214013,0.09306632,0.32713953,0.3096384,-0.08169913,-0.13937496,0.2386642,-0.02050067,0.20820962,0.14395583,-0.029516941,0.062677175,0.03926987,0.028249636,0.03303712,0.43071905,-0.34642106,-0.052950367,0.15096699,-0.08605347,-0.20265085,0.09551116,0.4206994,0.012204733,0.050575066,-0.06420304,0.23048201,-0.022449683,-0.11760691,0.0014903024,-0.11754655,-0.06315288,-0.10274834,0.22314793,0.23061295,0.295816,0.15946054,0.12454597,0.024910629,-0.054567814,0.15708733,-0.08403154,0.018420756,0.2221883,0.11848567,0.34964764,-0.21268028,0.08875054,-0.050132707,-0.25475404,0.09909807,-0.062578484,0.030768318,0.099513665,-0.04473178,-0.10839347,0.07041527,0.13473424,0.12099028,0.05505383,-0.12740909,0.047527447,0.2073743,0.12791587,0.03368304,-0.121046424,0.34137374,0.06503006,0.088001356,0.09161502,0.030596443,-0.16201021,0.14874712,0.053284504,0.12746298,0,-0.07920854,0.1839172,0.043903485,0.0003996793,0.11527837,-0.17451066,0.12771244,0.057073735,-0.007801164,0.028083876,-0.099962115,-0.14007998,-0.004178243,-0.1195959,-0.039404914,-0.017632678,-0.23500521,0.18553135,0.13819894,0.099908434,-0.14127149,0.08971215,-0.2199702,0.06607653,0.02858954,0.0051296502,0.010767339,0.1350249,0.06827632,-0.100666545,0.11634225,-0.03297057,0.4948954,-0.018973295,0.06240641,0.005162593,0.35751146,-0.08101642,0.015587278,-0.0068049207,-0.029812243,-0.2372764,0.15327,0.12373895,0.011048272,0.22833325,0.013337728,0.05214387,-0.15810181,0.14931342,0.005174987,-0.0996122,-0.032459125,0.06291595,-0.008287642,-0.08916562,-0.17214933,0.079879254,0.043102924,0.051491633,-0.110714845,-0.21315512,-0.23294397,0.17956564,-0.004568614,-0.06499043,0.09106495,0.30416068,-0.09494126,-0.13475597,-0.04234604,0.17739272,0.053328995,-0.043455906,-0.0090107955,0.02276123,0.023233473,0.17051949,-0.29069433,0,0.08681204,-0.07895819,-0.12982766,0.17060354,0.23578946,0.15553254,0.18241599,-0.06328206,-0.020853698,-0.20455071,0.10805058,0.15047735,0.090226874,-0.048317865,-0.13476574,0.18345524,0.10185437,-0.070253216,0.052027494,-0.038435534,0.05440722,0.009235606,-0.2208431,-0.124128364,0.17858896,-0.19458255,0.026430177,-0.15751687,-0.053059652,0.16925998,0.063641,0.2139377,0.051379763,0.07179192,0.12819137,-0.1262254,-0.007306557,0.14469971,0.017338831,0.28943112,-0.014578853,0.09832765,0.108281925,0.022856487,-0.2783352,0.055438437,-0.28812328,-0.022788592,0.036013808,-0.15738079,0.15310532,0.036019035,0.15222926,-0.18899415,0.23751482,0.27689686,-0.048096724,0.11401567,-0.058732383,0.22499916,-0.10928653,-0.079193816,-0.055780165,-0.10698308,0.18182224,-0.1980617,0.15732901,0.2360143,0.19460127,-0.08103819,0.18285209,0.11870585,0.1705038,-0.089254685,0.03543988,-0.02652616,0.004390884,0.08711319,-0.14631967,0.15238601,-0.05711557,0.1286579,0.111388445,0.07179266,-0.041036732,0.21835849,-0.07583132,-0.07343367,0.04633162,-0.21871889,0.12169703,0.008821035,-0.015438216,0.23820725,0.19536689,0.03257169,-0.102529444,0.16893767,-0.27229404,-0.2820306,-0.07154191,-0.074920855,0.0024282057,0.5028397,-0.2634015,-0.10206914,0.17703082,-0.094146416,-0.08155924,0.1707944,-0.077649966,0.040907327,-0.12962312,0.35559684,0.095859215,0.27164772,-0.039888866,-0.087443456,-0.1822398,0.19004792,0.15451464,-0.02437158,-0.026260957,-0.03406638,0.036726795,-0.024479672,0.24470596,0.037213705,0.18888576,-0.14306867,0.106821865,0.1907905,-0.03373321,0.05974134
"(113.86508764292545, 22.60666008484452)",0.13884036,-0.14937624,-0.101398386,0.09992202,0.37183258,0.2098637,0.24789019,0.1524739,0.33341196,0.265643,0.013908647,-0.17422801,-0.01323393,0.057102688,-0.07437913,-0.01735273,-0.1183361,-0.23109841,0.14959362,-0.052303877,0.16580313,-0.014775109,0.12398716,-0.25325236,-0.025867093,-0.07840949,-0.060126044,0.10351,-0.17198178,0.12890092,0.06513047,0.049737472,-0.02879209,0.21991022,0.083301105,0.034679756,-0.16388822,-0.026629746,0.04389436,-0.022730138,-0.13631505,-0.08190314,-0.07184063,-0.17880785,-0.021620046,-0.09647962,0.09677665,0.118322805,-0.07536537,-0.14716418,-0.052324176,0.07762087,-0.009546902,-0.04866384,0.17837113,-0.01907463,-0.10272171,-0.08448661,-0.030067638,-0.24739084,-0.2159324,-0.09583422,-0.084381536,0.2394871,0.08708148,-0.17861539,0.17506039,0.07214284,0.03350389,-0.14515093,-0.01848606,0.101683,0.06991257,0,-0.087482594,0.00037065148,0.17993821,0.10648986,-0.22183523,0.19774905,-0.0046087243,-0.095170684,-0.029980358,-0.08456333,-0.07930192,-0.0910671,0.046594232,-0.24861756,-0.13458869,0.11513028,0,0.032943085,-0.056593753,-0.33333877,-0.18840283,-0.13679942,0.007077017,0.04055287,-0.11366207,0.025439564,0.15846589,-0.026543252,-0.11008254,0.121732846,-0.026943736,0.07084126,0.009094998,0.30751124,0.0926292,0.05191983,0.036438335,-0.21214902,0.07657576,-0.0060561746,0.013730086,-0.09068131,0.31035495,0.20684797,0.10451903,0.008792266,0.25677884,0.09516858,0.15243924,0.21053621,0.13063286,0.16718051,-0.11251472,0.031806335,0.07999113,0.386535,-0.13831905,-0.10206853,0.19051094,0.011441246,0.113687396,0.13414931,0.23646706,-0.0961819,0.032102827,0.108627595,0.010867234,-0.03303847,-0.21755269,0.036840014,0.06929813,-0.28274578,-0.13760275,0.15115336,0.05781109,0.3704409,-0.13991499,0.012809046,0.04379768,-0.008518875,0.043650586,-0.2835506,-0.1622411,0.26022083,-0.0050182194,0.23891135,-0.2776731,0.081510365,0.3033886,0.086477146,0.32429746,0.09198734,0.07766032,0.08374724,0.06807615,0.012115026,-0.00018164329,0.049277253,-0.04596231,0.052577134,0.038949754,-0.035552397,0.09163654,0.07406131,-0.06637049,-0.025860414,0.023742182,0.10394942,0.0016686842,0.1106242,-0.12688607,-0.038238656,0.08540213,-0.05166991,-0.10727197,0,0.078599915,0.1930655,-0.014156504,-0.034624334,0.031655513,-0.17935924,-0.08171822,-0.10333272,-0.11471225,0.009620547,-0.04803464,0.059797198,0.06701891,-0.13262904,0.13764083,0.10047074,-0.033296272,0.057165653,0.10445886,-0.050511904,-0.15749662,0.16425426,-0.16251026,0.11001231,0.45459148,0.10636565,0.073379666,-0.022507675,0.048916273,-0.070764646,0.100581214,-0.119321235,0.1807883,-0.23789224,0.054841403,0.030329224,0.104338065,-0.019226069,0.04328224,-0.049325548,0.14783876,-0.070131995,-0.07953637,-0.020852843,-0.2351619,0.12408547,-0.054920387,0.086141005,-0.03970103,0.0581102,0.08017842,-0.10878847,-0.09618278,-0.10206209,-0.107338116,-0.12405232,-0.24010244,-0.038363095,0.024346888,-0.07557984,-0.04240247,-0.2497279,-0.0065350384,0.09022119,-0.07489487,-0.07258685,-0.024779327,0.20853375,0.043103747,0.11720941,-0.16838104,-0.036989726,0.20654154,-0.08709309,-0.047340672,-0.08084325,0.041561127,0.19830886,-0.094811454,0,-0.055984363,0.040898234,-0.19218914,0.26373717,0.037929244,0.111926034,0.12555435,-0.03405712,0.11865611,-0.05823977,0.21449259,0.28363308,0.011411365,-0.13235165,-0.18650024,-0.02439956,-0.033707995,-0.024796223,-0.13466969,0.07068429,0.03952425,-0.34446484,-0.020374484,0.34977216,-0.09587018,-0.07974,-0.06092108,-0.28360713,0.13855253,0.03627319,0.035062134,0.13180381,0.1845082,0.0003437996,0.2979823,0.0083914455,-0.16636501,0.06788206,0.25365838,0.0651981,0.01873722,-0.0032508336,0.12500757,0.06788366,-0.13219889,-0.15738967,-0.23750597,0.04003316,-0.085635975,-0.0798837,0.051755946,0.034213565,0.14437295,-0.25015202,-0.0041768327,0.3415042,0.0529337,0.21842325,0.13336723,0.079915315,-0.014703486,-0.18057473,0.12563811,-0.06444373,0.02989414,-0.0949658,0.10241065,0.031927746,0.05738736,-0.006993618,0.062018648,0.09751166,0.25050506,-0.1759213,0.27414393,-0.046987943,-0.044526834,0.2325066,-0.08836796,-0.04445808,-0.08682783,0.04267932,-0.14332297,0.3205459,-0.21100909,0.18429211,-0.13620913,-0.041203935,0.05301436,-0.15129149,0.17788641,-0.035545267,0.07050559,0.15074988,0.031131797,-0.13955458,-0.18253988,-0.059382547,-0.061972823,-0.20953326,0.18857521,-0.08994391,-0.21211943,0.41981414,-0.02021751,0.08916187,0.29858908,0.04835691,0.044058416,-0.08865121,-0.1902896,0.15453936,0.017113246,0.3979933,-0.032302395,0.23621605,-0.020280838,-0.06232501,0.06646156,-0.051025186,0.24038562,-0.12415338,0.053826302,-0.015965723,-0.1572496,0.004125447,0.13944082,0.042525895,0.2705994,0.06097218,0.03436127,0.19870886,0.034270428,-0.09580523
"(113.8652207510044, 22.58363263299925)",0.19526976,-0.04433164,-0.088850245,0.11610613,0.21470007,-0.06762755,0.30819058,0.09274003,0.0773229,0.30060494,-0.06504088,0.058361594,0.007648483,-0.03570112,-0.17023307,0.109913215,-0.030682907,-0.050843515,0.067232534,0.19425032,0.08158357,-0.05666574,0.12392614,0.014416009,0.009761635,-0.021610677,-0.09861884,0.11535359,-0.15558006,0.16937934,0.14835125,0.16582856,-0.14654969,0.19587511,0.26099554,-0.08189695,-0.10047955,0.083233066,0.099696144,0.07755663,-0.13981569,0.22508618,-0.011446625,-0.15633729,0.013100378,0.13753897,0.18123543,-0.045281727,0.031915374,-0.124698564,-0.092798606,0.08334439,-0.005447071,-0.13229388,0.14651251,0.25837097,-0.057654515,-0.12419935,-0.15447333,-0.20797709,-0.20158626,-0.12800427,-0.1072249,0.0730546,0.055518057,-0.110398866,0.10921622,-0.10423431,0.03160858,-0.21147299,0.08238075,0.052525274,-0.0027135909,0,-0.21153896,0.02427565,0.31241772,0.0942794,-0.12089074,0.19438654,-0.0058927424,-0.10273597,0.17163883,-0.17809518,-0.053262163,0.05210744,0.03284418,-0.20995978,0.044496946,-0.009893276,0,0.2180869,-0.055289626,0.09162236,0.03298512,-0.19355214,0.04958079,-0.03369479,-0.077558,-0.08828579,0.0345888,0.07448951,0.023727495,0.34871924,0.28303158,0.07956207,0.12282732,0.2668468,0.16466446,-0.07835364,0.1273291,-0.10803119,0.08197843,-0.14533925,0.10571987,0.048194677,0.34466457,0.29991737,0.0036812648,0.09859604,0.30651802,-0.052977398,0.17307287,0.090758614,0.12512407,0.09537971,-0.21754736,0.054986797,0.1049455,0.41801748,-0.26597685,-0.10632232,0.1882501,0.18582538,-0.017023563,-0.1250186,0.48169416,0.10094383,0.08066389,-0.0061340425,-0.021655,-0.11683732,0.019833326,0.088612415,0.12774517,0.13440397,-0.116309136,0.17475131,-0.07377521,0.3864755,0.13927178,0.109777324,0.019247696,-0.030855998,0.1514625,0.089253634,-0.027203396,0.35203302,0.27000895,0.34292954,-0.15102535,0.06643441,-0.03735037,-0.06726162,0.17787024,-0.054961853,-0.004041182,0.047879025,-0.0068313032,0.061858974,0.01985546,0.15615858,0.19358975,0.03628046,0.117902085,0.13766499,0.21806769,0.13347962,-0.10523077,0.048987694,0.25628775,0.1293031,0.021185722,0.13497987,-0.021439262,-0.11761527,0.14807342,0.015234331,-0.019844607,0,-0.046552822,0.28845543,-0.018685704,-0.053434517,0.13657188,-0.26685286,0.23534371,0.009848423,-0.18845433,0.15519464,-0.1825569,-0.082509995,-0.0011075499,-0.08007868,0.023868002,0.14279856,-0.07384099,0.18192138,0.02981516,-0.0024749627,-0.09606156,0.15584168,-0.10467826,0.06124489,0.10556648,0.12507358,0.07189582,0.10764022,0.013879277,-0.06041889,0.13081716,-0.08234199,0.38233846,-0.12087342,-0.058942135,0.079657584,0.13363072,-0.055629402,0.034602515,-0.06709313,0.19395779,-0.23144682,0.11633196,-0.04002974,-0.06833203,0.33583605,0.097189054,0.013186209,-0.17499442,0.16162589,0.11521865,-0.086121745,-0.026528312,-0.2660811,0.11694473,-0.0038032755,-0.16023177,0.12555264,0.03989938,0.16689733,-0.0007500872,-0.28502062,-0.13459702,0.17084762,0.16273707,-0.062096782,0.08098423,0.031047767,-0.04456331,0.05785174,-0.002649717,0.19369674,0.15507361,-0.019852556,-0.07646942,-0.09551253,-0.14589599,-0.0041550845,-0.31538078,0,0.03333886,-0.09407423,-0.12766567,0.24162203,0.16183597,0.1582133,0.19242847,0.17310756,0.029809467,0.03819358,0.120799705,0.21165323,0.0037306473,-0.23111397,-0.14571771,0.09213272,0.18177718,-0.052667845,0.15375121,-0.06357166,0.05035935,-0.05795881,-0.08522019,0.09460756,-0.014045678,-0.32407698,-0.06823595,-0.18312544,-0.096248716,0.1930665,0.13761812,0.3247684,0.20799087,0.067523986,-0.04056584,-0.10919428,-0.088566765,0.27187958,-0.020884294,0.027254842,0.079914704,-0.06207438,0.13768445,0.22432737,-0.1876054,-0.08902716,-0.22032586,0.14768279,0.05083279,-0.08648247,0.2253592,0.005613353,-0.019044872,-0.04669816,0.24529585,0.15928084,-0.015438087,0.08721785,0.098312035,0.25268206,-0.089709386,-0.044934362,-0.11029496,-0.08953065,0.15197325,-0.2340622,0.15343413,0.19853087,0.2670676,0.0020019636,0.11421878,0.20062724,0.09966356,-0.12498017,-0.02786693,-0.0018818602,0.026657406,0.076914236,-0.09723571,-0.04482794,-0.07478613,0.07716982,-0.045967698,0.19060454,-0.03921219,0.16526353,-0.12793243,0.15883636,-0.04507678,0.005875632,0.18684825,-0.03485679,-0.16961148,0.25716087,0.16143599,-0.11636728,-0.1620929,0.041612927,-0.17030464,-0.1715409,0.023357771,-0.0080320295,-0.035151865,0.3095026,-0.17084882,-0.050662532,0.11004995,-0.103290424,-0.01949225,0.13377033,-0.021509964,0.041647453,-0.24762058,0.09894791,0.20550852,0.19726859,-0.08200284,-0.11450445,0.18001947,0.11760086,0.17971468,-0.0019718856,0.01537554,0.07359415,-0.122741126,-0.07690463,0.20285213,0.060589284,0.18726173,0.08496695,0.11212589,0.34780765,-0.093422644,0.036406428
"(113.86607681218194, 22.64788435187328)",0.20820993,-0.012475615,0.01347946,0.101118915,0.18627742,-0.094472304,0.18859483,0.06933138,0.0735856,0.3127749,-0.026099231,0.14805967,-0.16266215,-0.1393381,-0.1259449,0.05468555,-0.015552491,0.10541213,0.03343352,0.29173192,0.07418775,-0.06710486,-0.065827414,0.014655694,0.051597875,0.022471763,-0.11644094,0.023767509,-0.37397176,0.12397029,0.117342144,0.028450236,0.14507812,0.07854558,0.24414405,-0.005581172,-0.19249886,-0.024584651,0.11392911,0.12877113,-0.12826794,0.25826252,-0.12921698,-0.12552907,-0.07501716,-0.028862102,0.20422384,0.0006907247,-0.11053586,-0.11838484,-0.058849484,0.07627925,0.00281737,-0.116121486,0.13793078,0.14734559,-0.03027469,-0.14529613,-0.027312132,-0.301569,-0.22944246,-0.14140864,-0.035407677,0.06613076,0.040413722,-0.09212225,-0.05064936,-0.011782654,0.04487623,-0.25009853,0.13991493,0.07536918,0.09247489,0,-0.16654435,-0.0811777,0.26405996,-0.08321483,-0.24949196,0.22111863,0.035717767,-0.088333584,0.15358403,-0.29865387,-0.031900253,-0.048300043,0.15985097,-0.26448342,-0.13628364,0.007113375,0,0.04301019,-0.11589467,-0.03449043,0.07446556,-0.27064198,-0.10456722,-0.028065845,-0.11481535,-0.072780415,0.10687919,0.11443681,-0.045787018,0.25588465,0.23275988,0.062631294,0.18713877,0.36356652,0.29396296,-0.08824815,0.0585769,-0.05970636,0.01999154,-0.17269969,-0.09427407,0.13964993,0.3408225,0.3389195,-0.058592808,-0.116060525,0.292912,0.0009411103,0.22142574,0.14841446,-0.004427394,0.10502899,-0.0004915856,0.03390147,0.031304233,0.46204317,-0.40072772,-0.11644865,0.17482418,-0.102658145,-0.17782003,0.071492195,0.45188397,0.017518725,0.040637434,-0.076768555,0.21554518,-0.013811212,-0.05608368,-0.016587622,-0.050367318,-0.14317171,-0.1274945,0.20594889,0.23417394,0.35535908,0.09860881,0.12684616,0.06779648,-0.02795671,0.24712145,-0.027613156,0.080699205,0.23901317,0.10338298,0.3471495,-0.2658467,0.12270665,-0.019346751,-0.25851715,0.13456172,-0.15246922,0.053734154,0.15935461,-0.12126385,-0.10565113,0.073816605,0.11324008,0.14385693,0.07360956,-0.11089897,0.041631386,0.22123356,0.13303986,0.006756969,-0.101787,0.35509622,0.06438016,0.08719756,0.12308585,0.06474086,-0.19579767,0.19385192,0.07656123,0.19046772,0,-0.061542805,0.13788149,0.06635672,-0.01069228,0.12368145,-0.11999151,0.1872115,0.07989506,0.04519848,0.01908528,-0.14124626,-0.12806511,0.0014119413,-0.17054923,-0.064165816,0.010758981,-0.17940302,0.16948879,0.17299032,0.09658703,-0.16951184,0.11430993,-0.18948318,0.09085372,0.04886792,0.0136498585,0.0486103,0.105158225,0.109226696,-0.11857095,0.08416827,0.0159655,0.5092595,-0.03589386,0.06404106,-0.012070373,0.35621762,-0.03865172,0.013996474,0.0001418665,-0.03232537,-0.19691789,0.10433933,0.08713237,0.0081205,0.21487014,0.016452547,0.042846754,-0.15941048,0.19009942,0.08675088,-0.09757455,-0.042952508,0.040741533,-0.0060727634,-0.013004251,-0.19876915,0.07730028,-0.020957433,0.10763104,-0.14542791,-0.20422181,-0.24652244,0.21212398,0.027133845,-0.060361594,0.07661123,0.28940502,-0.07392287,-0.1173063,-0.03393706,0.17964792,0.09291984,-0.023504242,-0.022745822,0.014416408,0.010105304,0.1558046,-0.2802383,0,0.073784254,-0.13557996,-0.17897107,0.21466106,0.14345962,0.18751687,0.15203023,0.036201756,-0.043983944,-0.21151972,0.11651766,0.16804844,0.109359466,-0.06601581,-0.14623186,0.18696174,0.10561705,-0.048713136,0.0769265,-0.030112525,0.05307198,0.0131924525,-0.12674838,-0.058968507,0.14750704,-0.23249537,-0.055485323,-0.17609441,-0.02004032,0.1503517,0.045571655,0.24040529,0.075202376,0.09365216,0.15118943,-0.102875486,0.0022531785,0.1418311,0.06778014,0.33267203,0.024494145,0.11874126,0.14230308,0.08036569,-0.3163194,0.027453788,-0.2940615,-0.029905789,0.059939425,-0.15893522,0.13913862,0.032105643,0.16158384,-0.19760633,0.21932477,0.2917278,-0.0075201914,0.10920529,-0.08394372,0.25293776,-0.1269805,-0.08082798,-0.09267884,-0.13186906,0.15766412,-0.19661888,0.17177561,0.24123995,0.19792345,-0.13622388,0.18060437,0.086273655,0.19300964,-0.11582287,0.07629834,-0.028866097,-0.017653536,0.06956466,-0.19037169,0.14046578,-0.09270032,0.09004186,0.11539352,0.08194638,-0.09973935,0.19051914,-0.08075152,-0.06020936,0.030748256,-0.22192468,0.09937994,0.0041174386,-0.050584987,0.23671678,0.20443267,0.07555504,-0.14199397,0.14410953,-0.2720308,-0.2838614,-0.004084684,-0.09864464,0.012453457,0.47558072,-0.31471172,-0.1279882,0.19601017,-0.09364274,-0.05711959,0.113570064,-0.07888101,0.089646906,-0.09053429,0.37658444,0.146792,0.23188743,-0.01451353,-0.1871024,-0.13389975,0.14652291,0.21625587,0.009262234,-0.039488807,-0.034090355,0.02324409,0.016190968,0.29676217,0.042023197,0.23697019,-0.08939372,0.08907282,0.19677666,-0.038837217,0.04094
"(113.8664964808644, 22.82438810881565)",-0.5818631,0.17631823,-0.22281182,-0.22563943,0.098584265,0.6462966,-0.49488616,0.09156512,0.22682777,0.023533024,-0.077245414,-0.47843727,-0.21611097,0.13517955,-0.3499822,-0.17606497,0.49117488,0.14849675,0.23993014,-0.124347165,0.162779,0.35469353,0.17664975,-0.19647792,0.01773597,0.012004033,0.4990309,0.1754066,0.14202225,-0.38146237,-0.026032086,-0.024007559,0.38187957,-0.09061556,0.08253907,-0.23688585,0.4495891,-0.2654398,-0.14824872,-0.5071761,-0.17563358,0.24449787,-0.28453374,-0.06960204,-0.12981874,0.2251785,0.006337285,-0.3371819,-0.2854561,0.40146208,0.048859626,0.13945828,0.02659576,0.070452705,-0.42418966,-0.24041674,-0.30003622,0.7017599,-0.04675196,-0.1960096,0.29596308,0.111845225,-0.016770754,-0.32337403,0.12905961,-0.36766592,0.22595827,-0.09348519,0.27636516,0.24856256,-0.18158776,0.2574168,0.009365208,0,-0.20423868,0.021268282,-0.4480972,-0.06475706,-0.08116096,-0.14807932,0.123508886,0.24931735,0.015533712,-0.16096707,-0.08410466,-0.2625505,-0.23409326,0.6211029,-0.30304188,-0.37475607,0,-0.0030689016,0.34755892,0.23051809,-0.2708842,0.9279107,0.22199705,0.0473233,0.297979,0.19123621,0.40404013,-0.10736839,0.21429063,-0.3994558,0.07647316,-0.15050183,0.22935379,0.040570483,-0.10397285,-0.06946652,0.5680474,-0.13479784,-0.3364574,-0.0011583604,-0.3966093,0.5384402,-0.57391924,0.00887281,-0.028977275,-0.16669533,0.6294203,0.25883093,-0.17412259,0.40618467,0.30763274,-0.35535464,-0.13593102,0.08713132,-0.06889551,-0.5712953,0.044419017,-0.23763242,0.42005032,0.19029403,0.093071595,-0.32361907,0.08174596,0.27639523,-0.4866381,0.16431488,0.2137638,0.11304906,0.34042022,-0.16763577,0.19462988,-0.29883188,0.2827453,-0.47565487,0.32574975,0.3073157,-0.40697014,0.007022612,0.40204996,0.0511439,0.4239651,0.05052649,-0.37716913,-0.015768655,0.23514962,-0.25166202,-0.3010343,0.75741184,-0.11447519,0.27009922,-0.06976426,0.48453727,0.20549095,-0.08291234,-0.11971901,-0.4871152,-0.060140394,-0.19919562,-0.7500162,-0.2622704,-0.033702843,-0.073249325,-0.02057229,0.041401315,-0.4350891,0.2269971,0.06875755,0.1806035,-0.097935684,-0.282433,0.29942793,-0.18828367,-0.23935068,-0.06356582,-0.053765617,0,-0.071214035,-0.5021377,0.42172518,0.5103171,0.122539006,0.041250184,-0.07644607,0.31892988,0.08847974,-0.0797445,0.40631127,0.20708187,-0.11688795,0.500331,0.13860783,0.018377438,0.22710712,-0.2234682,0.3785485,0.0066019017,0.41844046,-0.20387012,0.5463424,0.06333007,-0.26339898,-0.30830044,0.06849265,0.2574259,0.054812185,-0.47603968,-0.116942,-0.48750713,-0.013043987,0.27248502,0.24467073,-0.036353014,0.053853262,-0.009017123,0.24048287,0.120768666,0.44826543,-0.0034698742,-0.28122976,0.37960008,0.3909946,-0.13609554,-0.15135098,0.34719202,-0.6107614,0.066305004,-0.571369,-0.052846566,0.14613096,0.15683576,0.10070196,-0.24875328,-0.29693186,0.11164613,-0.1990332,-0.7445871,-0.24682468,-0.05694115,0.06241788,0.12960576,0.052291878,0.2716723,0.31571037,-0.2867577,-0.13089289,-0.20377317,-0.010032989,0.25381115,0.042995576,0.25128314,0.30076507,-0.11129317,0.5437912,-0.19675648,0.38790256,0,-0.11512944,-0.01929046,0.04172377,0.020825297,-0.04165612,0.014956869,-0.030080106,0.24277078,0.41242865,0.15732948,0.1681892,0.17104357,0.41334358,-0.043648615,0.8031858,-0.22634925,-0.545999,0.14785787,0.81911397,-0.06184347,-0.31812587,-0.26880294,-0.2990752,0.49990106,0.0071049854,0.42541006,0.6209076,-0.21502745,-0.074567854,0.33806545,0.073489115,-0.04546178,-0.11695497,0.14602713,0.3415072,0.010230316,-0.4359815,-0.006066572,-0.08098377,-0.4773955,-0.20506912,0.4691689,0.056714453,0.9350889,0.032508805,-0.26963884,0.36581105,-0.3544411,-0.64503556,-0.17255801,0.0066367537,-0.21072346,0.14009765,0.4073571,-0.108326934,0.063035086,0.42718866,0.15165418,-0.12880781,-0.28839546,0.37158403,0.64456314,-0.15556091,0.43143976,-0.49136245,-0.1005043,0.069396056,0.39666048,0.25054118,0.52666396,0.24625197,-0.017628381,-0.05344656,-0.024060598,-0.13419835,-0.10900204,-0.79021144,-0.023137335,-0.053499043,0.32741368,0.66294575,0.28405228,0.21448441,-0.29804975,-0.05875825,0.2849495,0.0844553,-0.017803486,-0.41797563,0.08684464,-0.6146734,0.14643659,-0.084741056,0.07586982,-0.6795435,0.4292021,-0.060642704,0.35821488,-0.04034688,-0.30135196,-0.445256,0.007511491,-0.18242201,-0.17353493,-0.0919001,-0.8315525,-0.2447977,0.30504045,0.26079163,0.49682257,0.33187923,0.14909057,0.041194625,0.01310393,-0.013094798,0.12910756,0.64784604,0.10561372,-0.11415759,-0.44289038,0.100496314,0.41355562,-0.58169836,-0.024949968,0.28726828,0.20388113,-0.18260717,0.958812,-0.20609826,0.65138584,0.060508642,-0.09976692,0.39190704,0.37005845
"(113.8666060935156, 22.57695460304035)",0.16362742,-0.1043016,-0.09023639,0.09310666,0.18917583,0.020230155,0.22384347,0.080800876,0.13150494,0.23367794,-0.04806453,-0.017432995,0.044938713,0.07901331,-0.14351235,0.048197474,-0.05239956,-0.0913449,0.1745511,0.14691314,0.20068613,0.0121062305,0.15130252,-0.03778988,0.0033557005,-0.038130596,-0.023242421,0.077885725,-0.06184308,0.10611643,0.12603225,0.08681399,-0.058256794,0.3062811,0.17705792,-0.03202121,-0.0655623,0.081901856,0.09391628,0.035853952,-0.15608037,0.076666065,-0.012146547,-0.08182528,-0.012176454,0.045185156,0.19660008,0.023547422,0.0033314154,-0.10822879,-0.05484429,0.04421772,0.035487283,-0.09994653,0.036656134,0.09510228,-0.11440538,-0.08840894,-0.1176811,-0.22731084,-0.21050578,-0.11699632,-0.10745835,0.16025575,0.06930266,-0.15654278,0.13295856,-0.022571485,0.015827678,-0.22293098,0.036725514,0.026760066,0.03531942,0,-0.14048745,0.03553805,0.24306004,0.09759595,-0.1392738,0.24277508,-0.0023427792,-0.08054893,0.08853285,-0.16950956,-0.06602074,-0.10334474,0.048606887,-0.17348495,-0.034491785,-0.025515504,0,0.10162579,-0.05346053,0.024353096,-0.014137205,0.026260916,0.025482327,-0.043001816,-0.09131991,-0.0077364556,0.19365966,0.08126303,0.027490873,0.2512719,0.16855197,0.06049183,0.07825341,0.24196383,0.12751834,-0.11065565,0.098803036,-0.16378127,0.059383698,-0.083594926,0.15696844,0.07547153,0.24619274,0.25134322,0.016117692,0.085823864,0.35333627,0.03963854,0.18666324,0.12719262,0.13304412,0.086384505,-0.20423445,0.03971592,0.12586915,0.3566208,-0.17783168,-0.0724673,0.23985757,0.21672374,0.03352098,0.008429034,0.3741104,0.102633715,-0.03782482,0.06367306,-0.031061687,-0.14069222,-0.041722447,0.04649336,0.121179156,-0.0055271685,-0.07082244,0.05286534,-0.028977834,0.40468788,-0.0022173636,0.07092708,0.03281352,-0.06238626,0.14037427,-0.051880375,-0.07643965,0.30159777,0.19888148,0.31377816,-0.20787007,0.1366186,0.04793465,-0.008290801,0.20498551,-0.006842127,0.036750555,0.027188793,0.030781195,0.0029131193,0.017383887,0.049981266,0.013323307,-0.009350792,-0.01087179,0.01926462,0.17735611,0.101881705,-0.105016865,-0.009084582,0.1785698,0.14603794,-0.032203145,0.10371995,-0.043166406,-0.17246309,0.10838753,-0.0020342302,-0.11730555,0,-0.057697628,0.2623297,0.027582558,-0.038594287,0.1062753,-0.2768196,0.11406313,9.171665e-06,-0.22630318,0.031996712,-0.058540866,-0.023319483,0.016789503,-0.018878294,0.04939165,0.14485388,-0.0674884,0.14395764,0.0926398,-0.02414287,-0.04335797,0.0247016,-0.08977026,0.088050455,0.13459575,0.05932412,0.043714203,0.1533472,-0.053923808,-0.054736055,0.10485321,-0.2021714,0.3536242,-0.16146344,-0.031134691,0.035015702,0.17387773,-0.033414885,0.029873423,-0.07808792,0.077960774,-0.21366398,0.09247,-0.025336923,-0.04250782,0.29236418,0.03802186,0.06931792,-0.1854025,0.2177797,0.013649374,-0.11234561,-0.05117482,-0.22557543,0.044966366,-0.042683356,-0.05529104,0.07343607,-0.001241006,-0.04040864,-0.050071232,-0.23162755,-0.10156514,0.11173342,0.086681604,-0.063879825,0.016460493,0.018859789,0.012842864,-0.031999476,0.010411911,0.11261072,0.18264256,-0.011415221,-0.0020082034,-0.07854302,-0.07983659,-0.05702579,-0.22000906,0,-0.025505826,-0.009936376,-0.12714827,0.22616541,0.06417857,0.12569652,0.17903732,0.20801546,0.11751785,-0.023888607,0.0695068,0.19892389,-0.018702768,-0.2481266,-0.05305255,0.051642403,0.12757504,-0.044812642,0.1265679,-0.052380227,0.0058554523,-0.13242057,-0.17117265,0.1235569,0.010496043,-0.2827664,0.026269393,-0.29554054,-0.029834347,0.126816,0.20186567,0.26918265,0.15135816,-0.061166674,-0.03454464,-0.017088937,-0.14903687,0.2402899,-0.007993337,-0.06361333,0.02540527,-0.028558355,0.13901429,0.25049552,-0.15057571,-0.1628148,-0.23218861,0.13358645,-0.030973215,-0.06508257,0.1887618,-0.0017093718,0.11545703,-0.086526975,0.11089138,0.14472365,0.07346704,0.1225926,0.0052761277,0.15568213,0.035568457,-0.023196457,-0.049603283,-0.06835297,0.037475444,-0.191616,0.15503852,0.14286688,0.193454,0.08316657,0.06220778,0.15219992,0.066043526,-0.12721726,0.060780838,-0.04461635,-0.085003674,0.11813976,-0.11722089,-0.0017174222,0.001511652,0.10072474,-0.12808198,0.16467592,-0.08439059,0.19757396,-0.120837085,0.008224617,-0.062997185,0.013347849,0.13088322,-0.05421575,-0.12589185,0.20589651,0.07994409,-0.053547397,-0.16301554,0.035250615,-0.19358164,-0.19191517,-0.022746779,-0.10231473,0.02082005,0.30802038,-0.12030577,-0.07163237,0.10445793,-0.07712369,0.028013024,0.14710839,0.01359449,0.07574411,-0.20190519,0.09408629,0.11373648,0.23692527,-0.016188808,-0.011589899,0.13380294,0.029427707,0.15608162,-0.039556205,-0.039723203,0.054743975,-0.029381387,-0.09222366,0.16875617,0.08965729,0.2176713,0.10519639,0.11926831,0.21116498,-0.04566937,-0.04346703
"(113.86660627648962, 22.58209847840902)",0.17281395,-0.08553851,-0.098663844,0.11297614,0.23533958,0.00702985,0.27584285,0.094399326,0.13178201,0.265004,-0.049591564,-0.016819444,0.04450375,0.035010874,-0.120348796,0.062533215,-0.061905056,-0.11903664,0.10179052,0.092163846,0.10587833,-0.023692966,0.14593571,-0.056774616,0.007821556,-0.05484555,-0.076966204,0.10047423,-0.074653104,0.15333861,0.13895401,0.12725307,-0.16636184,0.25052494,0.19739532,-0.017234595,-0.06374118,0.05368966,0.08857305,0.058797114,-0.098822825,0.08169874,-0.01556994,-0.107154444,0.034501202,0.06332106,0.14749882,0.0017623864,0.035846733,-0.12110275,-0.075018674,0.06785611,9.146705e-05,-0.06943488,0.13035664,0.17219584,-0.05627054,-0.1001228,-0.09906323,-0.19437441,-0.19916086,-0.11336152,-0.11039291,0.13837664,0.05539446,-0.117645405,0.15562741,-0.05270651,0.009150863,-0.18372539,0.02553431,0.05292607,0.011133298,0,-0.16807996,0.028721694,0.2729805,0.11445094,-0.10980487,0.19948918,-0.0032284148,-0.09977343,0.09751263,-0.13935393,-0.052358154,0.011922687,0.033648945,-0.21525362,0.018343728,-0.0042643175,0,0.15936902,-0.034888037,0.0053246114,-0.020437121,-0.12282953,0.037566658,-0.0035415739,-0.08110135,-0.04181334,0.08421841,0.040521346,-0.0037854947,0.27533585,0.1578603,0.09527965,0.06720587,0.23328534,0.12509021,-0.037141994,0.08908772,-0.14915209,0.072843514,-0.06311617,0.14470956,0.024794914,0.31345943,0.26272103,0.041969404,0.12045072,0.29172474,0.019014353,0.17701998,0.10908611,0.10652504,0.09963715,-0.21145943,0.045201965,0.12764098,0.3631568,-0.16693202,-0.068030134,0.17813994,0.18289126,0.0327155,-0.037655607,0.35507718,0.08838987,0.075738706,0.06374239,-0.0638061,-0.11559504,-0.03588648,0.104532085,0.12702852,0.054029077,-0.099389724,0.09431408,-0.09946571,0.36467302,0.067623064,0.059490487,0.0011392832,-0.043659106,0.10695195,-0.011416744,-0.06388129,0.29798576,0.21621114,0.317066,-0.146542,0.0630956,0.07377007,0.023423892,0.21114028,0.018267201,-0.01260403,0.0737703,0.038558617,0.05362241,0.017474724,0.1184404,0.1228285,0.028721876,0.07775208,0.06604088,0.16897057,0.095585786,-0.10051228,0.052545264,0.14813821,0.11645415,-0.008049127,0.1350824,-0.052796446,-0.095522285,0.1112814,-0.009583658,-0.088571206,0,-0.02125567,0.25629288,-0.011498908,-0.05672502,0.07009729,-0.23438028,0.13615038,-0.008349352,-0.20906815,0.095502205,-0.13607413,-0.03217098,0.02207874,-0.05364622,0.03217157,0.12791216,-0.03185083,0.1509018,0.040388986,-0.023785003,-0.06086871,0.11565613,-0.090326115,0.09566791,0.22675946,0.14429113,0.06746447,0.07801335,-0.011301734,-0.0578679,0.098371044,-0.112911575,0.3072845,-0.14643678,-0.0477657,0.08861975,0.073436126,-0.04497075,0.02214045,-0.06587369,0.15345085,-0.1658322,0.05132104,-0.05711721,-0.11265529,0.25095212,0.061434384,0.017841369,-0.12807454,0.15183726,0.097617276,-0.08970473,-0.035606325,-0.25134015,0.0496515,-0.012717105,-0.15007423,0.085694656,0.021191448,0.09871426,-0.0043027177,-0.24358335,-0.084769145,0.13197607,0.11006719,-0.054428123,0.052321002,0.03552393,0.017370537,0.06641311,-0.029076137,0.11323521,0.1785631,-0.0290917,-0.056215484,-0.077484325,-0.13583872,0.009083867,-0.214486,0,-0.00042884797,-0.008605404,-0.10946476,0.23116836,0.095919654,0.12574834,0.19728017,0.13960673,0.067238085,0.011991497,0.104009606,0.19564916,-0.023651198,-0.21836239,-0.15867236,0.048897274,0.1354571,-0.04374294,0.07435539,-0.030669807,0.045486037,-0.14105132,-0.055156857,0.17156163,-0.060957097,-0.24667874,-0.03146392,-0.22872229,-0.04952286,0.12934388,0.13458395,0.27275506,0.1976279,-0.0043774247,0.0062341476,-0.029541465,-0.11077343,0.19985294,0.046109978,-0.047475196,0.042684402,-0.09041184,0.14207219,0.1937226,-0.11824049,-0.14508826,-0.18901166,0.16909158,0.012974057,-0.05046887,0.14730743,0.014862319,0.029599417,-0.08282093,0.13787296,0.15441084,0.049529217,0.10559021,0.08610934,0.18313396,-0.03215048,-0.042659655,-0.053234406,-0.07462425,0.10206454,-0.17086866,0.13307764,0.1350608,0.18797725,0.010387376,0.06881892,0.16375792,0.08933783,-0.122322455,0.040556535,-0.013465181,0.007407058,0.13446468,-0.08061931,-0.058509648,-0.073780864,0.07376829,-0.114575356,0.19257212,-0.06827105,0.13059765,-0.13306971,0.094736286,-0.004855953,-0.008279741,0.1778059,-0.030774733,-0.11134717,0.21196464,0.1117973,-0.13908632,-0.16448456,-0.018435385,-0.13270625,-0.16371767,0.04028485,-0.041015603,-0.05552931,0.30122092,-0.10319423,-0.0052371174,0.15466131,-0.043163728,0.0056719966,0.07878891,-0.0442438,0.07899299,-0.19234046,0.10304177,0.15763597,0.19728078,-0.04989388,-0.074672416,0.19437307,0.04882558,0.17885381,-0.05368302,0.024777636,0.064921275,-0.11747461,-0.08876044,0.18933491,0.037071504,0.2097151,0.095271036,0.10604307,0.27877128,-0.057335265,-0.027965449
"(113.86697319387758, 22.570723230717675)",0.1911766,-0.12826112,-0.07106459,0.09893749,0.24438979,0.07428278,0.22343211,0.078131706,0.13336566,0.24687321,-0.050757956,-0.028897058,0.16635513,0.11467897,-0.12470851,0.050602075,-0.042706296,-0.07779918,0.22926216,0.24591546,0.2345131,-0.016992696,0.12598816,-0.018743083,0.012030978,0.01890852,-0.04562191,0.10853521,-0.08050415,0.08910285,0.09553507,0.0801736,0.117639,0.3010422,0.15104207,-0.093891315,-0.13963601,0.12870625,0.071801886,-0.006979145,-0.26441765,0.0680253,-0.027902573,-0.085434325,-0.05340395,0.009197945,0.21796441,0.032498356,-0.02449222,-0.120826766,-0.03128001,0.06050668,0.039933555,-0.13860396,-0.115773715,0.011929829,-0.17990896,-0.044447877,-0.15964925,-0.1871483,-0.21858802,-0.12724033,-0.15043983,0.16499136,0.08837241,-0.1805785,0.059120707,0.03882588,0.022744693,-0.27432787,0.057847194,0.018909628,0.044652633,0,-0.13823245,0.049058694,0.2325214,0.11247387,-0.15427141,0.2505898,0.026531648,-0.059057817,0.11042333,-0.2320892,-0.05033477,-0.12091064,0.041835576,-0.2082046,-0.06633369,0.0077647343,0,-0.018199645,-0.11888441,-0.0016097333,-0.021859303,0.111095965,0.02655084,-0.06745531,-0.05572287,-0.04275134,0.3088549,0.075359635,0.06904568,0.24275692,0.23012902,0.015773267,0.09886091,0.30001432,0.13042806,-0.16757363,0.044744838,-0.13650045,0.0480491,-0.09623181,0.18179768,0.045052223,0.24841587,0.29310426,0.01828701,0.018007565,0.33976,0.023287142,0.18268043,0.20273827,0.1268462,0.05847183,-0.15476997,0.032026157,0.14073032,0.38562316,-0.23556411,-0.09115091,0.18513809,0.220447,0.01328937,0.089207195,0.40347868,0.0707922,-0.109671235,0.029642036,0.039549876,-0.13973944,-0.061529055,-0.024411969,0.03138896,-0.035418168,-0.08557302,0.108404905,0.0438025,0.40136042,0.019822229,0.12731549,0.008452088,-0.043790862,0.09507853,-0.112081125,-0.0581242,0.288913,0.2011424,0.3387035,-0.25624657,0.17329326,0.013924807,-0.040239286,0.18809626,0.030738274,0.051981404,-0.01612617,0.04611604,-0.007580092,0.010945002,0.024680762,-0.14127511,-0.018853292,-0.14362198,0.01255497,0.19294013,0.10496067,-0.06290776,-0.04979194,0.17150064,0.18709928,-0.012296449,0.15609027,-0.072449155,-0.23232579,0.0977807,-0.01848173,-0.14990567,0,-0.04293289,0.3296236,-0.0014027487,-0.033289354,0.109213196,-0.28818056,0.070158556,-0.0038797334,-0.22520557,-0.044464253,-0.029762464,-0.036032706,0.019977583,-0.021113014,0.07654077,0.12572838,-0.14908381,0.12663062,0.124055825,0.015057163,-0.12262981,-0.03209863,-0.11857237,0.06975734,0.05651412,-0.046493888,0.021868324,0.18154281,-0.12294989,-0.009936318,0.1460677,-0.2928476,0.36273623,-0.1513013,-0.05754296,-0.018626451,0.28269294,-0.07154354,0.0720158,-0.075411074,0.030831102,-0.2732421,0.18480015,0.04739193,-0.0060970634,0.3567596,0.006523136,0.07979432,-0.22727823,0.23574194,-0.07297895,-0.14401427,-0.048663214,-0.19748406,0.026063468,-0.11230192,-0.04185088,0.035903554,-0.010249965,-0.18986584,-0.06704881,-0.29019743,-0.16136728,0.09982749,0.03294062,-0.10416628,-0.0041064993,0.07121225,-0.049702942,-0.12719586,0.027566917,0.085660286,0.16279468,-0.030797012,-0.019502375,-0.059947897,-0.06837697,-0.092810005,-0.27884516,0,0.0018198416,-0.02320393,-0.18026446,0.16359615,0.083663136,0.17745498,0.17651737,0.1754433,0.2002188,-0.08411801,0.06883343,0.20329045,0.015767634,-0.2441147,-0.014364686,0.027791698,0.1042124,-0.050420642,0.059992984,-0.034280315,-0.044943206,-0.14988193,-0.32077363,0.04872148,0.1360389,-0.29529396,-0.011986731,-0.32818267,-0.027862685,0.12843972,0.20817739,0.26752555,0.1253015,-0.032328606,-0.021495998,-0.088574424,-0.16010249,0.23087761,-0.025033023,-0.052836813,-0.016427424,0.07155673,0.13266626,0.23858269,-0.1208273,-0.16327366,-0.32741225,0.083738655,-0.025851581,-0.08319054,0.1585514,-0.0060974173,0.22014742,-0.12317834,0.13348466,0.19669217,0.059339993,0.11549631,-0.017660903,0.18721798,0.015171003,-0.051588938,-0.02736494,-0.050128035,0.046654124,-0.21598125,0.17530285,0.17466591,0.19733757,0.12390657,0.06427313,0.15941027,0.07738762,-0.1419394,0.043248966,-0.047630504,-0.15041758,0.14163624,-0.13710353,0.0009196587,0.06398219,0.10423149,-0.14759731,0.18185154,-0.07202279,0.30372083,-0.11490621,-0.08608253,-0.13115591,0.0034280568,0.16798902,-0.11400225,-0.08656189,0.18532923,0.057348043,-0.06551732,-0.119004674,0.0826087,-0.22132605,-0.2329113,-0.044149406,-0.121176,0.014297305,0.37439117,-0.121801265,-0.10522984,0.07457809,-0.07817571,-0.004787814,0.20435,0.022889506,0.043271374,-0.22830635,0.17658448,0.04266257,0.28394485,-0.015632011,0.07450062,0.07164344,0.030265428,0.16907421,-0.10542849,-0.04938008,0.0073640794,0.086457156,-0.11418738,0.13665776,0.104530975,0.24251774,0.045637134,0.067863345,0.19893059,-0.019170146,-0.041176386
"(113.86729765106408, 22.567862534060417)",0.1877478,-0.16333356,-0.05465658,0.09835097,0.29133373,0.17597929,0.14892106,0.064072594,0.17356655,0.20139326,-0.033817735,-0.08180717,0.29949805,0.21395889,-0.052387208,-0.014915768,-0.05439128,-0.11792097,0.2971802,0.20937888,0.24590978,-0.018583585,0.10221361,-0.051064506,0.019077908,0.02867511,-0.048649408,0.099839844,0.024590056,0.03081885,0.050236773,0.03806156,0.23492715,0.31455,0.042158883,-0.076493934,-0.12242932,0.123417124,0.0029396378,-0.05228208,-0.28596464,-0.07814001,-0.06302735,-0.0057493374,-0.054807715,-0.11675122,0.17384002,0.07140781,-0.053545438,-0.12323117,0.0045865774,0.060925893,0.04445337,-0.065720245,-0.29047588,-0.15501782,-0.19511428,0.052946232,-0.115404725,-0.099534206,-0.19649829,-0.10844263,-0.16598198,0.22152866,0.086621314,-0.18179631,0.019140795,0.1468711,0.00078608096,-0.27702639,-0.008390345,0.034824274,0.06495556,0,-0.09310753,0.048338775,0.16270377,0.14331833,-0.12943672,0.22847551,0.08607058,-0.019153893,0.07142754,-0.2495883,-0.0118736215,-0.13991478,0.02561538,-0.24688375,-0.120430775,0.04232917,0,-0.19213676,-0.13762331,-0.07824867,-0.063497856,0.24376982,-0.00348173,-0.028750584,0.0039787088,-0.022568744,0.43441132,0.026270859,0.08362459,0.122916,0.10270059,-0.004471466,0.07343769,0.29423743,0.06818158,-0.16120258,-0.07579272,-0.13992305,0.04003551,0.0077188686,0.23876941,0.013472148,0.21605949,0.28294584,0.044527955,-0.015875764,0.2815234,0.100764655,0.17367162,0.28067192,0.07254291,0.02668193,-0.083327815,0.014434554,0.17839476,0.3235536,-0.173371,-0.050155714,0.083429545,0.19925314,0.02811367,0.2489644,0.25152993,0.039109524,-0.13520664,0.069445826,0.061851937,-0.1210545,-0.07948728,-0.06226132,-0.065741636,-0.15805635,-0.07634137,0.042564325,0.09588662,0.3416829,0.0077909417,0.118783064,-0.024063185,-0.036069155,0.017667804,-0.21447492,-0.022800818,0.1706492,0.16010359,0.31818753,-0.2686515,0.21475655,0.09141104,0.017374631,0.18768339,0.14023846,0.050673053,0.011748984,0.08900587,-0.037350252,0.013461174,-0.013033571,-0.35035917,-0.01260785,-0.32465607,-0.065940134,0.14175548,0.041641068,-0.004936017,-0.085941195,0.05672156,0.18179172,-0.0058430694,0.20833884,-0.090221874,-0.27675816,0.039922386,-0.045805328,-0.21710932,0,-0.0012903325,0.31646276,-0.012052631,-0.019738385,0.019176543,-0.1848118,-0.064483926,-0.0053544864,-0.214596,-0.20755827,0.03581047,-0.0029844642,0.04262845,-0.011102321,0.09484282,0.07762854,-0.14148276,0.09745498,0.15359887,0.05049131,-0.13433148,-0.11553455,-0.081773624,0.10176318,0.109002925,-0.12869339,-0.0053189266,0.15792145,-0.22321975,0.026112944,0.120123714,-0.36033085,0.26379943,-0.10845357,-0.06581378,-0.029438972,0.28763303,-0.08792896,0.11112382,-0.06337484,-0.07366726,-0.22999515,0.1950429,0.083224975,-0.008194521,0.2876137,-0.061110873,0.07355943,-0.2027985,0.24368477,-0.15493047,-0.1790242,-0.029019458,-0.13030149,-0.058107797,-0.121329986,-0.027921349,-0.023114365,-0.043533288,-0.3548236,-0.09556674,-0.27021036,-0.15572654,0.039274186,-0.074554406,-0.11419398,-0.02394218,0.10391883,-0.026272789,-0.21840486,0.02706059,-0.00021157414,0.15808246,-0.048451923,-0.007539857,-0.012110185,-0.06636369,-0.11289397,-0.1948568,0,0.016252317,0.0747144,-0.16609198,0.03701368,0.035194203,0.1664598,0.18043248,0.099420965,0.30596212,-0.18722826,0.0255351,0.14444804,0.017547607,-0.2007092,-0.0018279292,-0.03810413,0.034835592,-0.036028024,-0.09298608,0.0076102484,-0.11045573,-0.21760707,-0.41126645,0.064118564,0.20062807,-0.18530771,-0.005048124,-0.36184144,0.018254368,0.047010735,0.2005882,0.19505748,0.08160631,-0.06050071,0.040328123,-0.054294944,-0.17232914,0.115418896,0.045125324,-0.10546769,-0.08020172,0.15649779,0.12523498,0.17596956,0.030376807,-0.21343243,-0.34322762,0.056391567,-0.03143424,-0.058404006,0.0054311156,-0.006660834,0.36257666,-0.15957353,0.04490892,0.21003261,0.13471624,0.089346245,-0.072345465,0.13006648,0.027101617,-0.037358046,0.03289608,-0.005758485,0.019061863,-0.13735196,0.17130587,0.12753017,0.103302635,0.13036948,0.03291715,0.10971586,0.06968617,-0.12272519,0.09114243,-0.046797648,-0.21695274,0.21577539,-0.13577966,0.0014965422,0.13086946,0.11058034,-0.2026031,0.15386412,-0.0617724,0.31815886,-0.09202221,-0.2561599,-0.13569885,-0.04244849,0.18076429,-0.14281736,0.014646141,0.092299215,-0.02835945,-0.10309328,-0.049824916,0.0664199,-0.17998497,-0.24687688,-0.048539884,-0.15554105,-0.010456242,0.39572957,-0.042912103,-0.11161961,0.10371637,0.022650074,-0.010440256,0.18970713,-0.004456509,0.06759022,-0.17002425,0.25972494,-0.05549857,0.30295962,0.045628197,0.1770798,0.02158466,-0.065125346,0.18243298,-0.20216358,-0.054693297,-0.0706639,0.23009396,-0.12956023,0.10633907,0.0902514,0.26913625,-0.009493988,0.010630127,0.08360596,0.041233636,-0.121604264
"(113.86819554021528, 22.780329450472056)",0.05519239,-0.030242322,-0.06496531,-0.064953536,0.112681895,0.17622863,-0.2507338,0.03713661,0.064596266,0.06400041,-0.007972278,-0.11303276,-0.061948903,0.13552529,-0.26924425,0.05376857,0.16558994,0.12473429,0.26043332,0.18795018,0.079850055,-0.026044946,0.044403493,0.18357873,0.12555343,0.15974303,0.105387844,-0.019886002,-0.0024646185,-0.1875566,-0.032626662,0.04217977,0.5634577,0.041975953,0.0767101,-0.29196826,0.06267119,-0.08534546,-0.24040033,-0.13353577,-0.3041243,0.33090696,-0.18753316,-0.10681988,-0.1383197,0.11631057,0.12635353,-0.13225158,-0.16980344,0.16176145,-0.012151957,0.16961882,0.023547288,-0.03903158,-0.4691753,-0.20694098,-0.24920338,0.29623777,-0.1533711,-0.11617934,-0.04159547,-0.023525205,0.08531201,-0.07162966,0.16354102,-0.3413039,-0.00858821,0.07652393,0.19582467,-0.31666276,-0.0020200089,0.1811623,0.09365919,0,-0.12855466,-0.039578717,0.08123875,0.1328755,-0.056577057,-0.021313705,0.21656664,0.16126727,0.2699671,-0.42014247,0.0065520965,-0.1375126,-0.10522446,0.03958229,-0.15110111,0.005057268,0,-0.17439833,-0.044834204,0.3125475,-0.03423982,0.49785668,-0.009728926,0.04773818,0.23023348,0.09086548,0.44179025,-0.015304916,0.18984395,-0.02359207,0.17594974,-0.16098976,0.21641701,0.29056656,0.02715867,-0.17199817,0.10133991,0.0071104467,-0.028060012,0.049707625,-0.11637015,0.3443069,-0.1427191,0.28371075,-0.12959203,-0.17627315,0.3886726,0.085291244,-0.027981553,0.2857061,0.1108586,-0.09984742,-0.03715318,0.059969462,0.083185084,0.10991047,-0.3774779,-0.26251757,0.20065321,0.09715936,-0.012514889,-0.023368808,0.4228251,0.17743935,-0.28616002,-0.07655784,0.3409312,0.015003854,0.36401188,-0.21237272,-0.102007754,-0.1590132,-0.006048182,0.00230195,0.37301004,0.32753596,-0.020795595,0.18085644,0.37487638,0.14993666,0.44354004,0.14424472,0.11554475,0.13586944,0.17973483,0.14237295,-0.24531019,0.56227255,-0.08270918,-0.12484996,0.023809537,0.015987055,0.27912346,-0.009081379,-0.021630183,-0.2647194,0.057759628,-0.1434169,-0.47681913,-0.13671874,-0.4351303,0.105643764,0.15481447,0.04751746,-0.04823006,-0.110458575,0.25799376,0.13719255,0.104508206,0.18128361,0.2609234,-0.46546313,-0.054895796,0.092394695,-0.01059448,0,-0.040806007,0.08194352,0.17538789,0.16333815,0.20916769,0.12714398,0.19954158,0.22272617,0.17284569,-0.24387684,0.09713665,-0.110865474,-0.063243024,0.12075141,0.127734,0.074226156,-0.044789,0.02027969,0.3094438,0.22725014,-0.03820625,-0.1754696,0.14384064,0.08310802,-0.29199645,-0.37483668,0.030601656,0.19370505,-0.25035077,-0.13517486,0.058584705,-0.33135653,0.39993793,0.21948767,-0.0132035725,-0.13373297,0.3794152,0.08761287,0.2085801,0.08952365,0.021469433,-0.17749247,0.18823169,0.37605885,0.33143753,0.14238305,-0.04790135,0.14783779,-0.48600286,0.44926295,-0.08685238,-0.096040204,0.12289782,0.055519328,0.1663076,-0.078646876,-0.10422273,0.070702836,-0.20621574,-0.48482615,-0.27402514,-0.30826563,-0.2699148,0.115032874,-0.021505244,0.014198221,0.1936568,-0.12008527,-0.1475774,-0.44602972,0.13329175,0.27676266,-0.014721539,0.078815445,0.06509741,-0.03587725,0.10936649,-0.33307573,-0.19127071,0,0.19396436,-0.13584028,-0.24187484,-0.10331336,0.047793552,0.20169103,0.10274299,0.2959433,0.29075137,-0.1986244,-0.01635154,0.080528416,0.2654412,-0.11851555,0.31355497,0.029732533,-0.16803525,0.111640885,0.20854558,-0.09165399,-0.25995207,-0.11497438,-0.55722004,0.11342648,0.4155927,-0.08778662,0.08387916,-0.2417869,-0.03936948,0.1980816,0.17283274,0.058631882,-0.0014096498,0.22714719,-0.0008020095,-0.20682944,-0.17361926,0.122918665,-0.09413229,-0.08013731,-0.04699863,0.5897481,0.05538266,0.544024,0.041377977,-0.16487601,-0.092451245,-0.22125256,-0.09811582,-0.23106697,0.0077288523,-0.123420835,0.3629603,0.1683361,0.070740975,0.15938555,0.34179562,-0.16299215,-0.21304074,0.1549866,-0.07378955,0.24204312,-0.15106505,0.036733337,-0.18800466,-0.15972912,0.21912625,0.36213776,0.29217875,0.16349404,0.2326656,0.012366658,0.008308992,0.038512453,-0.07710387,-0.030022442,-0.5678145,-0.027759869,-0.2362059,0.09416315,0.36146984,0.11424278,0.17942578,-0.06951791,0.00579115,0.44019884,0.017742619,-0.24457927,-0.32859635,-0.11817564,-0.09467419,-0.06435876,-0.10802196,0.084272884,-0.160703,0.12598895,0.05817692,0.41623583,-0.26077476,-0.34447613,-0.3311506,-0.06323623,0.1470845,0.2115356,-0.2924566,-0.62795705,-0.14074048,0.10258247,0.035864163,0.43982285,0.22056703,0.08294669,-0.14429227,0.31517276,0.04432273,0.17595102,0.34160373,0.11401147,0.01687175,-0.1465347,0.10557508,0.11381765,-0.2696275,-0.08931567,0.4848951,0.16100444,0.13670112,0.49467236,0.068960525,0.21495652,-0.055512395,0.08715502,0.04137846,0.17114547
"(113.86897970571516, 22.596003920271976)",0.17333499,-0.12884009,-0.11160662,0.11432693,0.33321387,0.11053479,0.3079462,0.13794656,0.23426105,0.29934663,-0.017041467,-0.105526716,-0.015224293,0.022224657,-0.10727486,0.042161334,-0.10515328,-0.18691537,0.1079769,0.022651378,0.11443616,-0.03549755,0.12781706,-0.1633068,0.0026649944,-0.06628227,-0.100460194,0.111232586,-0.18414375,0.1798047,0.10888547,0.09561016,-0.118231654,0.22311458,0.16355348,0.008675417,-0.15927759,0.0038439333,0.074154064,0.026951581,-0.120461576,0.021611772,-0.048898533,-0.18331274,0.0064858496,-0.0022028368,0.13146615,0.061501008,-0.010682255,-0.14292559,-0.084869,0.08550412,-0.019221436,-0.07737099,0.21273744,0.11444314,-0.08204387,-0.123419635,-0.059937675,-0.25869176,-0.24371785,-0.11867191,-0.09291993,0.18539993,0.080183044,-0.15503478,0.17848162,0.0018020906,0.027504258,-0.18077274,0.015827902,0.090758026,0.040366057,0,-0.15493596,0.0047185607,0.26571354,0.11677074,-0.17772917,0.21129236,-0.0062468834,-0.119515225,0.04040807,-0.12713155,-0.078099325,-0.021280564,0.0522701,-0.2705003,-0.057629377,0.07811175,0,0.11974289,-0.06668397,-0.189249,-0.120415054,-0.20874465,0.024211038,0.02503714,-0.11324755,-0.023885723,0.09747608,-0.0083782,-0.07376991,0.24039589,0.09365839,0.08344567,0.03275431,0.30053696,0.13069679,0.02764447,0.07305477,-0.18686183,0.07277594,-0.04807041,0.05369789,-0.048081562,0.3608381,0.26519194,0.086153634,0.06420389,0.28604978,0.039394315,0.17655486,0.16426048,0.12027376,0.15077397,-0.1751538,0.039908037,0.10260884,0.42575315,-0.19360878,-0.11482123,0.18759626,0.06813854,0.07392847,0.037146933,0.33852872,-0.018030558,0.06943005,0.06433255,-0.027007818,-0.06836471,-0.14903787,0.078033604,0.10488704,-0.11218247,-0.14762285,0.17113933,-0.030696161,0.39564592,-0.027254175,0.046194673,0.009489641,-0.009409592,0.09194583,-0.1603917,-0.11364427,0.3101614,0.10268212,0.30296934,-0.22971916,0.047860444,0.2061094,0.046384197,0.2847469,0.029414857,0.024294062,0.09682526,0.036515996,0.050712347,0.003901085,0.104597546,0.08665888,0.052229136,0.09044915,0.030698087,0.15294969,0.09668896,-0.09195865,0.029368617,0.09132761,0.11808003,0.003345091,0.14339785,-0.10109381,-0.053179976,0.12112983,-0.03401605,-0.083248705,0,0.042331796,0.24117783,-0.029596528,-0.0639014,0.05358524,-0.22617583,0.04859753,-0.060305186,-0.15457527,0.08670195,-0.13371035,0.0040358305,0.04552096,-0.11852446,0.08125943,0.110179946,-0.052407816,0.105041385,0.073428534,-0.044555016,-0.15358327,0.1746438,-0.1642772,0.1108137,0.37114468,0.15337744,0.084633686,0.0039234087,0.04767754,-0.07157392,0.10748638,-0.096965395,0.26893085,-0.21518323,-0.007893991,0.0574653,0.09597519,-0.027888374,0.020530231,-0.057020582,0.18727273,-0.12792243,-0.026366355,-0.040098533,-0.19969621,0.19753681,0.008907106,0.039355643,-0.07667525,0.09209866,0.12861058,-0.09693233,-0.076099366,-0.19950937,-0.026890356,-0.078627124,-0.24482752,0.017708309,0.02215841,0.05292484,-0.017970733,-0.28131327,-0.06760694,0.13735992,0.02888912,-0.081160806,0.012676962,0.15499179,0.013913855,0.121136405,-0.12339166,0.038196586,0.20093077,-0.07422095,-0.08518425,-0.09050537,-0.059909105,0.13998309,-0.18724604,0,-0.026257962,-0.018646857,-0.1880864,0.2853419,0.07649373,0.15134451,0.16108845,0.041534204,0.06771462,-0.016177021,0.18987283,0.2690221,0.0012170225,-0.18104756,-0.21698235,0.022235446,0.0600732,-0.03956317,-0.04844466,0.03634724,0.06305924,-0.2600568,-0.0009415522,0.27987576,-0.093483835,-0.18942195,-0.09399506,-0.26415667,0.045918852,0.09317635,0.057928465,0.2238968,0.21268505,0.028743938,0.18398796,-0.03546028,-0.134991,0.1328589,0.17270963,0.044525526,0.03246483,-0.066541485,0.14445037,0.12694903,-0.16342373,-0.14528452,-0.23412848,0.10654703,-0.023026992,-0.0747956,0.10754611,0.034944452,0.07367323,-0.20258209,0.08798895,0.2940245,0.040176786,0.17015639,0.13943453,0.17540559,-0.05861256,-0.14683256,0.034054227,-0.089871734,0.088562764,-0.15965933,0.12191463,0.099260576,0.13668442,-0.02829017,0.07737046,0.14233008,0.19695215,-0.17357574,0.15956607,-0.026102066,0.008262102,0.19307332,-0.0935297,-0.07427843,-0.12887476,0.03691813,-0.12385893,0.29337603,-0.15973583,0.16505788,-0.15563414,0.06359349,0.033056892,-0.10619804,0.20829079,-0.043935806,-0.027264262,0.20350239,0.10292579,-0.16350578,-0.19951671,-0.045817275,-0.10422118,-0.20694907,0.14591983,-0.058669455,-0.16115463,0.40090194,-0.089738354,0.061524138,0.2533939,-0.008561898,0.009514827,-0.032792922,-0.12110117,0.1176433,-0.09423723,0.28941885,0.078773856,0.21991043,-0.059041493,-0.11734567,0.15148778,0.019875374,0.23833299,-0.10337741,0.053555742,0.033763394,-0.1822134,-0.041357927,0.19224371,0.025031606,0.26427278,0.07518686,0.059589986,0.2886208,-0.019772582,-0.03893549
"(113.8696357794324, 22.570684903183608)",0.16686764,-0.1435436,-0.066859156,0.07818046,0.24801388,0.12716849,0.1588809,0.07898542,0.16737628,0.22626038,-0.03931955,-0.09051789,0.12572432,0.1255525,-0.1078663,0.021963377,-0.043057933,-0.090024404,0.23125769,0.1718437,0.24025458,0.0053500813,0.11843159,-0.06534915,0.024410214,0.0033741891,-0.019434817,0.07855436,-0.07730591,0.071024224,0.08967146,0.03810157,0.15314713,0.3040846,0.12645212,-0.045027733,-0.11316652,0.06588594,0.059949975,-0.013148524,-0.22283599,0.0094788745,-0.064394414,-0.07756885,-0.05415594,-0.037660412,0.19495845,0.056051563,-0.053960383,-0.09643592,-0.018016607,0.05758053,0.040463902,-0.09475733,-0.09731535,-0.05285741,-0.17985393,-0.021583594,-0.105095655,-0.20482168,-0.20511685,-0.11383467,-0.12978277,0.185728,0.09415278,-0.20388123,0.08626619,0.06727579,0.025119733,-0.2583731,0.033433996,0.028346116,0.0673295,0,-0.10978865,0.03596047,0.20157947,0.09378462,-0.17075263,0.2377421,0.02326579,-0.053661972,0.05362023,-0.22100438,-0.052587222,-0.17218015,0.0460791,-0.18809089,-0.10527996,-0.0022309795,0,-0.059190206,-0.09351785,-0.07019683,-0.05892857,0.144273,0.0041736187,-0.035318747,-0.059769325,-0.009972211,0.33158228,0.059123628,0.019448671,0.1767405,0.14905156,0.024547309,0.0738121,0.2896732,0.13166256,-0.13268602,0.046644345,-0.15149735,0.025484525,-0.047891393,0.13237816,0.06027782,0.19664805,0.26330477,0.020152204,-0.007809121,0.34211016,0.07221967,0.17194623,0.2094648,0.10472477,0.0575615,-0.12558651,0.028034624,0.13043427,0.3408417,-0.19427419,-0.08594597,0.21360797,0.15653276,0.03099025,0.1359785,0.33659637,0.05892008,-0.12243278,0.060711555,0.062096972,-0.111031726,-0.101855874,-0.02382622,0.013161249,-0.11395192,-0.07037764,0.06731306,0.07981999,0.38657928,-0.048872273,0.08755263,0.041450605,-0.03538862,0.11855087,-0.18946306,-0.094714046,0.254173,0.1303441,0.30482465,-0.25848565,0.19104102,0.09798815,-0.007089842,0.19953838,0.061128855,0.07500997,0.008331135,0.06733854,-0.05455146,0.01763119,-0.013941633,-0.16782844,-0.03736879,-0.17011401,-0.028224923,0.1608798,0.085891165,-0.05970574,-0.0639931,0.12502865,0.1623834,-0.01920161,0.13379806,-0.059671126,-0.2150878,0.06697889,-0.01930098,-0.16030774,0,-0.03224673,0.26772848,0.031354494,-0.016255794,0.08578528,-0.24521053,0.016384408,0.0032730326,-0.17819025,-0.07120757,0.010276673,-0.017346531,0.025419617,0.0064662155,0.082580276,0.09587133,-0.13170455,0.09520748,0.15810919,0.014052235,-0.092681706,-0.053422667,-0.12507893,0.09619952,0.12914637,-0.03971821,0.02134703,0.15549514,-0.108816005,-0.044858515,0.1168749,-0.29245836,0.34985957,-0.14629507,-0.02064031,-0.029065147,0.2630825,-0.038508825,0.05274401,-0.051754735,0.0135873,-0.21690886,0.11425464,0.08125497,-0.0133942515,0.25569725,-0.02377497,0.100246,-0.21138819,0.23498741,-0.066982545,-0.13012187,-0.05068049,-0.13450886,-0.013907317,-0.14099142,-0.064540684,0.010723222,-0.030107431,-0.2405227,-0.0952545,-0.26289585,-0.14088498,0.09060505,-0.014612153,-0.08684059,-0.0012302548,0.096543536,-0.019690841,-0.13541311,-0.008140333,0.054581128,0.15307157,-0.03464842,0.006463226,-0.04594175,-0.0107124,-0.053110674,-0.20381738,0,-0.008096404,0.010493847,-0.18526793,0.17224723,0.055298716,0.15637721,0.17161742,0.1308056,0.19395548,-0.11567935,0.07080619,0.19971347,0.028318156,-0.20601267,-0.009830769,0.02479235,0.0377176,-0.033681903,0.025841817,-0.013023784,-0.04004538,-0.21115236,-0.29644144,0.10840006,0.116789855,-0.21611571,0.040165067,-0.3512911,0.010719938,0.10219042,0.18359712,0.20072924,0.101006836,-0.055456802,0.046962656,-0.046026736,-0.17200427,0.16901681,0.022951689,-0.06310225,-0.049141955,0.08516659,0.12540029,0.22790028,-0.11340861,-0.17679325,-0.277151,0.05454904,-0.07483405,-0.089448616,0.114468366,-0.0013284571,0.2509948,-0.14900489,0.054232575,0.22020471,0.11782158,0.1219355,-0.03719306,0.13953653,0.045189407,-0.043488458,0.011259325,-0.05053766,-0.010158129,-0.17762488,0.16048516,0.15548056,0.15534875,0.117041096,0.06580459,0.11904233,0.08505761,-0.12741119,0.095654115,-0.060937263,-0.18546192,0.16127975,-0.13788107,0.018106166,0.060245495,0.10249521,-0.13384247,0.16640505,-0.103140645,0.29296023,-0.11383537,-0.12728494,-0.08979101,-0.055176795,0.12786834,-0.08918493,-0.041192815,0.16812405,0.027431361,-0.045794487,-0.12589833,0.084481746,-0.21841004,-0.25728616,-0.0643624,-0.13931493,0.008393088,0.38837543,-0.118562765,-0.11150417,0.10718337,-0.0337586,0.012978721,0.17645824,0.020750891,0.07541467,-0.16731265,0.22393894,0.011403888,0.28065768,0.030788846,0.07613282,0.049261108,-0.004395851,0.15583631,-0.107519574,-0.062183157,0.0044813305,0.08482509,-0.079559274,0.14454675,0.12366776,0.23952463,0.05934548,0.065738514,0.1543271,0.008217555,-0.038695917
"(113.86973956917684, 22.58406375327326)",0.18064198,-0.13817151,-0.116576135,0.11985148,0.33397257,0.11482184,0.29751033,0.118490145,0.19157617,0.29263467,-0.038235936,-0.12649211,0.076960444,0.062703684,-0.076979764,0.044489782,-0.09898898,-0.19605097,0.10174605,0.005076904,0.07877297,-0.040128198,0.1383464,-0.13777815,0.028680395,-0.06594929,-0.12023335,0.11443517,-0.09899931,0.19267976,0.12883425,0.10794967,-0.15604863,0.2465627,0.16572997,0.024722533,-0.10989588,0.0065754056,0.06782676,0.03654752,-0.07910324,-0.021925442,-0.053212985,-0.13516806,0.05089815,-0.0015710872,0.1117561,0.039138224,0.034522407,-0.13240169,-0.08399567,0.089671016,-0.03023092,-0.029450372,0.16807187,0.11985092,-0.06803212,-0.086708985,-0.04339404,-0.19717306,-0.22745793,-0.115296185,-0.11929837,0.18136255,0.0712927,-0.1332072,0.19500454,0.0013209097,0.0017007887,-0.18066515,-0.00885959,0.08274902,0.020829186,0,-0.17531918,0.025094423,0.28324252,0.14512837,-0.117537916,0.19158894,0.0054347627,-0.11973139,0.036247555,-0.13371903,-0.05391008,0.024273649,0.032158308,-0.2851675,-0.005873956,0.044291522,0,0.098729484,-0.05272381,-0.14258246,-0.10579986,-0.17699848,0.034717333,0.050941825,-0.07835076,-0.048595127,0.10191247,-0.032402307,-0.064849496,0.2477753,0.08674517,0.102796,0.014731824,0.25991398,0.11969753,0.037469022,0.046836745,-0.17586519,0.055337884,0.004949756,0.122207694,-0.04239472,0.35611808,0.27818742,0.09758917,0.10869841,0.26122707,0.054667804,0.17688164,0.15893081,0.07645979,0.1114057,-0.19241408,0.037232738,0.14356324,0.3763236,-0.14064875,-0.08101461,0.13880096,0.10774287,0.07683402,0.043786436,0.2857687,0.033602472,0.10030642,0.08227677,-0.07374327,-0.080407724,-0.1290032,0.12217263,0.08885406,-0.020087875,-0.13356574,0.12481755,-0.11341334,0.3573223,0.040039647,0.036745183,-0.038597688,-0.00929974,0.06893101,-0.14811158,-0.10170977,0.27249184,0.15171179,0.32042378,-0.15868768,0.021936849,0.21253775,0.09989375,0.25662684,0.08754969,-0.031086119,0.11901891,0.07401736,0.0691565,0.0057514403,0.12309116,0.09197256,0.038396165,0.06090481,0.035498984,0.14979143,0.069012776,-0.08976736,0.079812415,0.034288332,0.114645,-0.004284356,0.18189351,-0.10295794,-0.04491214,0.08728908,-0.047558405,-0.13773374,0,0.044366788,0.2534253,-0.043979518,-0.07740887,-0.0008876845,-0.20731547,0.04960522,-0.034297146,-0.1925521,0.08063745,-0.14951071,-0.004243031,0.043603417,-0.061779,0.0517402,0.08480734,-0.039840028,0.11084761,0.051928498,-0.035030134,-0.11929749,0.13561039,-0.138226,0.1376355,0.38639686,0.1828571,0.08044642,-0.0032737926,-0.0062152073,-0.0628214,0.08883761,-0.1207126,0.25114802,-0.17904395,-0.05908856,0.09227002,0.033830006,-0.03529703,0.0076923296,-0.04854896,0.18843146,-0.11815082,-0.020508358,-0.0335266,-0.19830546,0.16686478,0.023438673,-0.0020270124,-0.071467236,0.100407235,0.1263944,-0.087825604,-0.046455115,-0.24445619,-0.017511863,-0.06984447,-0.25215673,0.026267964,0.008256268,0.06241487,0.0044532716,-0.2799622,-0.081236914,0.13117222,0.048908062,-0.076228134,0.03943813,0.111959115,0.02593173,0.10888616,-0.10998915,0.029401489,0.18953301,-0.076108895,-0.10385448,-0.074326985,-0.13395756,0.09685068,-0.16960874,0,-0.0035054684,0.024194675,-0.15707144,0.24305612,0.07840404,0.15508261,0.20002684,0.032006297,0.079309516,-0.01492935,0.14818299,0.2206702,-0.016957395,-0.18637064,-0.24257852,0.009906247,0.07394554,-0.038417354,-0.07626639,0.04149521,0.057964835,-0.2660237,-0.0010509491,0.27731752,-0.10063229,-0.17285809,-0.075818375,-0.26578096,-0.0020570774,0.09037767,0.06265324,0.23050079,0.2138929,0.016479194,0.13624635,-0.026058288,-0.12393266,0.09540668,0.15919042,-0.057161056,-0.010096934,-0.1121629,0.14829242,0.1359136,-0.07963832,-0.17576748,-0.18593287,0.16210249,-0.0051733963,-0.04138209,0.051783256,0.039586607,0.06830037,-0.174447,0.071721114,0.24923664,0.09501151,0.11925462,0.13884562,0.18847346,-0.06205361,-0.097023465,0.013658993,-0.07735118,0.09926241,-0.14713487,0.11659919,0.109591454,0.12906444,-0.028862003,0.058946647,0.14431469,0.13411374,-0.14675449,0.09600413,-0.008073404,0.022830684,0.21666072,-0.07016801,-0.115439296,-0.13347669,0.03441413,-0.15143657,0.25632727,-0.10987928,0.13370383,-0.16595075,0.07622565,0.04516501,-0.095000416,0.22974142,-0.047164895,-0.03400041,0.18987705,0.09808703,-0.22781898,-0.17981663,-0.06578778,-0.09258196,-0.20241188,0.09712344,-0.0427405,-0.14932,0.37594193,-0.070791505,0.05972244,0.24030468,0.023806069,-0.010742422,-0.0110772215,-0.082261994,0.10380323,-0.14247128,0.21542495,0.1070548,0.20907311,-0.048297934,-0.09149518,0.22125798,0.014743767,0.2218042,-0.146503,0.063053116,0.05101581,-0.15773964,-0.08885478,0.20534235,0.005147429,0.25359064,0.07967341,0.057749983,0.296588,-0.021478198,-0.030520618
"(113.87151691668778, 22.63721363870613)",0.11757246,0.039251134,-0.11631973,0.13051815,0.12729955,-0.15835458,0.2516998,0.08945416,0.06683344,0.31401438,-0.0335841,0.114323944,-0.34388953,-0.13678354,-0.17909425,0.008756336,-0.07270554,-0.020369284,-0.100631684,-0.055069577,-0.082257666,-0.04650285,0.014485847,-0.035287306,0.015126463,-0.12329598,-0.13343579,0.011487697,-0.20989408,0.18438178,0.1770152,0.120019756,-0.4464211,0.049680144,0.27362812,0.1079309,0.029944584,-0.09762947,0.10090299,0.16378891,0.17956942,0.22365168,-0.080622196,-0.097151354,0.100366466,0.041155286,0.08514608,-0.08168991,0.022920959,-0.14605744,-0.19604954,0.078854844,-0.10118073,0.06340605,0.48854092,0.4005243,0.14998525,-0.18355599,0.104541585,-0.28223902,-0.2042817,-0.11082924,0.07529421,0.049409494,-0.030186757,0.07305807,0.15977313,-0.1551845,-0.00085888803,-0.08145438,0.004241653,0.17393827,0.0005997792,0,-0.30074513,-0.067906484,0.28776672,-0.019183472,-0.13977544,0.1542305,0.02631883,-0.13105172,0.13502792,-0.110737815,-0.040017243,0.19908494,0.10913026,-0.2663997,0.005365327,-0.029318258,0,0.35591397,0.041928094,0.026037464,0.041855417,-0.56851315,-0.046366517,0.09952496,-0.10806989,-0.011332672,-0.25211585,0.0010861158,-0.106208935,0.28986627,0.004084766,0.160667,0.13282672,0.18641241,0.19985315,0.12526308,0.097449936,-0.1747823,0.06748373,-0.064320944,-0.06383968,0.15849483,0.4949932,0.29359767,0.020371549,0.14286672,0.26140618,0.07673328,0.21927167,0.04785286,0.01248684,0.13639572,-0.17128178,0.05179858,0.04107561,0.36064726,-0.18640275,-0.057230517,0.16461779,-0.032295585,-0.057956755,-0.1453769,0.25202158,0.07969807,0.3297065,-0.009946773,-0.13481182,0.007276172,0.059626773,0.26254368,0.1933462,-0.031490132,-0.12952273,0.069307104,-0.09062307,0.35445553,0.19440497,-0.010878101,-0.0011037737,-0.064437106,0.26235306,0.19164872,0.106429115,0.18601647,0.21683294,0.29519773,-0.116172984,-0.03513801,0.10659998,-0.039187726,0.21071184,-0.14362668,-0.09011719,0.33225048,-0.18589298,0.046380512,0.053890295,0.31716248,0.4849929,0.15521231,0.2270265,0.08278869,0.17139308,0.055491436,-0.12373345,0.14324024,0.25628275,-0.014099456,0.066336796,0.08805509,0.07953382,-0.02052128,0.182576,0.053689167,0.20985927,0,0.00068944506,-0.02978589,0.06353602,-0.058287684,-0.028513953,-0.030415187,0.25461787,0.054933183,-0.06425589,0.20694849,-0.26920122,-0.030789077,-0.0007292252,-0.18634827,-0.13666727,0.078516915,0.08195715,0.2263177,0.028068013,-0.011343805,-0.038065612,0.33534595,0.024035402,0.18699376,0.3142016,0.31572735,0.13521305,-0.026344113,0.20831001,-0.19365677,-0.045841914,0.24311069,0.29836637,-0.038067613,0.024876226,0.2586047,-0.019918766,0.023320694,-0.047720708,-0.02544675,0.19855507,-0.058281023,-0.14901449,-0.17678683,-0.19397116,0.06217511,0.09794028,-0.09735397,0.026916966,0.04827282,0.27665967,-0.05396349,-0.023248492,-0.18097158,0.017031085,0.2467668,-0.35517716,0.1677165,-0.024571039,0.5559404,-0.023926646,-0.08265996,-0.08900763,0.2292523,0.18528965,0.050241746,0.1423867,0.074667186,0.08156969,0.203228,-0.122749984,0.1834048,0.20270443,0.0005139336,-0.08357887,-0.097003296,-0.18647093,0.26960808,-0.09304088,0,0.028401747,-0.030232122,0.009398852,0.27541196,0.07927945,0.100917496,0.14455988,0.09026213,-0.19447821,-0.027323585,0.13437372,0.114602365,-0.0032778457,-0.10569283,-0.33465442,0.12110262,0.20804162,-0.038696844,0.11311433,-0.022659166,0.10524479,0.05225806,0.3121299,0.2573806,-0.2626155,-0.17620873,-0.06528209,-0.051203445,-0.033803344,0.13984907,-0.030785887,0.33414644,0.20111682,0.12665735,0.16524242,0.054758936,0.030628163,0.062436778,0.22533052,0.22395882,0.12103653,-0.20049554,0.17547345,0.1001077,-0.22756633,-0.017499842,-0.037340254,0.14513263,0.11086705,-0.03207943,0.06967415,0.038882505,-0.13255131,-0.069441356,0.17067742,0.17240015,0.07433478,0.08109172,0.067104265,0.20621973,-0.18682,0.058010586,-0.19853202,-0.090928346,0.24787721,-0.13379407,0.13105942,0.14290556,0.14584497,-0.29498664,0.15584227,0.08859912,0.16873817,-0.0969832,0.05770497,0.048894435,0.27378064,0.10337515,-0.11151518,0.029806849,-0.25822553,0.04667249,0.09819588,0.07978089,-0.06816537,-0.13065857,-0.13051014,0.22732963,0.19288298,-0.2137544,0.10182352,0.13293609,-0.1453868,0.22319338,0.21287423,-0.084369436,-0.23247355,-0.05645779,-0.060680676,-0.16907185,0.17628148,-0.019591903,-0.12714985,0.26073608,-0.18457371,-0.015890568,0.3223735,-0.0034212433,0.0028837807,-0.13298416,-0.12209274,0.16396144,-0.048447758,0.13711837,0.3275397,0.14361636,-0.024456732,-0.47099066,0.13388109,0.048115358,0.3070326,0.07624741,0.018944994,0.043289363,-0.25767985,-0.0007930761,0.3947367,-0.014192073,0.1857746,0.07442625,0.1631526,0.27065438,-0.091865204,0.013098068
"(113.87175880965312, 22.617240540672668)",0.13715908,-0.019435225,-0.025093198,0.15906087,0.2763376,0.04885928,0.282647,0.07364392,0.18509619,0.29785746,-0.041845966,0.096167475,0.17093974,0.024256982,-0.010786615,-0.0739343,-0.05539623,-0.066095226,0.110510394,0.19086939,0.1415695,-0.025021395,0.0062538646,-0.12723564,-0.059170205,-0.058544803,-0.12084738,0.14193413,-0.10771693,0.1082219,0.09644273,0.06414604,-0.060819086,0.14531738,0.10129081,0.04278718,-0.1208595,0.116606645,0.11052881,0.030834235,-0.11944423,-0.028486036,-0.06495051,0.016539246,0.0017690882,-0.16757013,0.12976171,0.040219452,-0.058596358,-0.2306396,-0.037979603,0.0284151,-0.0013107024,-0.0269939,0.026288562,0.07199569,0.0057581933,-0.037311487,-0.02526117,-0.10299633,-0.15709466,-0.11239846,-0.16406678,0.17646259,-0.026854958,0.046722434,-0.039978534,0.047874857,-0.05576047,-0.08658934,0.0036692172,0.063337445,0.022177376,0,-0.15799707,0.010779742,0.12239678,-0.0053262413,-0.17788236,0.22475898,0.044834968,-0.08546973,0.047708493,-0.11745982,0.008017879,0.04083754,0.10291934,-0.2976332,-0.109008454,0.008294284,0,-0.010750838,-0.07571172,-0.17919172,0.005258035,-0.19925529,-0.020002943,-0.015166432,-0.07588076,-0.104145825,0.12076199,0.05182422,-0.004719522,0.15434703,0.0515278,0.09997542,0.118008286,0.24833122,0.12712799,-0.064221546,-0.07849737,-0.13956258,0.06245611,-0.09776162,0.15243495,-0.039677203,0.4243126,0.24560773,0.07078775,0.020024057,0.1716532,0.0811211,0.23361515,0.21628897,0.018089676,0.06765854,-0.02656613,0.013344312,0.09446936,0.34002483,-0.11934689,0.046293773,-0.007355078,0.07835691,-0.07754035,0.17536761,0.14230877,-0.037813414,0.11741072,0.052348264,-0.020635622,-0.05748638,-0.1456961,0.06457921,-0.010606818,-0.17669696,-0.09411242,0.082409516,0.055071935,0.26773036,0.14389372,0.0771726,-0.16788988,-0.11636178,-0.07565676,-0.12948236,0.02166991,0.10467581,0.17730439,0.3046428,-0.23231348,0.02257409,0.050438717,-0.02456979,0.18405339,0.09928248,-0.08541383,0.14832003,-0.056308508,0.026986683,0.011065153,0.21451207,-0.03674888,0.14916438,-0.06497185,-0.07198796,0.12451908,0.040799785,-0.009013668,-0.007403806,0.12150082,0.103055336,0.025555406,0.103245065,-0.10031753,-0.090404585,0.1314606,-0.051748224,-0.0016528964,0,0.012926597,0.16297889,-0.032328606,-0.01931159,-0.06433225,-0.15392914,-0.06892639,-0.036790945,-0.21257845,-0.05462058,-0.0739253,0.028698549,0.050362613,-0.16823342,-0.016701475,0.03186281,-0.0796587,0.18017715,0.0424299,-0.006045861,-0.1269431,0.12275637,-0.058365915,0.10138844,0.226192,0.05693066,0.017668253,0.07309807,0.016447686,-0.017502539,0.06107368,-0.062405534,0.14263587,-0.09546077,0.021662135,0.124081425,0.17087364,-0.15755476,0.0790428,-0.091926225,-0.0023378246,-0.17398348,0.08047423,-0.10446018,-0.17527671,0.24232565,-0.036118325,-0.0010090321,-0.002106145,-0.0040225014,-0.10929886,-0.17044914,-0.05196113,-0.0760137,-0.12182939,0.033641487,-0.15037288,0.035717458,0.06495425,0.046162024,-0.0144541785,-0.11803691,-0.06934972,0.08237891,-0.023760863,-0.065828666,7.934123e-05,0.23751216,0.011981353,0.026048727,-0.065635584,0.015444092,0.19823089,-0.05210583,-0.02698632,-0.0074509047,-0.08349565,0.19290757,-0.10118879,0,-0.029015347,0.09956329,0.012088331,0.09022625,0.10888349,0.092529625,0.14195621,-0.07586256,0.11975638,-0.12897918,0.11366017,0.12368906,-0.026154518,-0.09565002,-0.1685432,-0.010099697,0.13679685,-0.09133845,-0.074287266,0.029456878,0.001301516,-0.04627371,-0.09402631,0.054300677,-0.012038462,-0.10174172,-0.03448133,-0.15527086,0.018551035,0.04554709,0.07311774,0.2597854,0.09804437,-0.013509586,0.19621396,0.01813185,-0.05997936,0.055137273,0.1666057,0.14658687,0.0033469535,-0.042353768,0.14286996,-0.053792957,-0.062284887,-0.0534221,-0.30316406,0.094222635,0.05128957,-0.0069731176,0.0043280795,0.039870564,0.15911141,-0.20363635,0.15826541,0.21880147,-0.056844927,0.19770975,0.020011341,0.10537711,-0.047520433,-0.06593464,0.001546517,0.011794658,0.23391086,-0.095141314,0.12354675,0.059495863,0.042362474,-0.05800563,0.055068083,0.11579173,0.174472,-0.15482505,0.118318394,-0.0025655702,0.0987045,0.2294488,-0.06376302,0.08461662,-0.030758448,0.12787874,-0.11722517,0.13103464,-0.046438344,0.066562116,-0.067978464,-0.096671976,0.04560671,-0.095152184,0.18621677,-0.026749587,0.045684785,0.11448174,0.05448527,-0.09621559,-0.08941172,-0.06799771,-0.048168924,-0.14839067,0.15985823,-0.086309575,-0.17584687,0.38019106,0.01899021,0.06962167,0.26748675,0.0185293,-0.028174516,-0.0124141835,-0.21963787,0.090149924,-0.053223513,0.263307,0.0201548,0.2650699,-0.057108678,-0.05956696,-0.1139112,0.0046203053,0.26822978,-0.13819721,0.015885666,-0.10542498,0.006909035,-0.1401666,0.1346527,-0.057454422,0.24394873,-0.122821435,0.08003706,0.08023876,0.04871719,-0.17037517
"(113.87248137090953, 22.566453908787675)",0.10705797,-0.15353668,-0.07888338,0.031869784,0.24250142,0.28165838,-0.010863207,0.053076096,0.15916497,0.19040716,-0.059537955,-0.13782808,0.2454102,0.262901,-0.19856465,-0.073686406,0.034512833,-0.031052612,0.43695205,0.31312975,0.41919518,0.038287602,0.08970804,-0.02234897,0.0024189167,0.07181899,0.07053355,0.0891689,-0.0074256025,-0.101065874,0.0059601814,-0.010731041,0.49736762,0.32948032,0.033223335,-0.18580474,-0.10265342,0.1510454,-0.047078986,-0.17818528,-0.43880755,0.021586277,-0.14234567,-0.032986786,-0.1801723,-0.13244434,0.26149136,0.030347269,-0.2001261,-0.09351209,0.0022432357,0.05605174,0.070092835,-0.12802823,-0.50121737,-0.3061094,-0.34571326,0.18276194,-0.14672722,-0.17342865,-0.17444104,-0.111502014,-0.15099323,0.18253721,0.11655179,-0.2812789,-0.040927425,0.17528966,0.055381685,-0.33859086,-0.007581942,0.054644756,0.09018399,0,-0.14971422,0.061721627,0.049284447,0.09076207,-0.23245043,0.2691648,0.115696564,0.043142244,0.081150055,-0.34342563,-0.042686347,-0.34515113,-0.008820213,-0.12441807,-0.27834362,-0.032090418,0,-0.2900331,-0.14725167,-0.046327166,-0.096058495,0.5239677,0.007890039,-0.07255818,0.04624293,0.0071489997,0.62573135,0.071898006,0.13867752,0.035392024,0.14079766,-0.1121794,0.16333412,0.34866932,0.06354699,-0.31323734,-0.0070345895,-0.19026504,-0.011677571,-0.06882355,0.13685015,0.15865667,0.10073222,0.28410283,-0.033031255,-0.14584516,0.46233165,0.14037387,0.14466687,0.387439,0.16709754,-0.053772807,-0.07004142,0.012059785,0.13422033,0.2823507,-0.24951467,-0.12562491,0.236353,0.20754763,0.029413536,0.25444075,0.32339442,0.049142953,-0.37287745,0.017188719,0.15829837,-0.11777593,-0.035232544,-0.17741206,-0.08458378,-0.33093727,-0.028576503,-0.016372994,0.31778055,0.47697985,-0.10622819,0.15607408,0.082307205,-0.04112251,0.14624596,-0.2612504,-0.07321465,0.16949385,0.17145139,0.2757712,-0.4555486,0.4393653,0.016717076,-0.048404302,0.16729102,0.13049921,0.17712584,-0.0805078,0.015114322,-0.18590237,-0.0093380455,-0.09211548,-0.6314107,-0.0898681,-0.47542864,-0.12646821,0.17148794,0.044891518,-0.07713392,-0.18090805,0.15959795,0.25735646,-0.022164755,0.106556684,-0.024963863,-0.45289543,-0.00080204755,-0.047831737,-0.24507025,0,-0.05599373,0.25609815,0.089911364,0.07918669,0.101304315,-0.25235203,-0.11120804,0.026837535,-0.2230611,-0.31611815,0.20466048,0.024621509,-0.0044040927,0.06919788,0.17660694,0.101999715,-0.22987767,0.078780696,0.2892705,0.05484534,-0.11693482,-0.23723567,-0.010959953,0.09290229,-0.11995058,-0.3465116,-0.04097405,0.30696413,-0.2903643,-0.052181765,0.1259874,-0.5591048,0.33711419,-0.07730064,-0.012565609,-0.100250155,0.5168699,-0.06268742,0.16728568,-0.07685252,-0.08317937,-0.37299234,0.23678672,0.20013288,0.17285489,0.36174333,-0.13422853,0.19254228,-0.3852842,0.32398185,-0.39052707,-0.250641,-0.03638242,-0.06940417,-0.04280055,-0.2073169,0.023209289,-0.030629668,-0.09073848,-0.67100954,-0.20865515,-0.30872756,-0.20207329,0.025354518,-0.13022515,-0.1094858,-0.027694754,0.047374148,-0.10577978,-0.4291038,0.048826896,0.060953878,0.15712275,-0.013211101,0.090336606,-0.084972784,0.105091825,-0.18938124,-0.2003068,0,-0.017827146,0.036888644,-0.2013854,-0.0036599636,0.043866128,0.18617693,0.10982607,0.19730987,0.42960867,-0.23718351,0.02292407,0.18349709,0.09677328,-0.2542716,0.26683822,-0.07252663,-0.051069263,-0.02766278,0.07800625,-0.035907663,-0.25236848,-0.22408263,-0.6903823,0.057116676,0.33356544,-0.19924203,0.14481081,-0.476783,0.05391246,0.112338126,0.28255573,0.19647282,-0.013198391,-0.04369445,0.072064534,-0.10301995,-0.31290793,0.17178798,-0.037232276,-0.10861644,-0.1249457,0.36226946,0.10027113,0.37929305,-0.04904075,-0.23911843,-0.39023364,-0.1171468,-0.18370683,-0.14157373,0.08579433,-0.07469194,0.5162235,-0.119721174,0.03657306,0.26917505,0.20770183,0.12329778,-0.19691528,0.07584375,0.09844808,0.0713558,0.0035174415,0.08223664,-0.10876505,-0.23319954,0.23148039,0.20889048,0.16128075,0.29051274,0.11657464,0.11611334,0.07566948,-0.14552705,0.09530683,-0.09648487,-0.42584467,0.18175663,-0.2277135,0.15047844,0.34332624,0.1896141,-0.13052344,0.0903868,-0.08274893,0.51349056,-0.07163201,-0.39695,-0.30411717,-0.083360955,0.045077197,-0.16874836,-0.028090911,0.08876571,-0.17247397,0.0634377,-0.050930962,0.27074113,-0.2798237,-0.38528028,-0.19468811,-0.24219827,0.035647277,0.43053737,-0.09385183,-0.37464172,0.0052943565,0.0057204477,0.034755666,0.35144478,0.17760958,0.06166373,-0.17911589,0.33761194,-0.16261357,0.43331593,0.17549984,0.24039687,-0.14321786,-0.15731746,0.19094506,-0.12198508,-0.26836854,-0.120556414,0.41473484,-0.085784934,0.069292516,0.3438273,0.23064178,0.06571248,0.01638541,-0.016003706,0.095150396,-0.034702145
"(113.87271082171216, 22.56959879069232)",0.13444093,-0.11827637,-0.06107405,0.052913263,0.22296941,0.14677566,0.08828513,0.06722081,0.15271762,0.21993886,-0.051601037,-0.10151386,0.09441736,0.11318638,-0.1318368,-2.9619783e-05,-0.0016535968,-0.05142521,0.23104545,0.16991435,0.24555054,0.024006978,0.10005181,-0.061052054,0.030479606,-0.0005635172,0.010175221,0.06280569,-0.07700533,0.038456455,0.09010741,0.020729184,0.1934734,0.27988875,0.1313009,-0.04103426,-0.0696414,0.03692054,0.04266816,-0.02364397,-0.21016574,0.034574278,-0.10976562,-0.069551796,-0.066889524,-0.047427543,0.19488005,0.032887023,-0.09465684,-0.07325208,-0.0138300955,0.055317834,0.044152766,-0.075342834,-0.12046086,-0.08036141,-0.18090689,0.032742836,-0.08259599,-0.20972452,-0.17074382,-0.10458865,-0.12039766,0.15879588,0.08814499,-0.21481675,0.07521045,0.06076965,0.032491088,-0.24670999,0.02076108,0.039688133,0.071746215,0,-0.12393627,0.027937938,0.1638517,0.060215645,-0.18164638,0.22053203,0.03080542,-0.03933531,0.039832752,-0.23368825,-0.04705516,-0.2081907,0.03433144,-0.14407772,-0.1370328,-0.049632035,0,-0.07495483,-0.06382986,-0.057469122,-0.056876324,0.18550213,-0.00207474,-0.018786952,-0.04127755,-0.014544871,0.34230816,0.06852084,0.00446843,0.13197917,0.13060793,0.02051352,0.09304346,0.2782941,0.13577013,-0.14651445,0.07027256,-0.14938782,0.0024533123,-0.046966664,0.0798733,0.11198805,0.14737302,0.24494687,-0.00968352,-0.037247706,0.36949027,0.09337987,0.15705994,0.21252583,0.095679216,0.023506626,-0.10785544,0.028080694,0.11341707,0.29144153,-0.18677977,-0.08675058,0.24335085,0.12068618,0.015253313,0.123830155,0.3183201,0.07805444,-0.14375384,0.057818227,0.09337801,-0.09267694,-0.0851441,-0.029505588,-0.0009084046,-0.14305495,-0.045505576,0.026685659,0.13082494,0.38636374,-0.058887105,0.076297656,0.07137525,-0.03184788,0.16607031,-0.19262424,-0.10860436,0.22690815,0.12678048,0.27913666,-0.2655438,0.23758414,0.09277573,-0.01581144,0.17380817,0.07379672,0.09343271,0.016400114,0.052911744,-0.111870475,0.019544674,-0.018392088,-0.1931915,-0.05392298,-0.18594797,-0.0427365,0.15541272,0.073135324,-0.076987185,-0.0750335,0.14155746,0.15378925,-0.019212365,0.091056734,-0.01426848,-0.23118246,0.042018715,-0.013937997,-0.14946526,0,-0.05039396,0.20924446,0.070057474,0.021638615,0.089467995,-0.22241536,0.007249661,0.034553833,-0.1505548,-0.08523214,0.044677556,-0.02053845,0.008587417,0.04336071,0.085712545,0.07161906,-0.13101585,0.09513989,0.18481502,0.01936078,-0.049770713,-0.07576182,-0.09963334,0.1084327,0.10212035,-0.06374775,0.011574244,0.16832983,-0.10625326,-0.091641955,0.09235269,-0.30231223,0.36078924,-0.09986654,0.0066201873,-0.027084619,0.27342632,-0.02084857,0.053734608,-0.04012046,0.022551943,-0.21705672,0.088874154,0.117850676,0.031097919,0.21165498,-0.04098327,0.122323364,-0.24274887,0.23965502,-0.10342006,-0.13075651,-0.03368634,-0.08979809,-0.0072490014,-0.14946237,-0.07842943,0.020988759,-0.035861626,-0.27990735,-0.12516469,-0.24794519,-0.14106028,0.09073326,-0.027808912,-0.06786776,0.030410334,0.085037015,-0.025024712,-0.17297354,-0.013900757,0.08757249,0.1334557,-0.023221552,0.040058713,-0.049636483,0.038936853,-0.045430407,-0.16525504,0,-0.005850628,0.01725235,-0.16200283,0.15130901,0.073865995,0.13786253,0.16475381,0.11567335,0.19400477,-0.12619126,0.06429945,0.18653288,0.049476683,-0.18733615,0.04245064,0.030531615,-0.00040239154,-0.024938205,0.07310192,-0.023196576,-0.05736592,-0.21064235,-0.3256447,0.12274862,0.12606564,-0.16678524,0.112203464,-0.3503383,0.007202653,0.116988555,0.18402195,0.17051232,0.06729968,-0.04661703,0.07375121,-0.03881394,-0.19375771,0.15050721,0.010914762,-0.066175975,-0.07036355,0.12095964,0.11184108,0.26294085,-0.114680156,-0.17024645,-0.22927886,0.015460521,-0.11561161,-0.110844575,0.111019604,-0.014415465,0.26275668,-0.124077,0.04255391,0.22123186,0.1548833,0.111995414,-0.067659914,0.11271492,0.05745883,0.008093076,0.0021715313,-0.027821308,-0.043509275,-0.17738414,0.16138692,0.17530699,0.1617333,0.13290837,0.100313924,0.10796244,0.075250715,-0.108635515,0.08625384,-0.06720518,-0.22489682,0.15042995,-0.14363557,0.064120516,0.09643228,0.12772475,-0.08120601,0.1147797,-0.09315061,0.2967643,-0.09888788,-0.14380108,-0.093954645,-0.09193696,0.074764065,-0.065946735,-0.043034002,0.16572525,-0.011970781,-0.006807952,-0.117836185,0.13491642,-0.23030837,-0.2874092,-0.12544745,-0.13676925,0.016205367,0.38600543,-0.13445504,-0.18056266,0.09733246,-0.0076255016,0.021361504,0.2098974,0.06221829,0.083959445,-0.15125126,0.23997079,0.0043189377,0.28832698,0.082760766,0.07320706,0.008171871,-0.025048815,0.13945138,-0.07051613,-0.11719084,-0.0035807043,0.11297891,-0.05435416,0.1455428,0.18594594,0.20501965,0.07919978,0.07625495,0.12127001,0.026542831,-0.00060577784
"(113.87279547513744, 22.59676646109373)",0.18137354,-0.16894741,-0.1081398,0.13402256,0.3878321,0.168442,0.31255025,0.14271745,0.29037544,0.28811032,-0.006133266,-0.15770552,0.08098924,0.07945757,-0.04307809,-0.0008924641,-0.14887355,-0.25799745,0.13341805,-0.045452934,0.14374232,-0.038677692,0.14154449,-0.23280329,-0.016973067,-0.08335389,-0.109360985,0.11964118,-0.121869355,0.1776981,0.09627672,0.081079215,-0.11837432,0.2664923,0.10626203,0.05045835,-0.15924695,0.009696461,0.07419877,0.009648249,-0.105354585,-0.11923041,-0.044394866,-0.14839402,0.02581276,-0.09268848,0.09409667,0.11113571,-0.012062579,-0.18220991,-0.06426427,0.07703376,-0.025971536,-0.032132283,0.18819275,0.036745626,-0.080904774,-0.11798953,-0.029938107,-0.20340285,-0.23545806,-0.11162141,-0.12514004,0.25897813,0.07245493,-0.13633415,0.18889111,0.05933069,-0.0038231947,-0.16050316,-0.01759933,0.07870051,0.044511,0,-0.11545594,0.026753683,0.23633035,0.13656425,-0.18535958,0.2149365,-0.0143860765,-0.12086923,-0.020489711,-0.08062449,-0.06514667,-0.02321864,0.04754956,-0.3081106,-0.06638069,0.10445572,0,0.050538912,-0.06766041,-0.30697504,-0.15951768,-0.18488953,0.016820993,0.040667504,-0.11759617,-0.0103113465,0.13006422,-0.034209937,-0.10503781,0.18702534,-0.004515797,0.104402125,-0.0061596483,0.28915286,0.10299441,0.057394147,0.00023450237,-0.21526852,0.08596959,0.009755868,0.11326527,-0.12228797,0.38298845,0.24163231,0.1262666,0.07055327,0.22548063,0.08369831,0.17958154,0.19508006,0.10016251,0.16550271,-0.14590603,0.02900385,0.12167287,0.40933993,-0.10924916,-0.064615175,0.14241149,0.06642103,0.11175904,0.13783808,0.22414514,-0.06844655,0.09426105,0.11882458,-0.06357719,-0.06390928,-0.22645992,0.09952495,0.07215296,-0.17102402,-0.15065078,0.15271182,-0.054173473,0.3564022,-0.054191362,0.011372693,-0.031085894,-0.030433685,-0.01190507,-0.2626707,-0.14479813,0.26274765,0.05463714,0.29267377,-0.21919602,0.008547828,0.29906452,0.118986756,0.3249014,0.116223775,0.0066450816,0.100070074,0.100157276,0.074936576,0.0015080292,0.094718955,0.020387903,0.062055044,0.04455447,-0.017137796,0.10402563,0.06692096,-0.056688197,0.021142878,-0.006439915,0.10517486,-0.0034302287,0.16231148,-0.16709653,-0.017577272,0.088470384,-0.06500744,-0.14958583,0,0.081730425,0.2538963,-0.055830956,-0.08215528,-0.01320181,-0.20920324,-0.0625429,-0.112922214,-0.18975116,0.03572265,-0.0986627,0.048099816,0.07410148,-0.12577397,0.10095939,0.10177547,-0.04229848,0.084831335,0.05941262,-0.05322797,-0.16216154,0.16855317,-0.17042033,0.12277826,0.48728284,0.16757162,0.07589455,-0.026367463,0.015408687,-0.03650462,0.108086005,-0.11875646,0.18316337,-0.25233206,-0.0050287805,0.07704059,0.055402365,-0.04745044,0.01986207,-0.06172178,0.14595582,-0.08538848,-0.051214036,-0.060451865,-0.27003556,0.15212204,-0.02094746,0.030277729,-0.007638395,0.05465623,0.103754535,-0.10795533,-0.09274348,-0.1851569,-0.10362764,-0.10253247,-0.24071744,-0.026194971,0.03100986,0.001663819,0.0037372187,-0.26045072,-0.0229069,0.09266534,-0.038388424,-0.08345278,-0.024440654,0.18854898,0.055899642,0.14127249,-0.16026394,-0.055952378,0.2185394,-0.101158924,-0.08897664,-0.07449687,-0.068848446,0.1795525,-0.12843905,0,-0.042447485,0.071297705,-0.1719537,0.26135096,0.047614805,0.1256325,0.17022255,-0.034866717,0.107487254,-0.049997453,0.18892574,0.257328,-0.030289203,-0.16063423,-0.26696813,-0.025563203,0.03319516,-0.043545783,-0.17744261,0.072517276,0.058327727,-0.32883495,0.0045732483,0.31809616,-0.122527964,-0.12725344,-0.0905673,-0.2842775,0.09222844,0.035222948,0.04173772,0.18595871,0.21561897,-0.020727277,0.23241685,0.009521959,-0.13829441,0.06798236,0.24634917,0.005827874,0.0073776543,-0.09483777,0.14083534,0.03828996,-0.09210625,-0.17460707,-0.24651992,0.1254113,-0.034522217,-0.03768853,0.033102587,0.05062287,0.112505555,-0.25245953,0.013072111,0.30630863,0.05123947,0.19646943,0.158628,0.119310156,-0.034185532,-0.18080518,0.10319882,-0.07532666,0.09005242,-0.10246757,0.10239743,0.029239854,0.055533342,-0.03141249,0.030408047,0.12486536,0.21295297,-0.17423326,0.22468328,-0.026614748,0.036644,0.2595246,-0.06824249,-0.099971786,-0.13408054,0.032187145,-0.19901508,0.3303366,-0.17350265,0.1512657,-0.16586548,-0.0039514573,0.08141432,-0.12502614,0.2428602,-0.04635697,0.05327837,0.15889926,0.07923371,-0.22366087,-0.18746689,-0.10972822,-0.05529428,-0.19172625,0.1965009,-0.08282588,-0.21032399,0.4196205,-0.0009088982,0.14671849,0.30821037,0.035342503,0.015230421,-0.0973126,-0.18360104,0.13180882,-0.04931932,0.31828898,0.009475619,0.2426085,-0.07021772,-0.060191453,0.14230944,-0.019529317,0.24422795,-0.1824762,0.1029855,0.011945136,-0.18034056,-0.06582687,0.16900694,-0.030740982,0.28837037,0.03631328,0.045195673,0.24245587,0.003974162,-0.11041907
"(113.87297399079392, 22.597897985950794)",0.17795561,-0.17201239,-0.10593664,0.13348675,0.38763216,0.17273913,0.30901253,0.14431459,0.30218023,0.2819152,-0.0016692206,-0.15948457,0.07840508,0.08316662,-0.03889028,-0.007632453,-0.15306936,-0.2635355,0.1404473,-0.051300105,0.1571205,-0.032324366,0.14510474,-0.24484038,-0.023626823,-0.08725488,-0.100340255,0.11759005,-0.119015545,0.1709662,0.092676274,0.07476379,-0.11316357,0.2751739,0.09768888,0.05542724,-0.15939793,0.009687111,0.07752696,0.006526105,-0.10874017,-0.13298213,-0.040747836,-0.1453455,0.021325327,-0.10235342,0.09344677,0.12127122,-0.018430516,-0.1843269,-0.057964876,0.072112404,-0.020456616,-0.033136174,0.18644974,0.02313238,-0.083112955,-0.121967785,-0.029153554,-0.20714933,-0.23450015,-0.109954104,-0.12621635,0.2692867,0.07269792,-0.14045033,0.1899792,0.06535581,-0.004084129,-0.15643995,-0.018957257,0.07448615,0.049191147,0,-0.10164324,0.026434336,0.22620992,0.13294697,-0.19359396,0.22001132,-0.01875909,-0.119332746,-0.029082548,-0.07290621,-0.06803909,-0.03821479,0.05059749,-0.30259806,-0.07569326,0.107078224,0,0.04519666,-0.065887146,-0.32157415,-0.16394109,-0.17170015,0.013474626,0.03562136,-0.12490297,1.6577542e-06,0.13875324,-0.029451802,-0.10712056,0.17558767,-0.017003573,0.10504484,-0.009076819,0.28902796,0.09975806,0.05607285,-0.0007407246,-0.22096379,0.088496186,0.00964836,0.114501186,-0.12679186,0.37562144,0.2322473,0.12727311,0.066728994,0.22591542,0.0892678,0.18015651,0.1960178,0.10519248,0.17201445,-0.14187273,0.028082782,0.11876014,0.40761358,-0.101661995,-0.0603,0.14945602,0.06623925,0.115601696,0.1487652,0.21616453,-0.07648657,0.087127164,0.12864925,-0.06107889,-0.06547488,-0.23636693,0.09370359,0.07414395,-0.19054466,-0.14761461,0.14610313,-0.045593172,0.35667422,-0.07471065,0.0061038733,-0.024788722,-0.036759466,-0.019713577,-0.27550805,-0.1532756,0.26221868,0.04170247,0.28629732,-0.22686285,0.01272399,0.30628937,0.12066032,0.3316086,0.11919051,0.014270788,0.09423351,0.10465795,0.07042405,0.0021546725,0.08337337,0.007891931,0.06139014,0.041423626,-0.027350068,0.096481964,0.06809054,-0.05430185,0.010370132,-0.009055689,0.10332995,-0.007579658,0.15421037,-0.17238992,-0.017105531,0.08836214,-0.06517681,-0.15173161,0,0.08081435,0.25114185,-0.05203861,-0.07992158,-0.010772698,-0.21141127,-0.076074295,-0.12062778,-0.19029349,0.027104877,-0.08649408,0.055448443,0.077763975,-0.12927891,0.10624748,0.105780795,-0.039471015,0.08052676,0.06256669,-0.056481607,-0.1578873,0.16554117,-0.17202291,0.11892792,0.49504873,0.1634255,0.07384884,-0.023438387,0.018099368,-0.034540452,0.10937671,-0.12207665,0.177771,-0.26193264,0.005726207,0.07182355,0.057942,-0.048875913,0.020613685,-0.06386011,0.13392003,-0.07936398,-0.054871257,-0.06460548,-0.27200627,0.15033953,-0.02620646,0.039302066,-0.0045196265,0.054554038,0.09717352,-0.110054426,-0.09891708,-0.17490612,-0.11342217,-0.105879836,-0.22901535,-0.031105336,0.033054583,-0.0113404095,0.0007728711,-0.25245515,-0.012148976,0.08604539,-0.04798024,-0.08194313,-0.033493318,0.19354565,0.063122995,0.14070687,-0.16112977,-0.06488497,0.22215442,-0.10007279,-0.07955378,-0.07194429,-0.055826828,0.1819477,-0.11983948,0,-0.05108722,0.07849779,-0.1710379,0.26531854,0.039315388,0.11693811,0.16736099,-0.03505132,0.112792976,-0.053869735,0.18957254,0.26078483,-0.032814473,-0.15915777,-0.2610564,-0.028290246,0.026874451,-0.04355278,-0.17872277,0.07210083,0.058501206,-0.33496857,0.002375707,0.31894872,-0.12426425,-0.121910475,-0.08355283,-0.28968853,0.10314093,0.02736871,0.045598358,0.17828548,0.21295255,-0.035151973,0.23693095,0.020071087,-0.14207032,0.069935575,0.2504606,0.0076774135,0.010207698,-0.09155561,0.14015229,0.031804632,-0.09538157,-0.17733598,-0.25171822,0.12194118,-0.04290032,-0.037147343,0.03573093,0.050487448,0.11920506,-0.25803965,0.0022325143,0.30531543,0.047114417,0.20839727,0.15417089,0.10397355,-0.019857306,-0.18751009,0.11414067,-0.07476638,0.081075355,-0.09453291,0.099886864,0.017999826,0.046670772,-0.025141245,0.024430744,0.121153794,0.21792586,-0.17609607,0.24229309,-0.03234218,0.030727167,0.26061457,-0.068309754,-0.09285647,-0.12835594,0.035471734,-0.20680743,0.3337314,-0.18271604,0.15268475,-0.16347039,-0.017607946,0.08366453,-0.12101328,0.23635793,-0.04446692,0.061815307,0.15534624,0.073788464,-0.21296956,-0.18897274,-0.114546135,-0.054426435,-0.18752602,0.20216322,-0.09092424,-0.2094078,0.41861415,0.006759865,0.15408272,0.31116974,0.034458984,0.022656772,-0.10177313,-0.19266026,0.13656849,-0.037586823,0.3220852,-0.0016884804,0.24481781,-0.06951659,-0.0500606,0.1306669,-0.025234777,0.24131852,-0.18106672,0.103998795,0.009438761,-0.18039617,-0.06243994,0.16130717,-0.032431982,0.29085886,0.035037756,0.04794457,0.22900477,0.007761251,-0.1232598
"(113.87323072546356, 22.597289333490664)",0.18149754,-0.17433877,-0.10752699,0.13589887,0.3932055,0.1750478,0.31389207,0.14433715,0.2997802,0.2860605,-0.0032753944,-0.16289315,0.08702174,0.08536764,-0.036655053,-0.006158542,-0.15501197,-0.26622283,0.13846195,-0.051944863,0.15157306,-0.037026882,0.14367625,-0.24305788,-0.020826127,-0.085558414,-0.10776565,0.1200979,-0.11852074,0.17633897,0.09378095,0.077392586,-0.11575342,0.2733429,0.09888544,0.05522701,-0.16226605,0.0108228475,0.07620497,0.0068248957,-0.106724836,-0.13525328,-0.042130217,-0.1458393,0.02502384,-0.10336069,0.091948286,0.11956504,-0.014158525,-0.18680826,-0.061010003,0.07481167,-0.024824653,-0.030409902,0.18674144,0.026165206,-0.08276637,-0.120872624,-0.027588787,-0.2021822,-0.23661558,-0.11119191,-0.12794296,0.26912677,0.07254739,-0.13655326,0.19009888,0.06667289,-0.006149724,-0.15849218,-0.019795276,0.07631877,0.046855766,0,-0.10785383,0.02831303,0.2315738,0.13708821,-0.18997723,0.21848142,-0.016719986,-0.1211234,-0.028192688,-0.07489562,-0.065948546,-0.029063549,0.049358614,-0.31078106,-0.07107245,0.109151356,0,0.042983167,-0.06893652,-0.32324842,-0.1650354,-0.17990907,0.015050239,0.03937559,-0.12159472,-0.005447548,0.13643953,-0.034943372,-0.108090505,0.18039934,-0.015356503,0.105574265,-0.010507375,0.28985208,0.10049921,0.05930913,-0.0060121147,-0.22012609,0.0877736,0.013300255,0.11816176,-0.1306606,0.384089,0.23777261,0.13074067,0.06917703,0.22147818,0.088652305,0.18091208,0.19889604,0.10103397,0.16999933,-0.14232364,0.02771516,0.12210168,0.41000846,-0.10167383,-0.060306586,0.14154115,0.06597376,0.116430774,0.15077847,0.21390715,-0.07660328,0.0926574,0.12564081,-0.0655805,-0.0641866,-0.23779187,0.09839859,0.07044205,-0.18388945,-0.15095055,0.15110601,-0.05265355,0.3549443,-0.06438623,0.007586524,-0.03295441,-0.034138888,-0.023058604,-0.27696404,-0.1502019,0.2600074,0.045527123,0.29065895,-0.22309813,0.006142147,0.30947143,0.12472865,0.3315579,0.122784056,0.0079889875,0.09812915,0.10584001,0.07620583,0.0012036841,0.08981406,0.010568552,0.062965795,0.03959428,-0.024786264,0.09844096,0.06571074,-0.053010747,0.016589805,-0.014978877,0.10451154,-0.005452629,0.1619325,-0.17563465,-0.01481254,0.087161005,-0.067850634,-0.15535685,0,0.08517124,0.2551683,-0.057282194,-0.083769724,-0.017436035,-0.21031192,-0.07623996,-0.12064899,-0.19304508,0.028964922,-0.09221956,0.054524474,0.07801989,-0.12895301,0.10441034,0.10291086,-0.04196289,0.08130248,0.059992857,-0.055454142,-0.1640295,0.16744792,-0.17318617,0.12229266,0.4992989,0.16704796,0.07485808,-0.027700312,0.014554121,-0.03233836,0.109400466,-0.12213134,0.17523304,-0.26075783,-0.0014096089,0.07574038,0.055262063,-0.049711198,0.019890346,-0.06315907,0.13834052,-0.08099943,-0.054032158,-0.06366883,-0.27737904,0.1496196,-0.025351647,0.03266716,-0.0007195473,0.051413186,0.09962086,-0.10995244,-0.09741233,-0.18112881,-0.11395149,-0.106520824,-0.23670231,-0.03236523,0.032041796,-0.007325396,0.0044473335,-0.2570625,-0.016624928,0.087459035,-0.047203682,-0.084194236,-0.03209061,0.19483608,0.060980342,0.14300135,-0.1640901,-0.067826025,0.22208248,-0.103482656,-0.0870453,-0.072711624,-0.06497653,0.18451172,-0.12235651,0,-0.047350544,0.07956351,-0.17250676,0.26251298,0.041654058,0.12231394,0.16924354,-0.040584374,0.11249059,-0.054436784,0.19018275,0.25909927,-0.03339886,-0.1590955,-0.2696583,-0.03040006,0.029489053,-0.04431387,-0.1893223,0.07610321,0.05823524,-0.33689058,0.004497543,0.32116145,-0.12503764,-0.122462474,-0.09028157,-0.2890293,0.100646,0.027829453,0.041348636,0.18157794,0.21534526,-0.029348016,0.23891829,0.015899597,-0.13984938,0.06386186,0.25451586,0.0052401796,0.0063758455,-0.09611687,0.14097449,0.028595893,-0.08975957,-0.17778534,-0.25201133,0.12529178,-0.038015876,-0.03463491,0.028726865,0.052265376,0.11897056,-0.2607552,0.003739275,0.30908865,0.049678996,0.20404412,0.15896802,0.11091934,-0.027686644,-0.18794084,0.11286563,-0.07471246,0.08765704,-0.096412495,0.10041931,0.019979266,0.045980014,-0.029850055,0.024210863,0.12232687,0.21732038,-0.17658423,0.2369882,-0.028874092,0.03724963,0.26576382,-0.067141086,-0.09996843,-0.13364704,0.032035705,-0.20867011,0.33646816,-0.17926973,0.15203413,-0.16665125,-0.014202294,0.08553899,-0.12542957,0.24454245,-0.047092102,0.06277484,0.15460072,0.07659573,-0.22463612,-0.18816173,-0.11698268,-0.05178768,-0.18979585,0.20449972,-0.088649735,-0.21451455,0.42257023,0.008117018,0.15721197,0.3142818,0.03715432,0.017933387,-0.10510677,-0.19228162,0.13443702,-0.041678704,0.32357004,-0.00053399056,0.24607015,-0.07215536,-0.053106174,0.1371252,-0.024053436,0.24524382,-0.18949124,0.1077441,0.009186402,-0.18082285,-0.067027055,0.16491905,-0.03660603,0.29296404,0.032099545,0.044393044,0.23502755,0.007221844,-0.12084657
"(113.8732605945988, 22.598977471436733)",0.17415243,-0.1682779,-0.10939896,0.13547976,0.39906725,0.16961516,0.34946734,0.15809873,0.30410534,0.30915225,0.001658,-0.1419683,0.03629297,0.051712878,-0.05893154,0.009375241,-0.14869346,-0.24451464,0.14111833,0.0037514605,0.16941947,-0.028147433,0.13514486,-0.24904332,-0.024152432,-0.07480779,-0.10362342,0.1358475,-0.19847336,0.18498436,0.090976045,0.071333155,-0.086086825,0.26238114,0.12183009,0.032556713,-0.21635589,0.018427834,0.1026413,-0.0021489263,-0.15381184,-0.0836293,-0.034368917,-0.18124771,-0.0074045844,-0.07646211,0.12523042,0.119536296,-0.027050503,-0.18375298,-0.06328303,0.07600015,-0.01562969,-0.086557895,0.20626998,0.051735785,-0.10557388,-0.15179104,-0.049192905,-0.26600778,-0.26661918,-0.12468007,-0.129846,0.25079596,0.0841468,-0.15814456,0.17706463,0.05487414,0.014544755,-0.16690226,0.012511916,0.07635685,0.055813827,0,-0.11435067,0.013296176,0.23645392,0.11443835,-0.22544262,0.24996442,-0.023821298,-0.12905958,-0.008313868,-0.10000372,-0.089365736,-0.05408456,0.07517052,-0.30716297,-0.10123847,0.1198945,0,0.06304622,-0.09324225,-0.32528874,-0.16715378,-0.19691236,0.016294453,0.0038108528,-0.14904267,-0.005012434,0.14945233,-0.01844439,-0.09006815,0.21108924,0.05125986,0.08790094,0.008009136,0.3300437,0.12755586,0.03887847,0.033863414,-0.22198714,0.07575191,-0.045757912,0.08117237,-0.12094552,0.3955971,0.2592621,0.12944078,0.040944856,0.2652492,0.061500322,0.19554396,0.21192141,0.1300283,0.18364637,-0.14685161,0.030240655,0.10309651,0.4530514,-0.16673939,-0.09741977,0.17175876,0.056093592,0.09479617,0.1337526,0.29046568,-0.08987348,0.05206574,0.10229098,-0.029965382,-0.06876324,-0.24986312,0.0604408,0.086693525,-0.20990294,-0.16180037,0.18580149,-0.012807354,0.39823925,-0.09578301,0.035062246,-0.023781374,-0.035578266,-0.00027587637,-0.27751115,-0.15722409,0.30298066,0.04417614,0.30329823,-0.28123724,0.02411154,0.26771122,0.07770626,0.33438152,0.079987496,0.023127204,0.082136825,0.0634232,0.06470183,-0.0035035815,0.07843831,0.010416374,0.066606104,0.057671353,-0.023014799,0.12488915,0.10072962,-0.06796738,0.004875593,0.036655538,0.12662455,-0.009003334,0.1501271,-0.17841557,-0.029715817,0.1266487,-0.062324353,-0.113572314,0,0.07233477,0.26121256,-0.050900638,-0.076716974,0.024221204,-0.25513324,-0.051028825,-0.11790649,-0.18161172,0.046700455,-0.10142782,0.048912473,0.07542141,-0.15604886,0.100322634,0.11209737,-0.07404494,0.074670225,0.08311518,-0.061480768,-0.1973043,0.1776848,-0.20175228,0.10124221,0.45324096,0.14721048,0.081066355,-0.0062338635,0.059109822,-0.04056204,0.12837248,-0.12641333,0.22029911,-0.28837383,0.016316663,0.039683588,0.116583586,-0.0652501,0.023798034,-0.06924894,0.14346802,-0.112134434,-0.038199354,-0.058807135,-0.2569815,0.20446928,-0.025472332,0.055419236,-0.032254487,0.051640436,0.08529303,-0.11823163,-0.117495984,-0.17307673,-0.10922699,-0.12526372,-0.23945694,-0.033100184,0.03185473,-0.013295934,-0.010220252,-0.27503747,-0.03917481,0.11476151,-0.03323514,-0.09778058,-0.047341608,0.23396166,0.028664507,0.13843888,-0.15926875,-0.05308961,0.23152661,-0.09698201,-0.08587314,-0.07508176,-0.030233532,0.19406687,-0.16441163,0,-0.065948896,0.02055719,-0.21056768,0.30848584,0.040747136,0.14962697,0.15278637,-0.013029657,0.10759843,-0.05000223,0.22060607,0.3003964,-0.007880338,-0.16998705,-0.24463455,-0.015233028,0.033966158,-0.05313262,-0.13411549,0.072323285,0.06644675,-0.32061964,-0.001951322,0.28618872,-0.10346465,-0.16642979,-0.11650551,-0.30356026,0.101502605,0.050049976,0.039949395,0.2113409,0.21489498,-0.019370764,0.25463223,-0.010502623,-0.14540151,0.10499561,0.23727067,0.062019624,0.018661387,-0.07463255,0.15434821,0.052912783,-0.16900873,-0.16227111,-0.30582255,0.0989629,-0.046848956,-0.05694954,0.07932029,0.051113047,0.12469277,-0.2860905,0.043217592,0.341661,0.005005114,0.2450111,0.15273198,0.13485202,-0.020378206,-0.21761374,0.102880895,-0.08285221,0.08971554,-0.13400763,0.10978261,0.04845364,0.07594363,-0.019144716,0.035871446,0.13496953,0.24572624,-0.21277453,0.24302171,-0.0436455,0.018563095,0.2459275,-0.08856792,-0.073118284,-0.13358039,0.03356755,-0.19840464,0.35313725,-0.21117389,0.18735148,-0.16809809,-0.00400797,0.053033866,-0.10970479,0.23190445,-0.0605765,0.045837373,0.18384483,0.09022493,-0.17101057,-0.21418637,-0.100797355,-0.084492296,-0.20452793,0.22136462,-0.10066617,-0.21625748,0.44792864,-0.036351256,0.14419429,0.3036964,-0.005632568,0.017910484,-0.090378284,-0.19080086,0.13023725,-0.04598672,0.3511668,0.005160168,0.25565684,-0.087654784,-0.07596613,0.098796174,-0.0006368393,0.2666459,-0.16594198,0.09093687,0.010131508,-0.1931859,-0.05969585,0.16259207,-0.022501653,0.31253952,0.03139086,0.045389038,0.25358737,0.012709679,-0.10377112
"(113.8732752937686, 22.59703751997076)",0.182596,-0.17461467,-0.10810021,0.13653883,0.39466515,0.17536633,0.31533843,0.14419693,0.29820833,0.28761214,-0.004070632,-0.16364361,0.08950877,0.0856229,-0.036390163,-0.00529743,-0.1550865,-0.26643232,0.13735348,-0.051675003,0.14900902,-0.038725037,0.14299098,-0.24165851,-0.01957747,-0.08482422,-0.11037624,0.120935954,-0.11854766,0.17820601,0.09434523,0.07857909,-0.11683084,0.27207857,0.09985559,0.054783292,-0.16288757,0.011077419,0.075551465,0.007109903,-0.10589207,-0.1347479,-0.04284683,-0.1461577,0.026358083,-0.10287505,0.091548234,0.11824997,-0.012588374,-0.18724266,-0.062273383,0.07590871,-0.02640025,-0.029550195,0.18687859,0.028001904,-0.08245328,-0.12011684,-0.027211305,-0.20050591,-0.23711929,-0.111606054,-0.12833074,0.2681908,0.07245335,-0.13518104,0.19000891,0.06651914,-0.0066663586,-0.15924062,-0.019962065,0.07716202,0.045854542,0,-0.11057999,0.028819662,0.23365395,0.13840833,-0.18834448,0.21759242,-0.015811462,-0.12166921,-0.027298097,-0.07600184,-0.06513393,-0.025450967,0.048743196,-0.3132625,-0.06914828,0.10940262,0,0.042804733,-0.06978635,-0.32249737,-0.16496524,-0.18303464,0.015742242,0.04079677,-0.12007692,-0.0077196322,0.13512257,-0.036767736,-0.10817371,0.18243839,-0.01398921,0.105673134,-0.010617688,0.29001552,0.100904636,0.06027029,-0.0072925324,-0.21942152,0.0873457,0.014286004,0.11896498,-0.1312742,0.38679147,0.23989874,0.13154495,0.0700957,0.22025584,0.08808267,0.18101445,0.19958581,0.099516526,0.16887203,-0.14271432,0.027694106,0.12318256,0.4106061,-0.102203146,-0.060609706,0.13886204,0.06588384,0.11630369,0.15039705,0.21383804,-0.07596707,0.09469451,0.12410597,-0.06691992,-0.06368251,-0.2373178,0.10008863,0.069287285,-0.18061602,-0.15200347,0.15283614,-0.055136953,0.3543855,-0.060029756,0.008370407,-0.0355822,-0.032951996,-0.023328211,-0.2762871,-0.14874092,0.25936896,0.047583625,0.29222196,-0.22146088,0.0041464567,0.30968845,0.12569298,0.33093834,0.12360274,0.0057220813,0.09963296,0.105780765,0.07800156,0.0009007286,0.09242499,0.012189187,0.06343563,0.039377294,-0.023323253,0.09950188,0.06495785,-0.05288235,0.019100748,-0.01634271,0.10493565,-0.0045628436,0.16452244,-0.17599532,-0.014221188,0.08679333,-0.068547815,-0.15610665,0,0.086373106,0.25631198,-0.058914803,-0.08486179,-0.01940807,-0.20975256,-0.0752605,-0.119988285,-0.19367918,0.0301053,-0.09463476,0.053714387,0.07777655,-0.12853296,0.10350627,0.10178141,-0.04277636,0.08183662,0.059063576,-0.054914333,-0.16586871,0.16817641,-0.17325754,0.123478524,0.49977323,0.1682983,0.07526669,-0.029061161,0.013427265,-0.031979166,0.109250516,-0.12186327,0.17489646,-0.25956354,-0.0040789805,0.07721836,0.05427819,-0.04984326,0.019680515,-0.06278359,0.14049222,-0.081850685,-0.053571817,-0.06306614,-0.27857965,0.14947613,-0.024740804,0.03023196,5.7071447e-06,0.050531484,0.100692324,-0.10975717,-0.096470125,-0.1834789,-0.113311306,-0.10640588,-0.2396862,-0.03227767,0.03163572,-0.005276069,0.005633697,-0.25884062,-0.01859589,0.08833524,-0.046258442,-0.08484732,-0.030925497,0.19475287,0.0598441,0.14363843,-0.16479805,-0.06784134,0.22173648,-0.104430355,-0.089699,-0.07308947,-0.06833707,0.18501203,-0.12357254,0,-0.045681998,0.07932352,-0.17285112,0.2613653,0.042967014,0.12434032,0.16995946,-0.042102557,0.11201901,-0.05425931,0.19028655,0.25832897,-0.033317022,-0.159124,-0.2722948,-0.03076879,0.03058982,-0.044494923,-0.19192067,0.07717483,0.05812188,-0.336892,0.0052234977,0.32169846,-0.12511882,-0.12285768,-0.09248188,-0.28834802,0.09909561,0.028582558,0.039901048,0.18297571,0.21613267,-0.026658282,0.23914386,0.013998268,-0.13898544,0.062049378,0.25524566,0.004412774,0.005118761,-0.0975219,0.1412166,0.02828346,-0.08793254,-0.17767201,-0.25155365,0.12640004,-0.03612684,-0.03402447,0.026619166,0.052717656,0.11835164,-0.2609344,0.004991941,0.31010684,0.05069893,0.2019445,0.1605654,0.11386511,-0.030847732,-0.18741174,0.11165746,-0.07465349,0.0900695,-0.09747411,0.100726254,0.021395555,0.04648582,-0.031551596,0.02466575,0.12291051,0.21674263,-0.17651832,0.23415884,-0.027504243,0.039381612,0.26701728,-0.06678033,-0.102327436,-0.13539813,0.030931737,-0.20846772,0.33680186,-0.17758054,0.15168996,-0.16761482,-0.012235274,0.08584944,-0.1269081,0.24710795,-0.047872283,0.06238325,0.15464887,0.07764606,-0.22850256,-0.18777001,-0.11721122,-0.051099982,-0.19070292,0.20459503,-0.08735075,-0.21597868,0.4236103,0.007911732,0.15737006,0.31484354,0.038030688,0.01612163,-0.105584145,-0.19146536,0.13351376,-0.04362861,0.3236477,0.00064304844,0.24618591,-0.07281131,-0.054677606,0.13966829,-0.023351595,0.24647292,-0.19174556,0.1085825,0.009280331,-0.18088615,-0.068467095,0.16641194,-0.037484683,0.2932253,0.031452782,0.043248568,0.23759422,0.006847538,-0.11916602
"(113.87348828501604, 22.59686806694062)",0.18413705,-0.17677346,-0.10865097,0.1380745,0.39844942,0.17798288,0.31778085,0.14451738,0.29916745,0.2890622,-0.0042261854,-0.16634703,0.09504688,0.087965034,-0.033814415,-0.0059280656,-0.15724085,-0.26944098,0.13751443,-0.053429987,0.1481325,-0.040490635,0.14273056,-0.2431733,-0.019175027,-0.08456296,-0.113438636,0.122252904,-0.117411986,0.18030891,0.094301805,0.07895824,-0.11745193,0.27265137,0.09870782,0.055817977,-0.16472468,0.01185149,0.07538131,0.0065696016,-0.10517452,-0.13948697,-0.043067947,-0.1456408,0.027945481,-0.105858125,0.09027773,0.11926597,-0.011130072,-0.1894257,-0.06289698,0.07663892,-0.028175559,-0.027758226,0.18653104,0.026977442,-0.08260763,-0.1200395,-0.025873974,-0.19773114,-0.23817207,-0.11203517,-0.12985705,0.27032018,0.07230641,-0.13327721,0.19022897,0.0687795,-0.008208651,-0.15955283,-0.020927913,0.07748585,0.045253843,0,-0.11177795,0.03005666,0.23487492,0.14034066,-0.18764922,0.21758375,-0.015351448,-0.12250866,-0.028672706,-0.075584665,-0.06425321,-0.022425905,0.048534498,-0.31758377,-0.06807602,0.11126761,0,0.039983086,-0.07137557,-0.32692906,-0.16666159,-0.1856559,0.016081393,0.042294383,-0.119339846,-0.0092437975,0.13545278,-0.03949032,-0.10929929,0.18300252,-0.015763447,0.10623461,-0.012206748,0.29043603,0.10064352,0.06220297,-0.011202202,-0.22007793,0.08734406,0.016815681,0.12178426,-0.13492495,0.3909093,0.24152026,0.13415372,0.070902005,0.21718769,0.0889855,0.18164018,0.2018207,0.09766889,0.16879946,-0.14200617,0.027219946,0.12482081,0.41160923,-0.10032412,-0.05949127,0.13482264,0.065632425,0.11763789,0.15427786,0.21021104,-0.0778213,0.0969889,0.124302976,-0.06946593,-0.06309299,-0.24049827,0.10206232,0.06709221,-0.1804156,-0.1535214,0.15461606,-0.058058795,0.35307336,-0.0573948,0.0081691,-0.039913297,-0.03263174,-0.027529027,-0.28016087,-0.1485191,0.25749213,0.047388338,0.29370832,-0.22049382,0.0005508512,0.31343055,0.12894124,0.33228248,0.12697747,0.002982555,0.10107176,0.10759288,0.08089683,0.00038879924,0.09440963,0.011112429,0.06441365,0.037362155,-0.023928463,0.09907299,0.06349768,-0.051444136,0.021029674,-0.021090068,0.10528269,-0.004028246,0.16793856,-0.17937803,-0.012472581,0.08584927,-0.07047338,-0.1590643,0,0.089157864,0.25828356,-0.061645553,-0.086903565,-0.023607634,-0.20935899,-0.07856282,-0.12166851,-0.19571425,0.029369563,-0.09577122,0.054772846,0.07876306,-0.12901692,0.103357844,0.10057376,-0.043796554,0.08141526,0.05796007,-0.054915063,-0.16898628,0.16877422,-0.17425397,0.124948196,0.50442743,0.16984606,0.07545455,-0.03134138,0.011585645,-0.030068256,0.109465376,-0.12262095,0.17173699,-0.26072398,-0.006529007,0.07885625,0.052881945,-0.050845064,0.019393615,-0.06276322,0.1408085,-0.08156047,-0.053855654,-0.06335464,-0.2826958,0.1484452,-0.025382582,0.027658418,0.0033659786,0.048190065,0.100685164,-0.11017901,-0.09674137,-0.18532984,-0.1159461,-0.10755237,-0.24239637,-0.03421792,0.03144016,-0.005452782,0.00752043,-0.26006916,-0.019192815,0.087773986,-0.04792302,-0.08598033,-0.031900413,0.19677846,0.060003683,0.14506656,-0.1670388,-0.07187743,0.22245343,-0.10650364,-0.0926761,-0.07296867,-0.071689144,0.18738762,-0.12316312,0,-0.0450473,0.08183654,-0.17341991,0.26012862,0.042776093,0.1259839,0.17063046,-0.046154846,0.11305306,-0.05554683,0.19080904,0.25779995,-0.034275673,-0.15862072,-0.27682874,-0.032905784,0.030905286,-0.04503207,-0.19948491,0.07984766,0.057931304,-0.33951825,0.006186053,0.32336125,-0.12606987,-0.12176902,-0.095362,-0.28898135,0.09976069,0.027117595,0.037789278,0.18345642,0.21708196,-0.025912657,0.24161565,0.013569748,-0.13828252,0.05814193,0.25898173,0.003076028,0.0030240864,-0.099934556,0.14160557,0.024522437,-0.084602594,-0.17856053,-0.25278014,0.12791552,-0.034682017,-0.032113336,0.022216678,0.05390332,0.119686574,-0.26397496,0.0035910532,0.31238896,0.051548176,0.20162442,0.16282745,0.1150631,-0.032977942,-0.18904106,0.11322563,-0.07433223,0.092641234,-0.096875116,0.10047679,0.020215062,0.043926828,-0.033377312,0.02318155,0.122855015,0.21738276,-0.17720906,0.23437396,-0.026373185,0.042582307,0.27085823,-0.06589405,-0.1055153,-0.13764505,0.02940021,-0.21145442,0.33924723,-0.17714709,0.151417,-0.16918835,-0.013020103,0.08769462,-0.12906048,0.25119135,-0.049173705,0.06505819,0.15324917,0.0782063,-0.23412801,-0.18744314,-0.11999495,-0.04896732,-0.19127625,0.20740068,-0.08754415,-0.21939135,0.4260172,0.010703122,0.16114245,0.31766382,0.0398401,0.014521081,-0.1088492,-0.19327994,0.13310976,-0.043749154,0.3254603,-0.0011046715,0.247532,-0.07437877,-0.054432258,0.14134291,-0.023894276,0.24850345,-0.19723007,0.111332014,0.008457862,-0.18108943,-0.070919216,0.16708387,-0.040721193,0.29512134,0.029071935,0.041437257,0.23855308,0.007443212,-0.12040651
"(113.8736486578678, 22.81941202707593)",-0.6207639,0.14661407,-0.2939246,-0.13378094,0.15702888,0.58100885,-0.2991342,0.106587365,0.18333623,0.0067384094,-0.03865625,-0.49009657,-0.200266,0.177802,-0.1205795,-0.15566401,0.3739702,-0.00962653,0.052250467,-0.41842768,-0.16962144,0.38528827,0.22940695,-0.29195815,0.10989736,-0.092881694,0.3734437,0.19648136,0.3404792,-0.22435227,0.059245653,0.0013307631,-0.17365892,-0.049294673,0.08317587,-0.0139368605,0.57194805,-0.4146927,-0.05778872,-0.39768663,0.16379428,-0.009841226,-0.1666173,0.10203049,0.13009849,0.27002415,-0.16632538,-0.3581123,0.02723851,0.4644533,0.019332066,0.16099969,-0.048176784,0.28568518,-0.16999179,0.016505878,-0.06680916,0.5838202,0.15064204,-0.17162728,0.22231685,0.124253035,-0.016926747,-0.31574726,0.08357309,-0.21804893,0.44737893,-0.14973874,0.1941803,0.42019182,-0.2966033,0.3012914,-0.041796505,0,-0.20301467,-0.034529272,-0.34072408,0.030737646,0.15736784,-0.17676517,0.15165873,0.18159354,0.011354219,-0.08944444,-0.063472226,0.10154575,-0.155749,0.46163353,-0.10055826,-0.34360248,0,0.15168262,0.41946864,0.30207607,-0.28040215,0.6703445,0.20378938,0.1396987,0.27963954,0.26887882,0.18990007,-0.30370182,0.24373639,-0.3128482,-0.06031844,0.011827856,0.070823364,-0.112798184,-0.13704547,0.2454465,0.52269375,-0.1587449,-0.40289643,0.2260705,-0.17869729,0.48986328,-0.4247729,0.09445006,0.17867962,0.12385112,0.5011263,0.34029958,-0.07966314,0.34269363,0.12991269,-0.31548846,-0.2577151,0.08819688,0.06465297,-0.69314927,0.24048138,-0.13190405,0.16469127,0.25598043,0.094303295,-0.33059788,-0.16636518,0.40275192,-0.16075617,0.33562306,-0.067410216,0.09585579,0.38505715,0.06693097,0.33083868,-0.0734539,0.26503187,-0.6820326,-0.150632,0.16070212,-0.2886304,-0.091070615,0.17652148,0.009981051,0.28693792,0.18707289,-0.2586916,-0.13049811,0.34498978,-0.1861351,-0.04774165,0.49793157,0.012734078,0.53403264,-0.060792044,0.6125938,-0.11923429,0.20937166,-0.10967238,-0.31054497,-0.026535945,-0.10862927,-0.43281272,-0.16825849,0.10474602,-0.08728252,-0.08081658,-0.0016915918,-0.43770385,0.5642477,-0.19625233,0.07738835,-0.1475794,-0.070195526,0.23361978,0.026757423,-0.1920537,-0.08819463,-0.009779215,0,0.01182472,-0.60032725,0.35300398,0.391914,-0.16004062,0.23083976,0.0003521368,0.39914203,0.04690971,0.0049095005,0.13871577,0.246427,-0.043200042,0.48189095,-0.15723903,-0.055138692,0.4738909,-0.2649992,0.2624422,-0.005161412,0.5063287,-0.12511908,0.64808625,0.1737778,0.11591425,0.06763716,0.1769594,0.048487984,0.17045453,-0.4485877,-0.25715664,-0.24833573,-0.16531324,0.27181616,0.12862872,0.13164088,-0.40707716,-0.09360415,0.12502259,0.17264555,0.42922014,0.3039619,-0.47731593,0.15729456,0.19220118,-0.34764445,-0.04568744,0.10614014,-0.3913672,-0.021917202,-0.3020565,0.03742516,0.18261024,-0.017954752,0.011095133,-0.011183657,-0.46453583,0.13575347,-0.30856764,-0.26752955,-0.12097379,0.09578776,0.09672983,0.21154968,0.22556692,0.34266266,0.356455,-0.28910673,0.044352785,0.059122555,-0.012623243,0.100072406,0.12660417,0.27890292,0.1625049,0.051678192,0.18279383,-0.18012854,0.5633715,0,-0.12608379,0.08133634,0.1366303,0.09440109,-0.2713973,0.030793093,0.1099174,0.24703632,0.28307614,0.19006935,0.11371419,0.04023173,0.3438255,0.0037511662,0.43562287,-0.25807318,-0.45385674,0.15701552,0.70288134,0.028786356,-0.15987855,-0.2684101,0.26550126,0.57506835,-0.295599,0.49778792,0.43324807,-0.13986653,-0.20327933,0.22667009,-0.08807488,0.053898327,0.012496527,0.045795783,0.31175375,0.21029642,-0.231984,-0.21481709,0.11034797,-0.69895333,-0.24241075,0.09208824,0.20250827,0.8274969,0.23253034,-0.39685667,0.530802,-0.019061841,-0.46908584,0.04951737,-0.29026318,-0.12236062,-0.044104557,0.39387876,-0.20356122,-0.1147376,0.5229285,0.10992408,-0.06304276,-0.24028775,0.3765059,0.6946687,-0.25034645,0.3997596,-0.36092794,0.07545652,-0.021476423,0.3447403,0.12149716,0.26897687,0.05983261,-0.080546595,-0.17397684,-0.026717803,-0.21370764,-0.03987257,-0.53432757,0.07745527,0.059000216,0.11742137,0.3780159,0.17197268,0.011346862,-0.3633701,-0.053587876,-0.11891717,0.02133806,0.17538887,-0.19708574,0.21019949,-0.54531205,0.21306185,-0.066510454,0.05034075,-0.575565,0.24479724,-0.13380045,-0.04690362,0.122468635,-0.12819558,-0.2553002,0.062043853,-0.27304584,-0.3586379,-0.051902734,-0.56227887,-0.10464224,0.42081457,0.2289734,0.2545545,0.19585368,0.23071426,0.038681738,-0.29196063,0.27939284,-0.09172851,0.5920506,-0.07814803,0.23868118,-0.46701136,0.20314577,0.28432482,-0.35822457,0.08177513,0.08713373,0.056263655,-0.039635748,0.6228636,-0.09437678,0.67509806,0.061052535,-0.024297647,0.40200183,0.24226937
"(113.87412499739985, 22.60029382637884)",0.16385981,-0.22304964,-0.11851525,0.13995391,0.41864976,0.22513475,0.32792777,0.16536771,0.36041608,0.29305857,0.0171685,-0.214432,0.037994012,0.10823078,-0.029039226,-0.03865858,-0.19850866,-0.30281904,0.18074639,-0.08098818,0.24307582,0.0004974785,0.15555936,-0.32904735,-0.037338953,-0.09991674,-0.07540999,0.11440142,-0.17075644,0.17472859,0.086758316,0.02469547,-0.07630502,0.34047472,0.08260287,0.0950041,-0.21005249,-0.003830254,0.12796268,-0.018905282,-0.12524515,-0.21325058,-0.03426008,-0.15651083,-0.0070143975,-0.16211276,0.11651814,0.17840178,-0.04392408,-0.2071277,-0.05181005,0.056803584,-0.016498733,-0.051046953,0.22458258,-0.030046184,-0.1275436,-0.17838311,0.005194418,-0.2897891,-0.28532258,-0.12467726,-0.13209568,0.33268481,0.08774479,-0.1677567,0.21828106,0.10553259,-0.005095672,-0.16269505,-0.010145627,0.06107028,0.07887952,0,-0.07642216,0.026178636,0.20872793,0.106220774,-0.27262327,0.29032284,-0.04997577,-0.13645707,-0.08682661,-0.0654193,-0.10494141,-0.12800807,0.096326575,-0.31657478,-0.14613155,0.12364406,0,0.011655711,-0.08825075,-0.44826046,-0.21574727,-0.14377819,-0.005996703,0.0059704036,-0.18885459,0.051718626,0.20208931,-0.027441539,-0.13705558,0.16134197,-0.053336315,0.103839666,-0.030549318,0.32547548,0.12917484,0.06063761,0.0073478622,-0.28400826,0.06817923,-0.0029731914,0.10079946,-0.13886471,0.39368308,0.2363891,0.15758303,0.03455288,0.27287185,0.12804717,0.21320769,0.23882565,0.12933894,0.21014227,-0.13336992,0.019865239,0.105774395,0.4424411,-0.09387108,-0.067932524,0.21414822,0.039849468,0.14002848,0.23277362,0.1999732,-0.12847292,0.028022785,0.15987916,-0.06343609,-0.06699489,-0.34422144,0.078689806,0.08732565,-0.31590408,-0.15359993,0.13819455,-0.008967295,0.41256738,-0.19570623,-0.01720839,-0.023650989,-0.07050454,-0.0367853,-0.40282798,-0.21563753,0.27818823,-0.032353573,0.29081345,-0.31353712,0.014661118,0.37976205,0.13847363,0.39149576,0.12288282,0.034621596,0.08679041,0.10285659,0.05227378,-0.0016292427,0.03129752,-0.043444492,0.050082657,0.008831114,-0.096845716,0.08446704,0.08483039,-0.06048791,-0.017832544,-0.031382255,0.116064094,-0.034913365,0.13491818,-0.2295919,-0.015484106,0.10491227,-0.079855576,-0.16746777,0,0.08983602,0.2364949,-0.03121181,-0.09034054,-0.019519255,-0.26846397,-0.14984429,-0.16093203,-0.20840955,0.0037554875,-0.03902092,0.10314893,0.09860996,-0.14474514,0.10914123,0.11698535,-0.07266365,0.04355883,0.11372451,-0.084365934,-0.18562447,0.15047564,-0.21527857,0.12502651,0.55950356,0.1625003,0.07935936,-0.0065768734,0.05611358,-0.04259578,0.11693181,-0.16300353,0.19343609,-0.35567972,0.047077697,0.040074147,0.11619942,-0.054126747,-0.00585407,-0.07120139,0.08561872,-0.07537821,-0.09907905,-0.07011674,-0.30077726,0.1460462,-0.058620136,0.0747067,0.013564035,0.04924336,0.058571197,-0.12562041,-0.15737952,-0.14834927,-0.19320478,-0.16045365,-0.22125708,-0.077569276,0.011106405,-0.08489452,-0.022200242,-0.23703852,-0.0032150298,0.086415604,-0.09457811,-0.08841046,-0.09881923,0.26324287,0.083496585,0.13672104,-0.20252839,-0.1449748,0.2631123,-0.10974344,-0.060270745,-0.07191764,0.0031086504,0.2367855,-0.09453353,0,-0.11017775,0.09267188,-0.2187548,0.3457938,-0.024935573,0.12771347,0.14854963,-0.036643542,0.12528309,-0.09629142,0.21966718,0.30968398,-0.029083282,-0.16636491,-0.26159418,-0.043067593,-0.0011173642,-0.054432258,-0.2044032,0.099047855,0.06542605,-0.39397466,0.012957998,0.3375323,-0.14502563,-0.13100836,-0.071799085,-0.37174988,0.16680759,0.0023681186,0.037678204,0.18117793,0.20317277,-0.1015805,0.3079378,0.061109632,-0.16617274,0.057625245,0.3069807,0.032762744,-0.011128299,-0.10565646,0.16107005,0.016361168,-0.17470247,-0.20122257,-0.31440973,0.09875055,-0.101140946,-0.03233707,0.044010688,0.06331917,0.17837271,-0.35057956,-0.06603853,0.36472678,0.048430115,0.29807478,0.1314344,0.06597714,0.04654638,-0.23727952,0.1597743,-0.082241796,0.043201104,-0.0980148,0.100145444,-0.008210303,0.0019958243,-0.011649556,-0.0057532936,0.10326598,0.26219788,-0.22510415,0.3378741,-0.06667314,0.019314189,0.29669493,-0.09536846,-0.06218289,-0.14076936,0.033145618,-0.26145875,0.37901255,-0.26648155,0.18974927,-0.19175299,-0.08008726,0.10326836,-0.14527583,0.2155914,-0.048594564,0.10317268,0.16113213,0.07163076,-0.16315146,-0.24755657,-0.14157337,-0.08242014,-0.22342382,0.24813399,-0.17009796,-0.2270349,0.47493157,0.0077678915,0.19272652,0.35618603,0.008555796,0.04827966,-0.1491453,-0.20916066,0.16208296,0.009345762,0.372187,-0.055818863,0.29843122,-0.076681234,-0.0513099,0.07268952,-0.045599546,0.2733574,-0.21066336,0.101640254,0.011606365,-0.20228177,-0.0661085,0.17032741,-0.042484224,0.34714913,0.02923949,0.058235392,0.19151095,0.034071576,-0.15621033
"(113.87450946749551, 22.59575303550271)",0.20246193,-0.16670671,-0.09909212,0.14679821,0.4148696,0.1625516,0.34136575,0.14228353,0.27169436,0.31814915,-0.013642434,-0.14280789,0.11336368,0.061340503,-0.031781547,0.011765096,-0.14699592,-0.24193844,0.11748017,-0.0013994686,0.12110277,-0.06425937,0.116646685,-0.21861407,-0.0052588135,-0.0639765,-0.14666004,0.1362007,-0.16019242,0.20104313,0.10000415,0.08937237,-0.09070023,0.24187198,0.123692736,0.038361453,-0.19771221,0.019634299,0.08169319,0.016360387,-0.120289676,-0.10010431,-0.055018723,-0.15819253,0.025078423,-0.096028976,0.099730104,0.101275936,-0.008423977,-0.1957895,-0.068360426,0.08931272,-0.038558614,-0.04425347,0.1809785,0.05585575,-0.08121461,-0.1221598,-0.03397956,-0.19266883,-0.24644035,-0.122924894,-0.14281899,0.24504606,0.07084656,-0.12135411,0.15899871,0.06305513,-0.00709128,-0.17514782,0.0015381873,0.08032479,0.040102296,0,-0.13885163,0.025781412,0.2585286,0.13111627,-0.18828614,0.21596625,-0.007450793,-0.12899856,-0.0029075332,-0.10808037,-0.05559183,0.011403106,0.055699006,-0.34601447,-0.0594605,0.11317695,0,0.03326706,-0.09382843,-0.31312117,-0.14805284,-0.23264709,0.014917896,0.038852423,-0.11138647,-0.04789279,0.12665686,-0.040443808,-0.10344143,0.21608011,0.040037617,0.10359749,0.0063972026,0.31445646,0.12790106,0.053586535,-0.017703969,-0.19593622,0.07815302,-0.0056322813,0.11159911,-0.1370197,0.42422187,0.27646533,0.12988639,0.052899446,0.20806699,0.06303987,0.18873182,0.21206589,0.07819733,0.15773305,-0.12784156,0.027293814,0.1251905,0.43839362,-0.14556004,-0.07106169,0.10544117,0.046311334,0.083898984,0.14952682,0.24740666,-0.07773423,0.10926908,0.09099164,-0.044364125,-0.05579554,-0.23772475,0.09793984,0.037617423,-0.14752223,-0.16879086,0.19711909,-0.04949476,0.34920484,-0.0035852157,0.03513088,-0.06318347,-0.02195029,-0.02592006,-0.2659161,-0.12386051,0.26178053,0.06963942,0.32017738,-0.21911427,-0.013629958,0.2789126,0.096343815,0.31213734,0.11749648,-0.01552053,0.109885186,0.09136833,0.08618651,0.0018663574,0.1208503,0.031188428,0.07417349,0.025239501,-0.0015050247,0.1224924,0.07245247,-0.03967856,0.029366724,0.0018766355,0.11156445,0.01410481,0.19289313,-0.17656532,-0.016963776,0.099153705,-0.06878893,-0.13383079,0,0.09004706,0.27610642,-0.077107504,-0.09185058,-0.022872463,-0.2118892,-0.052622333,-0.10693129,-0.18304154,0.042386025,-0.127706,0.028759234,0.07316851,-0.14100991,0.085056014,0.080633685,-0.079130545,0.09080736,0.057399638,-0.036342017,-0.20436542,0.17875461,-0.19488452,0.12211354,0.4714127,0.16471228,0.07610344,-0.033211835,0.017149702,-0.026771642,0.120134816,-0.11227435,0.20064823,-0.2416729,-0.023333397,0.075798735,0.0810713,-0.06749564,0.021350421,-0.056190245,0.14818923,-0.106854655,-0.023977896,-0.041751042,-0.2737655,0.17149986,-0.017808083,0.009839028,-0.0055911243,0.041292973,0.10262459,-0.11102234,-0.08910506,-0.18411095,-0.105838716,-0.115614004,-0.27234134,-0.029463973,0.033327367,0.017391697,0.010163359,-0.2853158,-0.060539857,0.1096689,-0.038189225,-0.09878915,-0.01734344,0.22816044,0.025699005,0.13283926,-0.16597617,-0.0557751,0.20770277,-0.11429187,-0.118111104,-0.06425247,-0.09087941,0.19903006,-0.16510317,0,-0.020954907,0.052281998,-0.18841173,0.25229564,0.07389091,0.15705548,0.17816241,-0.068646416,0.10096044,-0.06761931,0.19904497,0.2562795,-0.01645229,-0.14901346,-0.29712597,-0.018118836,0.04558733,-0.05238974,-0.20713678,0.08453204,0.062011715,-0.31557727,-0.0066005886,0.2801105,-0.09395115,-0.13989258,-0.12677702,-0.27357703,0.07416335,0.047408268,0.018928139,0.2049194,0.21665493,0.012554303,0.2461971,-0.028085912,-0.117722824,0.05541141,0.24940778,0.037044212,-0.0068230033,-0.09051314,0.14529169,0.012758939,-0.09743032,-0.15473884,-0.2761918,0.12150553,-0.00790168,-0.04172209,0.019079797,0.059425294,0.11928426,-0.27513134,0.047866113,0.33451843,0.031312637,0.18880294,0.16792409,0.16093683,-0.07280491,-0.19741191,0.09426433,-0.0798454,0.1312439,-0.120935805,0.10783458,0.05486436,0.06507463,-0.0544106,0.040092878,0.13444021,0.2231006,-0.18234842,0.19722813,-0.016205557,0.0597259,0.269083,-0.070689395,-0.107971646,-0.15248905,0.024597298,-0.18884635,0.33653006,-0.16045842,0.1658318,-0.1724445,0.00029994082,0.08155049,-0.14577538,0.27396068,-0.05956065,0.06113209,0.16695996,0.10393545,-0.24717434,-0.18069649,-0.102739945,-0.06370721,-0.20814948,0.20197988,-0.0734727,-0.2276186,0.45727375,-0.019753786,0.15254502,0.31558615,0.029037949,-0.015043613,-0.09324156,-0.18969697,0.11481731,-0.06867408,0.34846488,0.014340106,0.2526436,-0.09040997,-0.07113409,0.12930408,0.009150528,0.26133108,-0.20988506,0.11674437,0.0028741732,-0.17069237,-0.08113799,0.18309411,-0.051006265,0.29997116,-0.0015998632,0.029512588,0.2697994,0.0034648776,-0.091042876
"(113.87549193715309, 22.59806229436744)",0.21213466,-0.12592675,-0.09666528,0.16449651,0.39640963,0.09594567,0.3918255,0.14108893,0.2405492,0.35492605,-0.028281815,-0.06626208,0.09286231,0.009904757,-0.06369698,0.022761974,-0.13822466,-0.20607862,0.08662793,0.060135636,0.11480876,-0.08366396,0.09995503,-0.18576708,-0.028219838,-0.06311306,-0.16910356,0.15539502,-0.20621648,0.21962136,0.11307815,0.122700594,-0.14354295,0.20559308,0.16485351,0.013237612,-0.21478441,0.061302,0.1053202,0.034999438,-0.127796,-0.017394595,-0.042703554,-0.17501047,0.021865949,-0.066888824,0.12169281,0.07131939,-0.008100465,-0.23307483,-0.092066474,0.08662954,-0.048510205,-0.078062266,0.22656876,0.14023215,-0.057234664,-0.15208572,-0.060269903,-0.19451383,-0.2471046,-0.13595413,-0.14649288,0.2148333,0.048995685,-0.0732794,0.12229533,0.01877005,-0.011452176,-0.16840018,0.03041178,0.08061156,0.018909752,0,-0.18373255,0.029154833,0.27495158,0.106520765,-0.20421472,0.22722673,-0.015750859,-0.14233306,0.037863385,-0.102964014,-0.05406792,0.059008166,0.06304774,-0.35708007,-0.0410543,0.102615334,0,0.099141724,-0.10024517,-0.27490866,-0.104492776,-0.33129305,0.026025634,0.016502887,-0.12333708,-0.0879149,0.055787742,-0.011501692,-0.09222953,0.271218,0.09878154,0.108436376,0.04710772,0.3229831,0.14952771,0.029033199,-0.0062248046,-0.18780749,0.09917384,-0.074724905,0.10511223,-0.1358689,0.49298567,0.2925134,0.11367353,0.060721476,0.20723464,0.02179229,0.20246343,0.19504969,0.093758665,0.16217455,-0.13676333,0.03139469,0.10574602,0.48221546,-0.18423319,-0.069903694,0.10064067,0.058623187,0.049515583,0.0896377,0.29986933,-0.08176714,0.14803576,0.04942438,-0.06041632,-0.06068637,-0.21480528,0.11655437,0.058310464,-0.10344574,-0.18183343,0.24317683,-0.05375289,0.3658961,0.06594227,0.058265038,-0.08899839,-0.03972687,-0.027270716,-0.19066495,-0.094622165,0.28578892,0.1210983,0.341133,-0.22585785,-0.04174672,0.20393267,0.044418592,0.30258712,0.068097204,-0.034920245,0.10734974,0.041540384,0.114647865,-0.002535319,0.1882178,0.108402595,0.10651677,0.08684074,0.032857284,0.15077169,0.08945863,-0.04966543,0.037726127,0.07578324,0.1174544,0.030097838,0.17376202,-0.17206055,-0.012658995,0.13525218,-0.061704434,-0.08115795,0,0.075567946,0.28760248,-0.09019502,-0.096819356,-0.0007847324,-0.24677944,-0.00308007,-0.11477598,-0.20814274,0.094530456,-0.16444366,0.013685018,0.061187875,-0.18307167,0.07109173,0.099558085,-0.09597786,0.13451299,0.026319958,-0.043325342,-0.22458194,0.23667115,-0.18783216,0.102895096,0.41381338,0.1778821,0.07840422,-0.014850654,0.049118623,-0.024777152,0.1333767,-0.06593501,0.21580264,-0.23807034,-0.026095781,0.10697054,0.1038048,-0.08853695,0.028140806,-0.07774047,0.1813614,-0.15779695,0.008377724,-0.082835704,-0.2789523,0.24100699,0.007137861,-0.0057961196,0.0006017983,0.011004426,0.10074046,-0.12124995,-0.09298023,-0.21212946,-0.07651146,-0.0757665,-0.27795473,0.0050803646,0.06585075,0.11279521,0.03151492,-0.2863847,-0.0699694,0.12802751,0.0030112937,-0.10040789,-0.008940861,0.225703,0.0011799261,0.16435143,-0.15984136,-0.009966336,0.21596926,-0.110974096,-0.13140006,-0.08939472,-0.11576827,0.22733071,-0.21439451,0,-0.017534956,0.020236397,-0.15997693,0.26102632,0.122202426,0.16062167,0.16719872,-0.05858637,0.065306306,-0.037975635,0.21584277,0.2620974,-0.025168061,-0.16286606,-0.31043234,-0.0003462527,0.10881657,-0.072906874,-0.15746143,0.06310427,0.07012816,-0.23432222,0.006913975,0.23636967,-0.106354505,-0.19269574,-0.15009551,-0.22551113,0.050084576,0.08226833,0.021058949,0.26455775,0.22962509,0.049889207,0.22517268,-0.057791665,-0.09973639,0.102669224,0.22445422,0.10688635,0.03469454,-0.11664863,0.14604783,0.00010978966,-0.14529218,-0.10636052,-0.30387807,0.12705752,0.029343616,-0.045511663,0.07402569,0.05746281,0.06344883,-0.25716785,0.13053715,0.33035773,-0.038717486,0.1998487,0.18954496,0.1938917,-0.11346099,-0.19886522,0.052760206,-0.078095235,0.20098561,-0.15931594,0.11923647,0.07026819,0.100542046,-0.076353565,0.063322134,0.1677072,0.2413682,-0.19492659,0.16339897,-0.001979664,0.13085029,0.245018,-0.070861705,-0.08821817,-0.16791669,0.035856005,-0.1562509,0.33998328,-0.13616943,0.15083116,-0.16989078,0.057076793,0.07644542,-0.13325883,0.2905837,-0.051732108,0.021207375,0.19287553,0.14088139,-0.24324344,-0.18735164,-0.09294757,-0.06124765,-0.19449677,0.23272574,-0.053418227,-0.2406804,0.45638475,-0.029608542,0.1572616,0.31371468,-0.014096234,-0.027927112,-0.09288369,-0.20297696,0.0934774,-0.095401935,0.329148,0.04690738,0.26454455,-0.13271864,-0.12391004,0.10481182,0.050503753,0.2814177,-0.17707777,0.117280066,0.00029477477,-0.20270336,-0.09277917,0.192043,-0.060641438,0.2872388,-0.023374714,0.05054425,0.30393654,-0.022614554,-0.07774819
"(113.87701114286972, 22.561978299270105)",0.10484104,-0.027612297,-0.020984769,-0.010415198,0.12453206,0.10053474,-0.026023053,0.058867864,0.12581176,0.20074338,-0.038136207,-0.004139792,-0.1020861,0.006353203,-0.2506794,0.029190186,0.101357,0.119760476,0.23435007,0.32532322,0.25022295,0.017437913,0.014046766,0.055013135,0.032017786,0.07058211,0.06520075,0.02560997,-0.23970503,-0.04820572,0.039870534,0.001589559,0.42620152,0.12176027,0.15422663,-0.15694724,-0.11231338,0.028268926,-0.021709342,-0.04620967,-0.31976277,0.29520652,-0.1601414,-0.14766057,-0.18496174,0.026377002,0.25421742,-0.018119294,-0.21271777,-0.0071523916,-0.016236678,0.06989893,0.07477382,-0.17040384,-0.18753964,-0.09671344,-0.2213718,0.08298505,-0.15084955,-0.27686125,-0.13958542,-0.093769684,-0.022972982,0.03566675,0.10956994,-0.2647543,-0.046736374,0.03744718,0.120096415,-0.28558594,0.0898565,0.07743636,0.10661034,0,-0.12920687,-0.02749056,0.117001936,-0.018433489,-0.23326164,0.17605281,0.0750231,0.017702162,0.1369056,-0.32271236,-0.055012833,-0.286645,0.034980945,-0.03814762,-0.22485635,-0.03968376,0,-0.076644726,-0.08727067,0.060504384,-0.007960036,0.2216812,-0.022629634,-0.04931079,-0.002913108,-0.012129378,0.36054185,0.1339176,0.05599888,0.10174893,0.2434281,-0.07930961,0.20257822,0.3409592,0.16177191,-0.23708925,0.14472887,-0.06827856,-0.004681878,-0.16148874,-0.12839207,0.2323659,0.037847377,0.23647884,-0.11902872,-0.18252015,0.4322827,0.031553768,0.10729614,0.2141752,0.1456176,-0.0003940761,-0.035449844,0.040411264,0.023866601,0.31093568,-0.37367103,-0.19134624,0.31413472,0.03473989,-0.062395006,0.03600806,0.4848674,0.0677962,-0.26783535,-0.07542623,0.2923804,-0.04137485,0.042358086,-0.18136603,-0.03743664,-0.23352772,-0.03482578,0.10927637,0.38657373,0.42129558,-0.08012907,0.15869117,0.22244908,0.031184822,0.34496838,-0.07908775,-0.031718075,0.25187936,0.09936654,0.22259177,-0.36480373,0.38999715,-0.065954015,-0.21871062,0.09862441,-0.089830406,0.2328863,-0.03400226,-0.078189895,-0.22598551,0.026967576,-0.05488284,-0.2538132,-0.06286754,-0.22042026,0.007880721,0.20883404,0.11366656,-0.078141,-0.18650472,0.34233367,0.16839403,0.035227705,0.01785548,0.1283957,-0.34753755,0.078345686,0.053578213,0.015268873,0,-0.10028577,0.14239815,0.14188011,0.10884316,0.24315664,-0.17633107,0.110474885,0.101596855,0.02047665,-0.104723915,0.08689612,-0.079767495,-0.0406265,0.0091274325,0.12714982,0.07276659,-0.17642914,0.10259633,0.26057598,0.07608498,-0.083642855,-0.083248265,-0.08777859,0.054661855,-0.18030483,-0.2419516,-0.0036845151,0.23482883,-0.063592695,-0.14049906,0.10632227,-0.27751043,0.4649734,0.0028580688,0.07722671,-0.13063563,0.47578403,0.031688042,0.11958136,-0.015742369,0.02135,-0.29340196,0.16393968,0.22951269,0.18584602,0.27165216,-0.0591805,0.20260862,-0.3715304,0.29865137,-0.13888776,-0.13517612,-0.00972162,0.052682325,0.08260666,-0.14723226,-0.048356444,0.053288464,-0.043418966,-0.3575427,-0.2215806,-0.26913172,-0.20601909,0.12428162,-0.02900786,-0.0654692,0.06892487,0.09573048,-0.13154921,-0.29561627,0.040417917,0.2366274,0.06552969,0.020657316,0.095228985,-0.07237568,0.20384745,-0.073666036,-0.24136528,0,0.038228177,-0.14213656,-0.21097903,0.109568566,0.1364398,0.16342238,0.075449005,0.18258111,0.17664972,-0.14499131,0.08260924,0.20867106,0.15641126,-0.14983854,0.2289239,0.09802232,-0.039792363,-0.00036515296,0.23687316,-0.077391356,-0.11256512,-0.08987966,-0.46317583,0.03663443,0.29107332,-0.19306946,0.11945653,-0.29031467,0.022014065,0.18827507,0.20122418,0.13915604,-0.0052622706,0.0858794,0.08801498,-0.14658204,-0.20189263,0.23087117,-0.08798456,0.13637292,-0.015600551,0.35692123,0.073445864,0.35734516,-0.24293508,-0.063050605,-0.25349212,-0.17263913,-0.12907994,-0.23057637,0.22277263,-0.05981795,0.3054877,-0.06068342,0.15217045,0.26897982,0.10750822,0.080664545,-0.15096274,0.14597711,0.0038198642,0.036622033,-0.051854655,-0.029542675,-0.08636266,-0.24321917,0.203385,0.27041864,0.26186863,0.16026638,0.21844345,0.08720158,0.12384471,-0.09204239,0.06187369,-0.08111386,-0.36761504,0.019722845,-0.21965694,0.19323231,0.20342477,0.15148528,0.1238706,0.0485152,-0.08903792,0.40284654,-0.023199596,-0.1746772,-0.21593669,-0.13247974,-0.028780468,-0.06723935,-0.09801349,0.18511893,-0.03308835,0.18413167,-0.07237905,0.3317762,-0.30894852,-0.33537474,-0.20389056,-0.12059147,0.09520102,0.389491,-0.26683447,-0.3823951,-0.0023125894,-0.058400113,0.026780773,0.32850623,0.10986672,0.06771508,-0.11652037,0.36691532,-0.011605039,0.275567,0.15184636,0.035322092,-0.15938306,0.0022808714,0.12444593,0.089372694,-0.24243696,-0.06547861,0.22788101,0.07624857,0.12059161,0.34809512,0.14186905,0.08700907,0.05577,0.09348997,0.029211655,0.09675409
"(113.87733270792708, 22.601998740897724)",0.18246096,-0.1723687,-0.10873218,0.14446303,0.40842742,0.17130591,0.3935883,0.16075826,0.2986546,0.34688395,-0.015967391,-0.13397409,0.06880316,0.04333038,-0.07586914,0.016853508,-0.1454137,-0.22825661,0.15733252,0.077443376,0.22363967,-0.02822347,0.13231575,-0.24630582,-0.038075704,-0.060336642,-0.10999022,0.16471706,-0.25074926,0.2068151,0.10048857,0.07437809,-0.05352389,0.27645034,0.1503514,0.012619084,-0.26810622,0.069603644,0.14386669,-0.013823368,-0.20108387,-0.059662335,-0.027826354,-0.20239717,-0.031662,-0.07258085,0.17007384,0.12082891,-0.036006793,-0.21473742,-0.06802169,0.06803297,-0.01296613,-0.13848625,0.20512235,0.06812108,-0.14194462,-0.17358881,-0.081067696,-0.28507912,-0.28495476,-0.14395732,-0.16471271,0.2515515,0.08499406,-0.15028253,0.15178593,0.04936247,0.009604065,-0.18261404,0.048732825,0.052620284,0.04956996,0,-0.14137806,0.03641848,0.24629118,0.09406505,-0.26271382,0.2901588,-0.047115345,-0.1463737,-0.011207115,-0.107450396,-0.101585776,-0.08178627,0.088967204,-0.3130459,-0.11005909,0.10541648,0,0.06349494,-0.12172828,-0.34677804,-0.1593813,-0.20478389,0.034842413,-0.03380637,-0.17309572,-0.041480865,0.16805872,0.009236045,-0.08600323,0.25629002,0.12505032,0.07795942,0.025076106,0.35612905,0.16079025,-0.008072004,0.049728606,-0.22853073,0.06747275,-0.10906131,0.08680702,-0.13236874,0.4281869,0.27531907,0.12867188,0.02309196,0.290272,0.033962056,0.2138775,0.22773327,0.15443103,0.17793481,-0.15065743,0.027930224,0.09399929,0.49481082,-0.19265889,-0.10316835,0.19579576,0.07779288,0.08494767,0.13561164,0.33999252,-0.10402487,0.012859236,0.074393414,-0.030893061,-0.08351271,-0.29890037,0.049966224,0.08602125,-0.19423738,-0.16639428,0.23186901,-0.0018604882,0.43244898,-0.087238625,0.059281133,-0.05979392,-0.052028418,-0.017304014,-0.31341285,-0.1878771,0.3368365,0.059063904,0.32879716,-0.31997496,0.008840434,0.23008604,0.051239934,0.33543435,0.06683418,0.017366087,0.042548284,0.04920301,0.07665198,-0.018144531,0.093353756,0.0051590875,0.061592624,0.0670539,-0.024756625,0.15449102,0.122750275,-0.08010781,-0.0015285835,0.06715927,0.16289064,-0.017385826,0.13161467,-0.21245232,-0.0333527,0.14527094,-0.07723921,-0.1273407,0,0.06010421,0.29999408,-0.062380143,-0.08311971,0.044330783,-0.3457432,-0.05832079,-0.13716555,-0.22988023,0.07492203,-0.090964355,0.051426157,0.07041371,-0.15385032,0.109203555,0.12101507,-0.135525,0.084010616,0.08500811,-0.08071173,-0.23123007,0.17349705,-0.23852302,0.08482978,0.40143743,0.13196567,0.0718814,0.034377553,0.06601684,-0.03131876,0.1585878,-0.16828002,0.2484477,-0.32727596,0.010045897,0.027196562,0.18497555,-0.086828165,0.021310546,-0.090036996,0.1589271,-0.18368348,-0.0014310821,-0.053870738,-0.25779873,0.2776006,-0.025250401,0.068700135,-0.04642549,0.03282673,0.02980462,-0.1332705,-0.14080487,-0.19542186,-0.10767016,-0.1713618,-0.2242448,-0.03706121,0.053462084,-0.042929918,0.0013889596,-0.2992112,-0.060391054,0.122935355,-0.026173934,-0.121025644,-0.071976446,0.25901097,-0.007103987,0.13398626,-0.16503286,-0.054987304,0.24084795,-0.10664306,-0.09121275,-0.09739966,-0.015857667,0.2107761,-0.21281973,0,-0.085470624,-0.0022243317,-0.22635569,0.33851454,0.071560286,0.17541516,0.14071423,-0.013312332,0.11449327,-0.035719644,0.24171941,0.3328411,-0.009739906,-0.19556764,-0.22235838,-0.0136362845,0.063159816,-0.07760319,-0.11111331,0.0723667,0.06561578,-0.30465388,-0.048566557,0.24380955,-0.084217146,-0.21955705,-0.11447345,-0.3260523,0.09581458,0.07937407,0.057153814,0.25340858,0.20829475,-0.020218194,0.25026163,-0.043649964,-0.16254158,0.14416397,0.20566358,0.08592013,0.009045802,-0.09175132,0.15562403,0.057881054,-0.22957833,-0.14173636,-0.3631699,0.0900024,-0.060124528,-0.06307186,0.13592526,0.054029405,0.13138042,-0.31627226,0.081875525,0.37341675,-0.04155583,0.28415695,0.16321057,0.15834266,-0.0125754215,-0.24102996,0.102561906,-0.07985818,0.11179887,-0.18863532,0.12206378,0.06749305,0.09836637,0.015921485,0.03984721,0.16417418,0.25751317,-0.2447732,0.22831452,-0.05104219,0.032316137,0.24995486,-0.095531404,-0.05620056,-0.12835005,0.04297627,-0.20855606,0.37966287,-0.21341762,0.23461393,-0.18177038,0.00844794,0.026647396,-0.09868342,0.24897778,-0.083674334,0.030770628,0.20959662,0.10665962,-0.1608048,-0.2327967,-0.08154899,-0.11332881,-0.225243,0.22052267,-0.116571106,-0.22157094,0.48852673,-0.04227175,0.15094763,0.29059812,-0.05674761,0.0065198876,-0.066923484,-0.1745905,0.09938808,-0.08170191,0.35142353,-0.016917951,0.30192873,-0.12338844,-0.06977431,0.060928345,0.035269115,0.27539617,-0.17847195,0.077018455,0.013905413,-0.20229635,-0.091372184,0.14853396,-0.014639093,0.32117516,0.0127002075,0.05601639,0.27399015,0.0125256125,-0.08501908
"(113.87740384217156, 22.566110091565708)",0.0995944,-0.073799096,-0.042005267,0.008704735,0.20786655,0.19397098,-0.0074981935,0.064153835,0.18300462,0.18031056,-0.044356015,-0.12349416,0.07179767,0.0911283,-0.14881709,-0.0038804412,0.06127982,-0.020109735,0.22369848,0.14960714,0.20782438,0.020401008,0.08054328,-0.04349585,0.02781571,0.013488229,0.0426889,0.054530933,-0.067521304,-0.014804602,0.054638185,0.022973515,0.27874374,0.18255606,0.09595321,-0.07704673,-0.034419604,0.006814778,-0.03880993,-0.05348835,-0.22444168,0.0837499,-0.15119123,-0.09462948,-0.08884774,-0.031507142,0.15911117,0.013398703,-0.14694864,-0.022058843,0.0043346435,0.06940634,0.055104427,-0.059774145,-0.1708057,-0.13949174,-0.17800617,0.13182443,-0.10548189,-0.15660873,-0.092583835,-0.06711036,-0.085780144,0.108152494,0.09525755,-0.23965949,0.048368834,0.06595875,0.06629765,-0.21301089,0.00046495348,0.069115795,0.07586523,0,-0.096204676,0.016631383,0.10357711,0.0615991,-0.15371016,0.1277245,0.058266323,0.0026999265,0.039202284,-0.21754794,-0.026807811,-0.21608986,-0.019453451,-0.06833043,-0.14938661,-0.042138264,0,-0.10017719,-0.028467588,-0.04114335,-0.07333708,0.23282826,0.011640132,0.021869913,0.022278646,-0.021267604,0.33266014,0.059421085,-0.001044359,0.04394053,0.10062273,-0.011090532,0.10445489,0.25897878,0.08674752,-0.13885531,0.08243891,-0.0961358,0.007915802,-0.023769028,-0.010707915,0.11776161,0.039039083,0.18127118,-0.04266995,-0.08176564,0.3313468,0.0865623,0.085634574,0.2035219,0.10356725,-0.00745596,-0.06383419,0.03450388,0.08305483,0.21813577,-0.18133333,-0.1067427,0.22911935,0.07625308,0.026696265,0.084773526,0.2960731,0.06698796,-0.1619955,0.039144926,0.1684955,-0.047459003,-0.02812089,-0.080264084,-0.034435876,-0.17228949,-0.024135547,0.038367327,0.21278892,0.3282054,-0.069168225,0.080687426,0.14271046,0.027341262,0.20089003,-0.17245674,-0.110811725,0.19381377,0.08861411,0.19833569,-0.2403985,0.29518694,0.088337615,-0.025035653,0.13527288,0.091629766,0.15464413,-0.00782387,0.061411306,-0.15609905,0.0147578735,-0.03516026,-0.25263774,-0.06287402,-0.17091873,-0.016282648,0.13055651,0.05329335,-0.07122622,-0.10241257,0.136182,0.13897681,0.005713433,0.052288625,0.049070828,-0.22468986,-0.0028578416,-0.0057775658,-0.13412851,0,-0.039105307,0.16112205,0.08485027,0.07890499,0.121930115,-0.14070858,-0.0071492866,0.0545071,-0.05902933,-0.1013965,0.083409876,-0.027730301,-0.007521318,0.065742,0.14937583,0.050226256,-0.09107606,0.07577866,0.18273553,0.038002945,-0.023652866,-0.07352051,-0.06910037,0.0931651,0.063369416,-0.12330447,-0.001063237,0.13886595,-0.11595876,-0.111398086,0.08226755,-0.28817308,0.3005923,-0.019893382,0.036937345,-0.05105464,0.25459453,0.018344123,0.1001298,-0.015288077,0.07427648,-0.1841432,0.07610803,0.17942461,0.057454348,0.14958747,-0.0659056,0.1557581,-0.26643863,0.2221098,-0.104317464,-0.11251404,0.008158343,-0.011172369,0.031209227,-0.16587743,-0.091727465,0.021948803,-0.014580987,-0.34438282,-0.14110407,-0.25275838,-0.10622297,0.06668684,-0.06143897,-0.053218745,0.074218504,0.06015233,-0.0471586,-0.1789307,-0.015219353,0.13416573,0.08077663,-0.016203903,0.064178646,-0.057749975,0.12506902,-0.048707858,-0.12169078,0,0.025177322,0.006207073,-0.14635359,0.07738742,0.11848591,0.10544733,0.13052318,0.06882186,0.21165588,-0.09701942,0.075224064,0.17728871,0.084118664,-0.13516933,0.119389355,0.021461878,-0.079359956,0.006985288,0.07902792,-0.025504863,-0.08348591,-0.22917874,-0.3627348,0.17844534,0.16019574,-0.06519272,0.1448452,-0.28824782,0.026774017,0.12078574,0.17070206,0.07327552,0.040647957,0.02394776,0.11572908,-0.06746587,-0.21496183,0.12655859,-0.0016310625,-0.05141916,-0.061376166,0.2223955,0.06551246,0.27640793,-0.05963181,-0.14094025,-0.15147665,-0.061563786,-0.14293408,-0.15235513,0.0968281,-0.03597494,0.25848833,-0.063727304,0.042388715,0.22686708,0.16688684,0.06668194,-0.05049336,0.07679975,0.032199662,0.032571733,0.031690054,-0.0036941823,-0.09145561,-0.14575705,0.14754222,0.17331322,0.16940203,0.1610466,0.14601919,0.084283546,0.0854501,-0.06474261,0.08258514,-0.06009508,-0.30478534,0.11873658,-0.124873206,0.076377794,0.15666288,0.13212274,0.0038101524,0.090318404,-0.06710338,0.30712995,-0.04835669,-0.14599143,-0.12292848,-0.11570166,0.036914162,-0.054031752,-0.019700902,0.1336627,-0.07906441,0.007249833,-0.05470323,0.19535288,-0.18992133,-0.27436548,-0.16533175,-0.076427124,0.0028128307,0.34768555,-0.11528396,-0.23960482,0.0650076,0.05292898,0.03229526,0.23615628,0.04887719,0.08584626,-0.09794635,0.3041669,-0.038808465,0.24114938,0.14227131,0.10529376,-0.020323828,-0.05484542,0.097717136,-0.017758444,-0.148922,-0.040074676,0.14612615,0.02310595,0.081856996,0.26641548,0.13495171,0.10556735,0.0426046,0.09672276,0.05229513,0.03333865
"(113.87745310782864, 22.58623388769146)",0.19772542,-0.18440342,-0.10199934,0.1463877,0.48224047,0.26611483,0.31907427,0.14016385,0.29833394,0.3167957,-0.01913616,-0.22458827,0.24606737,0.1174731,0.01956784,-0.009053383,-0.13842168,-0.2806287,0.12775028,-0.043812823,0.07724374,-0.08958214,0.10159611,-0.23521999,0.01187155,-0.047154542,-0.18313253,0.1644051,-0.10071759,0.20338607,0.07885948,0.092481166,-0.040782407,0.20150849,0.07234913,0.03778909,-0.1962944,0.017287813,0.02455255,-0.025167622,-0.11593991,-0.18308797,-0.090315044,-0.13950938,0.049612246,-0.14737134,0.05100126,0.100042894,-0.0018106997,-0.19288146,-0.06313185,0.11255373,-0.06462854,0.013070017,0.100055926,-0.015417967,-0.08966687,-0.028874539,-0.015895214,-0.09218233,-0.21307842,-0.10588031,-0.1657336,0.24947734,0.072590604,-0.1006867,0.14837089,0.11808722,-0.021513108,-0.15532853,-0.043354295,0.1047527,0.027011193,0,-0.15151273,0.047446106,0.2344075,0.1765424,-0.13699883,0.15685394,0.030068409,-0.113428906,-0.03403757,-0.10199851,-0.020004539,0.06658426,0.01398807,-0.37948516,-0.045301788,0.13773584,0,-0.061882332,-0.100717925,-0.37304407,-0.19458157,-0.20902257,0.035917755,0.09656906,-0.040577076,-0.086382136,0.15691218,-0.111196645,-0.11174244,0.16298552,-0.010421157,0.09219524,-0.02289389,0.29930225,0.08402444,0.09142555,-0.08981783,-0.1744474,0.0616247,0.074821986,0.13311848,-0.19313583,0.4203051,0.27482465,0.16902125,0.04823604,0.13134752,0.08908136,0.15856028,0.2645596,0.03522013,0.112071395,-0.0907086,0.019803582,0.15383235,0.38148922,-0.08845536,-0.05435849,-0.00025917497,0.03213511,0.11515238,0.21357365,0.1407651,-0.09891732,0.12769337,0.092515245,-0.055092447,-0.021681596,-0.25834027,0.10393619,-0.033266142,-0.14893955,-0.17317398,0.20681232,-0.07125045,0.27987844,0.049896512,0.036529683,-0.12510608,0.020387262,-0.09342459,-0.33742088,-0.120783865,0.1840719,0.062040724,0.301638,-0.17794985,-0.037686415,0.34388942,0.17607623,0.2986709,0.22604008,-0.050147958,0.12863497,0.13579705,0.10828973,-0.014301797,0.14412709,-0.06372534,0.07857156,-0.032667257,-0.010528438,0.0980351,0.022027118,-0.014044918,0.06902898,-0.119203076,0.118684135,0.030104946,0.24564897,-0.20313218,0.012765888,0.04003712,-0.111346364,-0.20465809,0,0.14982177,0.27982613,-0.11958281,-0.089839965,-0.10601784,-0.14957595,-0.13776468,-0.108892895,-0.1809582,-0.0010072999,-0.11847964,0.048951417,0.08157308,-0.10743909,0.10962951,0.029190496,-0.07338065,0.06319944,0.041080654,-0.022630503,-0.23512457,0.15828449,-0.17845394,0.15124954,0.52897096,0.14938447,0.067987025,-0.08961461,-0.046071313,-0.0024320036,0.107733205,-0.14841908,0.090984695,-0.1994325,-0.06699407,0.09332307,0.03387056,-0.07301039,0.04708956,-0.037846692,0.18005706,-0.08136819,-0.03395785,0.0015128572,-0.32307005,0.10651581,-0.0511523,-0.024894785,0.032462835,-0.011235021,0.07168848,-0.11169779,-0.05774875,-0.17991936,-0.13668576,-0.15381265,-0.3326152,-0.06949279,0.0295,-0.058904752,0.035465475,-0.3096055,-0.05973415,0.08180421,-0.08903908,-0.11196404,-0.0034428015,0.24228841,0.012924418,0.13630557,-0.20016173,-0.113089494,0.18824464,-0.14605233,-0.1597418,-0.05574785,-0.115015104,0.21842143,-0.11391218,0,0.00942003,0.10751667,-0.18158549,0.1626711,0.08737458,0.1756644,0.17887905,-0.17445329,0.15595394,-0.079375714,0.20137167,0.22545059,-0.010505095,-0.109598145,-0.320869,-0.079043634,-0.004801081,-0.04225064,-0.3468969,0.14057176,0.029798668,-0.38535416,-0.02701655,0.34210402,-0.08172942,-0.042108886,-0.14913687,-0.261019,0.082426205,0.019694816,-0.025296448,0.15616153,0.20806657,0.06067376,0.3134778,-0.04916255,-0.12375194,-0.052867062,0.30613032,-0.02498281,-0.06960602,-0.07510095,0.12969819,-0.032520372,0.033211015,-0.17321567,-0.24261737,0.11337443,-0.0038616993,-0.018701158,-0.10171719,0.06739173,0.16197999,-0.2904863,0.010959007,0.370231,0.08055394,0.14559324,0.20872436,0.1608803,-0.11546692,-0.1878772,0.13604757,-0.0418991,0.14284658,-0.08727924,0.09385784,0.04137161,0.016145833,-0.056047693,0.031070508,0.11605271,0.21611954,-0.16726434,0.17551383,0.010553785,0.051192183,0.33638445,-0.036782674,-0.16489786,-0.14111893,0.0025559738,-0.2106832,0.345882,-0.12354853,0.16588612,-0.17069794,-0.02827024,0.085371174,-0.19033965,0.3241016,-0.08627421,0.12822811,0.110684,0.0510622,-0.35311404,-0.12716743,-0.1226621,0.003149026,-0.21617861,0.2069237,-0.04191553,-0.30037227,0.47132102,0.052267924,0.17207429,0.33759746,0.11816844,-0.04361513,-0.12048061,-0.21070945,0.10513088,-0.052909218,0.40124038,-0.045327514,0.2494087,-0.06638584,-0.026443973,0.1539889,-0.03490862,0.27488872,-0.30037796,0.1361667,-0.03699702,-0.124761365,-0.101994805,0.15059549,-0.056614287,0.29401386,-0.025325034,-0.032123964,0.2606109,0.04752196,-0.0921835
"(113.87780561301226, 22.59249448839393)",0.2521098,-0.1974037,-0.10313389,0.16804093,0.46549043,0.18457882,0.38876057,0.14388494,0.26791343,0.351039,-0.023214743,-0.16960795,0.20484972,0.08611215,-0.012827419,0.028527964,-0.17251097,-0.2687308,0.11920275,0.01520573,0.10131671,-0.11380771,0.10339775,-0.19841293,0.008564435,-0.03927245,-0.21177146,0.15753467,-0.16887827,0.24610433,0.099459015,0.10991242,-0.07271457,0.2322653,0.12197967,0.02479949,-0.2521581,0.054147206,0.067027405,0.016098209,-0.13382599,-0.122235574,-0.05968389,-0.17429487,0.0391891,-0.11569048,0.09929124,0.10747339,0.01607234,-0.2313701,-0.08915947,0.1078458,-0.06711155,-0.041795373,0.16726619,0.05711921,-0.09609488,-0.12294751,-0.043199092,-0.14333269,-0.27042648,-0.13582094,-0.1598247,0.2612331,0.075387806,-0.094083555,0.14240119,0.09111817,-0.024093572,-0.21098514,0.0070890933,0.0842718,0.026816338,0,-0.17527242,0.049916316,0.3072999,0.17139086,-0.16991255,0.20915109,0.005275693,-0.14419279,0.0007070862,-0.121230304,-0.03890109,0.06517805,0.04512781,-0.42138055,-0.02627264,0.15176013,0,-0.0057338625,-0.1393581,-0.35008034,-0.15904036,-0.2932723,0.02866295,0.060918927,-0.08908463,-0.09848809,0.1259577,-0.07405263,-0.1136155,0.2585997,0.060501292,0.09569208,-0.006790906,0.33466908,0.13232596,0.062166788,-0.078322835,-0.18355909,0.087436385,0.014502615,0.14631993,-0.19315757,0.4952554,0.3147299,0.15467069,0.058424097,0.15862724,0.046620276,0.1923602,0.23796168,0.05489447,0.15188377,-0.11928621,0.022109952,0.15024447,0.4853059,-0.1558555,-0.07327564,0.041276142,0.047319215,0.10018552,0.18782882,0.24136502,-0.10216166,0.1353549,0.054043464,-0.06837201,-0.04840156,-0.2699543,0.11575528,-0.008009069,-0.106110424,-0.20387143,0.27340925,-0.085422054,0.33584857,0.07451339,0.057682447,-0.12850888,0.0051692575,-0.067827255,-0.30479,-0.10178241,0.25455797,0.08011677,0.35732746,-0.20096388,-0.0713254,0.30881858,0.114218146,0.32026634,0.1339814,-0.046977736,0.115776345,0.11239007,0.14267199,-0.009604009,0.16486545,0.031348534,0.08683713,-0.0031587183,0.020218834,0.14251025,0.05573875,-0.013751447,0.050818853,-0.044454034,0.13119993,0.03552292,0.25745004,-0.2185874,-0.005859446,0.091558084,-0.09293682,-0.17841017,0,0.12995903,0.3418299,-0.13325875,-0.13115487,-0.06263465,-0.22183028,-0.06966617,-0.12894854,-0.20930646,0.048452154,-0.16117266,0.021117583,0.07852226,-0.15026653,0.09688331,0.065710574,-0.12023394,0.098941654,0.033238634,-0.029136086,-0.28091598,0.18975809,-0.23078206,0.13866317,0.49323723,0.1711325,0.07516748,-0.06131775,-0.028006636,0.013698645,0.13995524,-0.12905158,0.17866679,-0.24977121,-0.083931655,0.08951766,0.09245677,-0.06976755,0.02388955,-0.05805414,0.17379269,-0.14066777,0.009008505,-0.026625453,-0.32727432,0.1901262,-0.01765852,-0.03435297,0.029858828,0.018125206,0.11597647,-0.11581548,-0.08616898,-0.22997521,-0.11169954,-0.1412619,-0.31022233,-0.052997213,0.038723323,0.017216727,0.04283691,-0.33807287,-0.09673236,0.107560925,-0.05072806,-0.13471177,-0.02657193,0.25082976,-0.00079805404,0.14349732,-0.19027609,-0.08973334,0.20439716,-0.15342072,-0.18149666,-0.07864337,-0.15221211,0.22035429,-0.2085458,0,0.010768302,0.057610594,-0.21702546,0.22347245,0.10402098,0.20521924,0.18269843,-0.12110855,0.11027724,-0.07566765,0.2072977,0.25383326,-0.028123759,-0.15255664,-0.36075157,-0.036029004,0.07161513,-0.06267265,-0.32442203,0.11992554,0.054807834,-0.33765942,-0.025839224,0.28836325,-0.07499453,-0.16037968,-0.1957197,-0.27474266,0.073095605,0.04461982,-0.0033337083,0.2238654,0.23376396,0.061388433,0.25890884,-0.07798238,-0.10591251,0.019421447,0.27664006,0.03762155,-0.032232862,-0.11086503,0.14208418,-0.033740122,-0.058211654,-0.14874849,-0.30907172,0.1355644,0.035763,-0.0288537,-0.021388225,0.075370446,0.13734129,-0.3152218,0.06405423,0.38307282,0.032899342,0.15741795,0.21304174,0.22124818,-0.14245981,-0.23235072,0.10685771,-0.08892302,0.18554512,-0.14347133,0.116883084,0.05850147,0.056544445,-0.07957586,0.03606256,0.1467838,0.23173481,-0.19029886,0.17099363,0.009623632,0.10657811,0.31318197,-0.06556994,-0.17031844,-0.18984148,-0.008176066,-0.21049339,0.3859247,-0.13526383,0.18956769,-0.19680662,0.009308311,0.086215995,-0.18432784,0.36239067,-0.099281274,0.07856926,0.15615258,0.13395283,-0.3485291,-0.16460389,-0.11291051,-0.04694154,-0.22647312,0.22987372,-0.06120331,-0.2628674,0.50985444,0.002495883,0.19383825,0.33785093,0.036721375,-0.056848984,-0.12004453,-0.19930018,0.08703005,-0.10059362,0.3874147,-0.008980088,0.27538612,-0.12837566,-0.071757205,0.16599296,0.028544147,0.2870685,-0.29379392,0.15487081,-0.010273673,-0.16473836,-0.11719401,0.1956229,-0.09048353,0.32300213,-0.044445332,-0.0085035525,0.31716546,-0.005979754,-0.084150404
"(113.87859355502312, 22.67130220215194)",0.04024432,0.013044732,0.07747032,0.04014585,0.25939158,0.16197622,-0.025224272,0.029191287,0.08528693,0.3212307,-0.11533296,-0.040289626,0.14187503,-0.09307233,-0.035180233,-0.06760573,0.16061935,0.19994822,0.097681694,0.3660525,0.2550574,0.052621525,-0.07173923,-0.1344869,0.039542828,0.053922545,0.033633478,0.11188456,-0.30195042,0.014995836,0.13388972,-0.06535186,0.5051638,0.12499479,0.24836233,0.019926181,-0.089566864,-0.043865487,0.21432602,-0.022689342,-0.18824133,0.08587324,-0.26744014,-0.03312349,-0.1268597,-0.16461796,0.19423759,-0.035608772,-0.26022235,-0.0673614,0.09946887,0.04846582,0.043212425,-0.08298209,-0.15112168,-0.1116834,-0.15674071,0.10192121,-0.0033255592,-0.18808466,-0.020914417,-0.10846192,-0.27374765,0.02877666,0.026737042,-0.14512256,-0.11671196,0.045476165,0.02213588,-0.1259871,0.14566487,-0.032107793,0.09561907,0,-0.12479273,0.01476014,0.014528144,-0.252551,-0.34813747,0.2028816,-0.050412197,-0.037290663,-0.04042391,-0.2890262,-0.0012267493,-0.2572866,0.10987271,-0.04868614,-0.24304244,-0.25473297,0,-0.21472585,-0.013049014,-0.20062344,0.040273905,0.16034788,-0.06097085,-0.08248752,-0.07437787,-0.15939067,0.3534423,0.17148387,-0.09535371,0.034323037,0.2812217,0.09097357,0.223176,0.32478216,0.35922104,-0.20875233,0.13709635,-0.044160448,-0.17020988,-0.20060828,-0.12740107,0.17612293,0.07663095,0.24493256,-0.0854719,-0.2936739,0.32221007,0.07729212,0.16597457,0.2755687,-0.049531408,-0.09262848,0.13781857,0.015716486,-0.0034278706,0.16005526,-0.21113396,-0.007834161,0.23434351,-0.12592259,-0.23776495,0.2055972,0.27514663,0.034461346,-0.1587255,0.042816482,0.35365066,0.018544136,-0.26099387,-0.06208419,-0.21582785,-0.16919729,0.03400413,0.03936185,0.36265635,0.24568656,-0.022030454,0.07745369,0.04264073,-0.11064191,0.102079526,-0.34211564,-0.22331515,0.11339324,0.057743974,0.24486293,-0.2619307,0.2235032,-0.045335308,-0.15683326,0.01601556,0.226349,0.036146,0.011566848,0.033409312,-0.3131232,0.057791255,-0.010937886,-0.20046201,-0.07813683,-0.2852484,-0.09201419,0.12934662,0.12910613,-0.010113314,-0.11466658,0.24412899,0.088142745,0.018619832,-0.045580722,0.013517879,-0.14047307,0.013408847,-0.0089168865,0.030882727,0,-0.121294886,0.018855855,0.16311422,0.14916824,0.07121854,-0.22847082,-0.09553048,0.11730493,-0.002886884,-0.059006464,0.13492681,-0.06334576,-0.017591579,0.11599369,-0.04040073,-0.13332763,-0.30794036,0.045601636,0.27361608,0.10350286,0.010025889,-0.107485004,-0.18027344,0.055306755,-0.024912618,-0.10506581,-0.035594,0.23709303,0.07962696,-0.21257153,0.09342751,-0.26328623,0.46822453,0.024231013,0.176782,-0.06363401,0.41393584,-0.15921617,0.009609275,0.051626056,-0.06425911,-0.21447605,0.07293967,0.32545406,0.14805456,0.09239565,-0.086924374,0.17887637,-0.2810222,0.09276577,-0.3281899,-0.09947597,-0.028525649,0.25997365,-0.11877601,-0.34742033,-0.1878536,0.025172044,0.011579242,-0.349499,-0.17624345,-0.1519261,-0.21414177,0.1615268,-0.11903673,0.0030908212,0.12009034,0.37720117,-0.13676877,-0.28401613,-0.08795376,0.09827084,-0.006743662,-0.0070166066,0.1250405,0.092791885,0.26981723,0.18711776,-0.10572212,0,0.013326749,0.016690599,-0.09784328,0.1607419,0.22612266,0.11897584,0.19139914,-0.20000325,0.1108012,-0.26189113,0.12312321,0.15360653,0.20445564,0.037700936,0.10506533,0.11355047,-0.13691491,-0.06273807,0.17693621,-0.0107057225,-0.0048640706,-0.122284815,-0.39111385,-0.16200468,0.24417678,0.044513986,0.3402273,-0.26353142,-0.07232799,0.21157041,0.04350786,0.089846976,-0.09650235,-0.03903444,0.2718533,-0.08267474,-0.10855201,0.03443243,-0.021621685,0.103013806,-0.22530395,0.18622148,0.08973384,0.1195488,-0.2709362,0.007884793,-0.20185587,-0.1495733,-0.24067988,-0.17306793,0.09066147,0.014990002,0.27808064,-0.19523019,0.09276373,0.29819736,0.041571833,0.23018688,-0.15466891,0.03873072,0.12805304,0.056059763,0.014595002,0.037476704,0.0014771,-0.17258734,0.11250216,0.3043927,0.14440393,0.12863162,0.18154243,0.07814411,0.11504483,-0.082632065,0.017998189,-0.09936501,-0.21576783,0.13152273,-0.11214677,0.30935764,0.14518851,0.23458879,0.11024772,-0.06861938,-0.061136775,0.32957706,-0.05605336,-0.22545473,0.0069922283,-0.22998346,-0.0926488,0.055828698,0.10865621,0.22276452,-0.013559304,0.19320698,-0.09858579,0.2563067,-0.326013,-0.38708,-0.29732385,-0.13801704,-0.038973674,0.51532257,-0.24241963,-0.24539207,0.10478297,-0.018310588,-0.043694478,0.3338589,0.034971293,0.028715637,-0.087342046,0.35239592,-0.047863238,0.35900393,0.1187376,0.11111857,-0.3925872,0.115031034,0.07747478,-0.021407902,-0.16878082,-0.03589113,0.16363478,-0.03857269,0.12331051,0.22656363,0.10872801,-0.100391924,0.12974915,0.031478763,0.14397317,0.16829121
"(113.87948915368712, 22.564553300240046)",0.077890486,-0.03427778,-0.04612928,-0.013081046,0.15272789,0.14059925,-0.008467592,0.07880823,0.16792312,0.19155608,-0.01741004,-0.057437543,-0.15434596,0.0055260435,-0.2224021,0.027928632,0.08271302,0.061573394,0.19527769,0.2071346,0.17413163,0.028182788,0.02825243,0.0010724217,0.046488795,0.035037186,0.052901275,0.025046766,-0.22390395,-0.021595418,0.040301748,0.00041162968,0.31712943,0.095988475,0.13437063,-0.10783552,-0.090759344,-0.03658092,-0.041356225,-0.042206045,-0.24728072,0.24442849,-0.15878354,-0.1557216,-0.1423409,0.03539323,0.20257293,-0.0095969625,-0.17586677,0.022269847,-0.029397652,0.08194031,0.057541423,-0.120297804,-0.09259007,-0.07093118,-0.17841399,0.08382573,-0.10351822,-0.29101577,-0.14455816,-0.07764039,0.0077962466,0.037993804,0.11315414,-0.263132,0.024759866,0.03234436,0.12308791,-0.233106,0.04515647,0.11484205,0.10370161,0,-0.12090524,-0.050170954,0.12126736,0.012705937,-0.19161816,0.14218375,0.08408333,0.006574571,0.10843122,-0.28292608,-0.060881343,-0.23456545,0.031981878,-0.050571464,-0.20773536,-0.0093913525,0,-0.036075942,-0.05668281,0.022588292,-0.059349343,0.15093616,-0.017035775,0.002106592,-0.00057848357,0.015951592,0.30063847,0.072204255,0.027101386,0.081495464,0.17002355,-0.057816014,0.15132415,0.31302738,0.12995364,-0.13948786,0.15453923,-0.080591336,-0.010288648,-0.09684739,-0.15156405,0.20727906,0.039393667,0.21985352,-0.072564825,-0.13557215,0.40872717,0.05673399,0.098441705,0.19996703,0.13164529,0.018753678,-0.05820599,0.04377593,0.031552278,0.27788872,-0.32701853,-0.19787599,0.28637987,0.0033370256,-0.02344992,0.019422097,0.42340648,0.06516723,-0.20710728,-0.040451102,0.25030994,-0.018473849,0.03805378,-0.14613166,0.0016854927,-0.24856406,-0.04450681,0.085327,0.32128662,0.39721143,-0.106061205,0.123832665,0.21332851,0.058628008,0.3459544,-0.087362975,-0.040199533,0.2357977,0.07215086,0.19699724,-0.32910895,0.3534433,0.019225895,-0.14371267,0.12233961,-0.06482271,0.20618966,0.02674006,-0.07443015,-0.20222358,0.02276325,-0.043985456,-0.19640365,-0.043491088,-0.14333577,0.0043924227,0.18283956,0.09573325,-0.095426075,-0.12445071,0.26394606,0.14430764,0.027904179,0.034771487,0.12720498,-0.27812138,0.074061856,0.042602286,0.019475993,0,-0.06008927,0.09463676,0.13232158,0.10126354,0.19810066,-0.11661773,0.10160065,0.10603479,0.051727,-0.07522629,0.044401824,-0.056712434,-0.026297396,0.00068297423,0.115379214,0.05721225,-0.09989838,0.07590957,0.24142909,0.054509602,-0.070938304,-0.037689522,-0.07548453,0.08463144,-0.047266595,-0.16236702,0.024830384,0.1509014,-0.018397532,-0.15861855,0.06941405,-0.2148025,0.39652205,-0.00231627,0.07726213,-0.10607028,0.3582306,0.05337444,0.104782775,4.3682754e-05,0.07661049,-0.20242353,0.069726214,0.19576867,0.116212085,0.18089296,-0.059585694,0.17706338,-0.31650794,0.25603807,-0.055168323,-0.10795094,-0.0021071117,0.03804089,0.066238016,-0.11827875,-0.12027067,0.04227447,-0.055195905,-0.28254765,-0.20272344,-0.25208515,-0.16489153,0.13387904,-0.019037731,-0.052088715,0.081513695,0.099361315,-0.09137198,-0.20063505,0.0027487054,0.20709416,0.08141866,0.015092157,0.06952843,-0.06488182,0.18618706,-0.029018998,-0.16957477,0,0.027005069,-0.12860794,-0.20755237,0.13510728,0.09513673,0.15460065,0.07624021,0.15314835,0.14758208,-0.110072434,0.10763085,0.21312116,0.15051667,-0.12512553,0.16433102,0.079071976,-0.07105746,0.017313842,0.1932988,-0.040873274,-0.07702166,-0.14810318,-0.31884038,0.14879893,0.19793287,-0.12728316,0.082856014,-0.2703244,0.038782686,0.15738586,0.14693254,0.1087408,0.02683662,0.096823886,0.15163644,-0.10473073,-0.19127816,0.16839176,-0.011699762,0.11049885,-0.013608549,0.30178523,0.08642836,0.34120756,-0.20301528,-0.08810534,-0.18481573,-0.14026713,-0.12487431,-0.20738119,0.16024669,-0.04554816,0.25960612,-0.07131799,0.107611544,0.27532387,0.1407283,0.07714352,-0.1005212,0.13655177,-0.007123608,0.026860105,-0.03288447,-0.036148623,-0.09561668,-0.19655797,0.1750057,0.23950122,0.22794613,0.11044252,0.2016201,0.06280617,0.13429171,-0.09504056,0.089451805,-0.06997858,-0.34202558,0.045961678,-0.19097802,0.14064093,0.13865715,0.11582799,0.10820013,0.068017974,-0.11609075,0.3224775,-0.030313525,-0.11759181,-0.1653086,-0.14339678,-0.02251774,-0.049012445,-0.07658842,0.17228116,-0.0427519,0.13813671,-0.09030226,0.25635374,-0.2457544,-0.3060623,-0.14256775,-0.08828484,0.037371647,0.35837486,-0.24321571,-0.32595927,0.050453905,-0.00029820576,0.037687767,0.24103604,0.06258662,0.10608828,-0.06601321,0.3726472,0.017487422,0.21438564,0.16229689,-0.02249854,-0.08153468,-0.031096943,0.14686567,0.080319524,-0.20556371,-0.05237347,0.14667097,0.095319904,0.13086876,0.31612718,0.15292862,0.12550348,0.03801622,0.11366918,0.04593914,0.08286295
"(113.879844935447, 22.5638563069813)",0.072661355,-0.029896108,-0.04432361,-0.015839102,0.14763544,0.13956656,-0.016972646,0.077162154,0.1655424,0.18823646,-0.017772004,-0.05497319,-0.15851325,0.0034510903,-0.22347951,0.026044477,0.08828877,0.06796094,0.19483644,0.20876637,0.17447615,0.031810716,0.027055293,0.0022996813,0.04656375,0.03537438,0.058694832,0.023346283,-0.22197954,-0.02749759,0.03996443,-0.0016290247,0.32228923,0.09378023,0.13470197,-0.10839043,-0.08435164,-0.039658293,-0.041380975,-0.043334175,-0.24664107,0.24804032,-0.16080934,-0.15258269,-0.14401156,0.036579527,0.20200975,-0.012689862,-0.17938963,0.026936116,-0.02652216,0.0811391,0.059630822,-0.11923447,-0.09790421,-0.073274285,-0.17775105,0.08857749,-0.10277152,-0.29124877,-0.1393055,-0.07586253,0.008380216,0.0334761,0.11238499,-0.26457077,0.022719964,0.030600768,0.124754176,-0.22993919,0.04513354,0.114459,0.104593016,0,-0.11871458,-0.05170444,0.11508277,0.0076875836,-0.1919942,0.14001685,0.08444105,0.009770095,0.10914394,-0.28422385,-0.06035309,-0.23819648,0.031591974,-0.042288274,-0.21041963,-0.015061431,0,-0.036898337,-0.052459516,0.028660038,-0.056565158,0.16025732,-0.018292714,0.00076682866,0.0010416005,0.018206526,0.30267215,0.07503172,0.029265527,0.07566966,0.17019264,-0.058152363,0.15462454,0.31069937,0.13019542,-0.14197457,0.15875651,-0.078673534,-0.013328068,-0.09807498,-0.15563786,0.21441545,0.030206507,0.21710077,-0.07635087,-0.13892286,0.4113536,0.058188014,0.096612066,0.19933543,0.1311718,0.015378863,-0.055824917,0.044105828,0.02929429,0.2698565,-0.32638794,-0.19706102,0.28925997,0.002405502,-0.0273972,0.016840337,0.42243272,0.06869897,-0.21066481,-0.038912542,0.2556402,-0.017541822,0.043228254,-0.14889464,0.0012632459,-0.24998772,-0.03994064,0.07808304,0.32704604,0.39513427,-0.10913275,0.12314127,0.21890584,0.05712597,0.34981626,-0.08299796,-0.04052092,0.23279682,0.07260833,0.1928481,-0.3287841,0.36021012,0.013437584,-0.14644377,0.11764766,-0.063526876,0.20838414,0.025851384,-0.07610898,-0.20948967,0.024150146,-0.047774926,-0.20042709,-0.04578919,-0.14604726,0.0031809136,0.18112262,0.09626763,-0.09630517,-0.12622629,0.26816186,0.14240423,0.027391631,0.029735096,0.1329953,-0.28066975,0.07239206,0.04482214,0.023822151,0,-0.06400135,0.0872434,0.13802306,0.10665341,0.20054454,-0.112925716,0.10273819,0.110637344,0.05620652,-0.07785253,0.048960596,-0.057283044,-0.027791383,0.0045734514,0.11339328,0.055673435,-0.09792264,0.07468641,0.2445594,0.056726165,-0.06342985,-0.041690014,-0.07044158,0.08313231,-0.054952644,-0.16652852,0.023841245,0.15473104,-0.016796,-0.16256914,0.06725395,-0.21508473,0.3985268,0.003551986,0.08193022,-0.107636735,0.3592348,0.052817963,0.10569101,0.0020007417,0.073212385,-0.2003862,0.06916828,0.19917706,0.1245134,0.17777744,-0.0601145,0.18042034,-0.32180458,0.25832626,-0.060107253,-0.107279606,-9.336881e-05,0.045268,0.067367345,-0.11754402,-0.11752339,0.04468273,-0.056567967,-0.2863658,-0.20643228,-0.2473883,-0.16421072,0.13406628,-0.018802322,-0.048109964,0.08481666,0.09724474,-0.09154898,-0.20630598,0.005951263,0.21122646,0.07861176,0.019104883,0.07540664,-0.062155765,0.19226226,-0.032473072,-0.16548197,0,0.02695077,-0.1288049,-0.20397383,0.13284475,0.09463534,0.15118985,0.076133996,0.1553914,0.14806655,-0.11149764,0.10525322,0.21039115,0.1540112,-0.122377545,0.172895,0.080569446,-0.07511608,0.018670041,0.2037472,-0.044116788,-0.07867954,-0.14418754,-0.32198817,0.14441499,0.20095608,-0.122626476,0.09124707,-0.2685583,0.036601737,0.15904528,0.14818496,0.10572093,0.022584468,0.095030576,0.15016492,-0.102736026,-0.19137233,0.1690457,-0.01617546,0.10933026,-0.014315199,0.30747008,0.08569734,0.34590483,-0.20358662,-0.08730646,-0.1800555,-0.14407603,-0.12894894,-0.20912415,0.16112888,-0.04751033,0.2600637,-0.06553422,0.10700015,0.27048042,0.14230797,0.076982796,-0.106693916,0.13152435,-0.002065856,0.0336961,-0.03542129,-0.033368014,-0.10027296,-0.19457194,0.17444685,0.24211876,0.22916445,0.11356047,0.20344594,0.0608498,0.1315237,-0.09212641,0.08750279,-0.071489766,-0.34854427,0.04150728,-0.1913411,0.14766182,0.14539,0.11964725,0.11327769,0.05943258,-0.11484068,0.32198745,-0.026863731,-0.120630085,-0.16725308,-0.14152035,-0.031797357,-0.045347773,-0.07719739,0.1720573,-0.047096737,0.14764959,-0.08858835,0.2609223,-0.24796987,-0.3059764,-0.15005612,-0.08848994,0.04145447,0.35337344,-0.24607022,-0.33414412,0.045771092,0.0006268285,0.039776165,0.247662,0.06582685,0.10678397,-0.064335994,0.3693327,0.018711992,0.21271667,0.16818382,-0.019957632,-0.08755571,-0.032600164,0.14330763,0.0874522,-0.21087824,-0.052719012,0.151963,0.09836993,0.12905157,0.32217145,0.14839295,0.12777111,0.040246967,0.10798053,0.04814039,0.085255615
"(113.880120254944, 22.58139611189761)",0.14657882,-0.16689596,-0.09000124,0.1234634,0.45476437,0.2950641,0.24914782,0.13295357,0.32678732,0.27765775,-0.018079363,-0.23685332,0.23873404,0.12809423,0.02576711,-0.053511813,-0.11125974,-0.2768223,0.15174243,-0.07535446,0.12821305,-0.03834843,0.11833396,-0.28102416,-0.014338773,-0.07559651,-0.11383066,0.15290566,-0.049126316,0.14728403,0.07204304,0.06418583,-0.023561664,0.22678334,0.04233311,0.06274241,-0.13244918,0.00075688213,0.028108042,-0.04609557,-0.10978281,-0.2277861,-0.1014678,-0.103935316,0.036317818,-0.17845152,0.03913942,0.11214073,-0.044382423,-0.17495374,-0.025752813,0.086074166,-0.032640647,0.032295406,0.063858904,-0.08096711,-0.08836293,0.012622073,-0.003381962,-0.09017558,-0.16224986,-0.0853752,-0.17980093,0.26254827,0.06255453,-0.12205971,0.1551063,0.12233926,-0.022702213,-0.10901646,-0.06899704,0.08818857,0.03844053,0,-0.101552464,0.047686595,0.15425,0.14197025,-0.15593305,0.15447703,0.013719555,-0.09364004,-0.08126439,-0.064585924,-0.02289175,-0.010529548,0.0045901164,-0.30261293,-0.08659331,0.090588614,0,-0.08008795,-0.049644686,-0.39441183,-0.20290512,-0.10004415,0.030376479,0.08754058,-0.04866924,-0.052935567,0.19189131,-0.08151121,-0.120988026,0.07730617,-0.073260315,0.10283381,-0.024340376,0.2651857,0.059328124,0.0744559,-0.06459075,-0.19180499,0.052995197,0.08049077,0.123366855,-0.17210108,0.33271983,0.20776984,0.15137044,0.034204345,0.15013236,0.12630202,0.14374177,0.2561996,0.049749352,0.10029125,-0.07665403,0.01797836,0.13704531,0.3049357,-0.02230017,-0.02069852,0.044071004,0.03451908,0.12054735,0.2258232,0.08075782,-0.09442617,0.092315584,0.15006769,-0.039590526,-0.025998857,-0.27038008,0.08791406,-0.020998009,-0.21066436,-0.12669584,0.119280115,-0.03112254,0.26488376,-0.032139968,-0.000279665,-0.08383091,-0.0107206255,-0.10460158,-0.37062123,-0.17750348,0.1580084,0.030634247,0.24839176,-0.18646365,0.013027094,0.35316128,0.196619,0.29365698,0.27308914,-0.020447927,0.10397422,0.15783173,0.050393872,-0.011733236,0.09692836,-0.12850207,0.05859887,-0.034599528,-0.05907972,0.055136725,0.014624831,-0.027730353,0.0347716,-0.12792793,0.10266196,0.0020101257,0.170587,-0.18807393,0.015340839,0.010602936,-0.1119962,-0.22066146,0,0.12304944,0.2234754,-0.075414255,-0.045173004,-0.09676987,-0.14477699,-0.1965781,-0.11023622,-0.18261115,-0.038101252,-0.0422965,0.07808302,0.08208453,-0.07237583,0.13025917,0.028707504,-0.04042384,0.047945566,0.056723766,-0.03857945,-0.14999174,0.12221139,-0.1460393,0.1399493,0.54025775,0.12815723,0.049596712,-0.064430095,-0.039526112,-0.030101351,0.09009722,-0.1740399,0.05992285,-0.19312501,-0.0069740526,0.08639459,0.012538765,-0.076157846,0.05258867,-0.041213132,0.14989403,-0.047963273,-0.068760596,-0.0003232751,-0.29162222,0.0646033,-0.076612025,0.027203634,0.015987769,-0.013493963,0.009238601,-0.11627764,-0.05925802,-0.12004538,-0.15833929,-0.16624334,-0.28365827,-0.06884806,0.04345846,-0.13225059,0.01409059,-0.25549734,0.0026493818,0.048267454,-0.12130789,-0.08242314,-0.004592143,0.2253159,0.047019675,0.11778749,-0.19512792,-0.115119405,0.18633203,-0.12414085,-0.087795645,-0.04369955,-0.03626086,0.21094844,-0.03558903,0,-0.02873196,0.15672526,-0.13263679,0.15415779,0.07211978,0.107884645,0.17462394,-0.17978436,0.18469685,-0.07792345,0.18865763,0.21899968,-0.01528886,-0.09531599,-0.24704736,-0.09171185,-0.05690954,-0.03545461,-0.2888861,0.12133549,0.020963863,-0.40652245,-0.051280588,0.35609832,-0.09822087,0.028395917,-0.04369261,-0.27201888,0.10273644,0.0016880184,0.0027232785,0.10105422,0.17531957,-0.007516116,0.32462844,0.011533951,-0.15974002,-0.05006341,0.29296908,-0.06436162,-0.07421941,-0.055288844,0.115287244,-0.019910978,0.045525163,-0.1900199,-0.20146972,0.09391315,-0.07338375,-0.021634638,-0.09140293,0.053277858,0.17409089,-0.26493183,-0.039626338,0.33095616,0.09152462,0.18243611,0.17471553,0.0635284,-0.028922487,-0.15551941,0.1686076,-0.010501975,0.07684721,-0.044824805,0.075378634,0.006543947,-0.010922767,-8.273497e-05,0.024445161,0.10091374,0.2047242,-0.1512838,0.21885575,-0.016163617,-0.0038581006,0.32801682,-0.022025011,-0.10705635,-0.07889234,0.04516245,-0.21433848,0.3044865,-0.13630235,0.15386078,-0.1439763,-0.07692891,0.088743724,-0.16712901,0.24963006,-0.05430834,0.15215881,0.09381902,-0.014756359,-0.28685665,-0.120389454,-0.11701502,0.0101854345,-0.19988169,0.16726539,-0.056836255,-0.2882514,0.43235162,0.08836447,0.15244651,0.32627788,0.14205247,-0.002188038,-0.09748289,-0.21016806,0.12698114,-0.0074300617,0.38039395,-0.08195394,0.24896847,-0.021309026,0.032038048,0.09842198,-0.076770924,0.23296976,-0.25767606,0.099169254,-0.04185287,-0.111312725,-0.081496395,0.10248062,-0.015424272,0.26068363,0.00034056604,-0.0027572177,0.18016082,0.07838128,-0.118273854
"(113.88086727892342, 22.609467523528693)",0.1950613,-0.10472599,-0.037478134,0.16617705,0.27469617,-0.0043296106,0.3441317,0.10022206,0.21890926,0.30197942,-0.03628064,0.05137038,0.11211711,0.020509169,-0.042232633,-0.024515424,-0.13057907,-0.13363782,0.14157066,0.16228211,0.28097224,-0.004155224,0.11178879,-0.1829811,-0.08479968,-0.08174828,-0.069663644,0.11951364,-0.15257597,0.15148683,0.1331532,0.065451905,-0.09697086,0.32662022,0.15965475,0.059718072,-0.16378078,0.1311096,0.21427311,0.06599183,-0.14592513,-0.05963891,0.007199958,-0.06266596,-0.01849468,-0.12158897,0.18573382,0.11484142,-0.04670362,-0.2609931,-0.021932997,0.001633523,0.03146728,-0.113563925,0.15395409,0.08823271,-0.060014963,-0.20827454,-0.07843971,-0.21450114,-0.22015612,-0.14071292,-0.19541173,0.26851505,0.013051689,-0.05259496,0.06395525,0.01723126,-0.048494298,-0.15615349,0.07315555,-0.026611311,0.045596585,0,-0.08778336,0.047904108,0.20061089,0.00017523766,-0.2716861,0.32177377,-0.07832897,-0.1340929,6.4279884e-05,-0.072079286,-0.062272683,-0.10147094,0.12516621,-0.26756385,-0.08728451,0.0033899173,0,0.07500755,-0.0770643,-0.24255045,-0.008106889,-0.15913822,-0.015927806,-0.093878105,-0.20751816,-0.04313476,0.13933015,0.1330425,-0.0648382,0.23763417,0.100618556,0.13615471,0.08001667,0.28169107,0.187661,-0.09679383,0.010813828,-0.2062037,0.09950831,-0.15664169,0.18715551,-0.076007344,0.41066903,0.22350323,0.056462504,0.041399874,0.25017458,0.0455875,0.25238287,0.14840639,0.107595816,0.16832784,-0.10720807,0.020767225,0.08510805,0.44839093,-0.12255171,0.029432459,0.19412886,0.13568604,-0.010966279,0.15130456,0.27726713,-0.054230753,0.06094058,0.11209922,-0.045196004,-0.12813963,-0.25951958,0.08377955,0.07585934,-0.13515568,-0.10262743,0.12397751,0.005693365,0.36627305,-0.02140082,0.033628017,-0.07082339,-0.16638277,-0.067667365,-0.20868772,-0.13219681,0.2788796,0.10559858,0.33463228,-0.25570878,-0.003042981,0.105531156,-0.0287957,0.27822763,0.04087334,-0.011048289,0.032551765,0.04882571,0.046682596,0.021530675,0.109247565,0.06382889,0.07735859,0.020455357,-0.056004032,0.12807038,0.11880203,-0.031204596,-0.071480006,0.16783781,0.10842728,-0.025429234,0.05733419,-0.1779835,-0.06572512,0.15643069,-0.03306877,-0.07429306,0,-0.031597964,0.27411836,-0.018445818,-0.07289403,0.049393244,-0.3413458,-0.041492082,-0.12661088,-0.28107342,0.035241984,-0.043558195,0.03018988,0.0652762,-0.1552436,0.036343187,0.13178347,-0.124429986,0.16380657,0.049526893,-0.057905726,-0.106410965,0.13012457,-0.18386412,0.053492263,0.29321668,0.12465745,0.026909703,0.13207376,0.049022928,-0.008759521,0.14176288,-0.117977515,0.283411,-0.27705687,0.05505683,0.074811846,0.19662291,-0.13189484,0.006725885,-0.11612245,-0.010376755,-0.1968146,0.073462814,-0.12506494,-0.18915623,0.31088907,0.0063038357,0.069572866,-0.02732277,0.06985692,-0.03710796,-0.14517406,-0.13525419,-0.13633217,-0.110903814,-0.0676033,-0.05523792,0.029032744,0.09301045,0.0371989,-0.0018808469,-0.15946859,-0.029444069,0.08187564,-0.008555636,-0.07447567,-0.07097941,0.2195944,0.0523948,0.065972425,-0.079063416,-0.0103487,0.22613671,-0.060320444,0.0029419027,-0.044438623,-0.041891754,0.16615127,-0.1923374,0,-0.08834233,0.07925213,-0.076332845,0.28291327,0.08897679,0.07004745,0.17411959,0.020624619,0.08027809,-0.08409494,0.13682555,0.22929755,-0.07119042,-0.18357098,-0.19003958,0.04207758,0.15917486,-0.10494861,-0.015151404,-0.012940953,0.072358765,-0.12599203,-0.098091766,0.05142256,-0.059852194,-0.24215204,0.011253292,-0.26473346,0.049930513,0.06465331,0.1437659,0.27439183,0.15393731,-0.14401643,0.09842302,0.04276502,-0.10079029,0.2057154,0.11139138,0.10456947,0.048977893,-0.1283989,0.1451469,-0.017032923,-0.22538668,-0.0898098,-0.3581409,0.1419255,-0.020194557,-0.028471492,0.18531695,0.048647933,0.107938096,-0.24476889,0.10698711,0.21257104,-0.09992946,0.28586382,0.051727034,0.07921167,0.06148873,-0.17127396,0.05639942,-0.07425411,0.15501262,-0.13934535,0.12091564,0.027119128,0.078064255,0.015314747,0.013223268,0.16084456,0.18893723,-0.18176614,0.20824136,-0.05773613,0.100079685,0.19467905,-0.081971616,0.057585742,-0.077597514,0.124010965,-0.19648436,0.25000116,-0.13948047,0.1495546,-0.13295817,-0.05899257,0.07492458,-0.032020822,0.18852359,-0.019383362,0.009473538,0.20089336,0.14124627,-0.062406458,-0.19305867,-0.078958735,-0.14452577,-0.15226988,0.15187001,-0.15008731,-0.095958695,0.41497916,-0.018537248,0.15371859,0.25307822,-0.11242439,0.019938145,-0.00071179494,-0.19082147,0.08428852,-0.098726295,0.19545357,0.018412057,0.3108236,-0.13951184,-0.0096990345,-0.050030664,0.07928217,0.19709414,-0.11401862,0.070334196,0.009077407,-0.13453874,-0.13249262,0.14604886,-0.07634392,0.27260306,-0.06657417,0.15444803,0.1532279,-0.026678644,-0.16915955
"(113.88118058281616, 22.582210867052886)",0.14726865,-0.1816118,-0.08930636,0.13410002,0.47316533,0.30692518,0.2602176,0.13580735,0.34181336,0.27998716,-0.014872998,-0.24962726,0.26188916,0.14137349,0.049563937,-0.06832007,-0.12976468,-0.29753903,0.15611537,-0.09392607,0.14300862,-0.034658857,0.122817375,-0.31109083,-0.020962838,-0.083126426,-0.1161216,0.15690942,-0.039505646,0.15189996,0.07341278,0.055625904,-0.030614518,0.24975055,0.0322714,0.08358177,-0.1368886,0.0005786866,0.04579073,-0.04850547,-0.100990094,-0.2766263,-0.096103035,-0.09080082,0.042830043,-0.20899712,0.031357672,0.12952824,-0.042359576,-0.1910088,-0.018451422,0.08093873,-0.035308134,0.043061655,0.06885753,-0.09647307,-0.08744022,-0.001324363,0.012124186,-0.086002775,-0.16711278,-0.08744158,-0.19544862,0.2883395,0.058691483,-0.11369512,0.16146907,0.13728324,-0.034765173,-0.10062821,-0.0730312,0.07908024,0.041320443,0,-0.08943895,0.05369101,0.14713296,0.1380192,-0.1684806,0.1682019,0.0033763908,-0.09943831,-0.10295127,-0.05124785,-0.023523044,-0.014044136,0.014038898,-0.31743917,-0.092384525,0.09369224,0,-0.09671631,-0.05100576,-0.43807933,-0.21256047,-0.09903096,0.024192497,0.08360514,-0.0628658,-0.04505596,0.20155835,-0.085529275,-0.1323951,0.068231635,-0.097775936,0.11548349,-0.03530675,0.265079,0.06294484,0.084327854,-0.08157096,-0.20714831,0.05093593,0.09029549,0.14418936,-0.19266032,0.34877217,0.20675762,0.16723636,0.035508614,0.13811775,0.14130005,0.15413485,0.26733553,0.042145863,0.109552264,-0.068747684,0.014011616,0.14154342,0.30487126,0.0026620976,-0.0024447907,0.037030354,0.03281999,0.12568256,0.26156065,0.04819201,-0.11082342,0.100459576,0.1719797,-0.053895727,-0.027308296,-0.30633765,0.09919115,-0.026447184,-0.23040965,-0.12758198,0.10980651,-0.042711053,0.25866953,-0.047709834,-0.013821557,-0.1012312,-0.02832336,-0.14093216,-0.40783593,-0.19265172,0.14715534,0.015088163,0.2515341,-0.18879095,-0.0057629123,0.38026237,0.21720767,0.30945414,0.29923582,-0.033123225,0.10779823,0.17408209,0.05713933,-0.010363663,0.09181998,-0.13912262,0.061766796,-0.0481364,-0.07969454,0.040911615,0.012055275,-0.018037371,0.03506244,-0.15361965,0.09740556,-0.004179273,0.1749879,-0.21589693,0.029925156,0.0077917427,-0.12121053,-0.2342417,0,0.13144742,0.22390586,-0.07994915,-0.053963628,-0.11964834,-0.15041225,-0.23074763,-0.12772271,-0.19862345,-0.049037695,-0.033350624,0.09418255,0.093178466,-0.077333495,0.12386653,0.025997087,-0.042929485,0.039672934,0.056649737,-0.043105364,-0.15199636,0.1214245,-0.15312439,0.14266925,0.5804206,0.1415516,0.049383245,-0.06825418,-0.036516093,-0.021956816,0.091039285,-0.17856883,0.0442786,-0.21572098,-0.0010549687,0.09277137,0.004126368,-0.0904133,0.04395678,-0.042734794,0.12783319,-0.034169685,-0.08041581,-0.011747794,-0.31409776,0.05361472,-0.083254546,0.023989797,0.039374426,-0.026809357,-0.0012850538,-0.119719796,-0.07211701,-0.11464909,-0.19145584,-0.17569646,-0.28311443,-0.08247265,0.043128453,-0.13874938,0.020526424,-0.24262406,0.01364705,0.040841855,-0.1386401,-0.08057455,-0.021088593,0.24696133,0.062325478,0.1255745,-0.20886937,-0.15141132,0.1968707,-0.13053608,-0.08765359,-0.033479802,-0.039679974,0.23079115,-0.018693082,0,-0.040974203,0.18373595,-0.12956277,0.1633385,0.05579473,0.10209855,0.18100779,-0.2009534,0.19017649,-0.09392066,0.19066969,0.2186591,-0.024034865,-0.089563444,-0.26962683,-0.102706484,-0.060834292,-0.040917583,-0.3209014,0.1325893,0.026520755,-0.423944,-0.038760543,0.3557202,-0.113195114,0.040089432,-0.04085006,-0.28472295,0.11484997,-0.014877848,-0.0054961983,0.09939529,0.17655323,-0.034827836,0.34103277,0.031784736,-0.15560587,-0.068182826,0.31836936,-0.07243009,-0.08433232,-0.076489806,0.12120989,-0.050533194,0.050413996,-0.19938424,-0.21345434,0.10452911,-0.07981376,-0.006502293,-0.110227555,0.061620496,0.18426909,-0.2901778,-0.06432647,0.33505827,0.08920091,0.20446286,0.17566872,0.045097873,-0.0111947395,-0.16912897,0.1868163,-0.008287037,0.0807659,-0.029359419,0.06851067,-0.012863057,-0.038248677,-0.0049134754,0.0045165718,0.096050285,0.21152513,-0.15817642,0.24259987,-0.020037387,0.014153536,0.34962448,-0.016566105,-0.108555794,-0.08807814,0.04521816,-0.24420944,0.31514603,-0.1485258,0.1471085,-0.15266117,-0.097994514,0.11104005,-0.17031085,0.25563955,-0.05081927,0.17780694,0.08692498,-0.013495512,-0.2953259,-0.12841365,-0.14448692,0.01754222,-0.19730364,0.18733042,-0.074061185,-0.30306697,0.44251475,0.10877768,0.1863147,0.34796956,0.14565815,0.00010901317,-0.120551825,-0.23073043,0.13240492,0.005592726,0.38197145,-0.09743619,0.26132077,-0.031051755,0.043620594,0.08870471,-0.082652345,0.23927236,-0.28290218,0.11770284,-0.042615324,-0.118978366,-0.09535654,0.10263659,-0.04157705,0.275464,-0.015610389,0.00023910403,0.16584304,0.08616161,-0.14158404
"(113.88132991863542, 22.571267136895404)",0.037835646,-0.12851536,-0.07583043,0.024346916,0.33066705,0.3402229,0.05965586,0.11848062,0.33738357,0.1767173,-0.00013333559,-0.26135173,0.062955976,0.12189285,-0.04044026,-0.06410348,-0.008267254,-0.18214515,0.20968232,-0.06164336,0.18683076,0.07419259,0.12505332,-0.26469794,0.004739195,-0.07193364,0.04608827,0.08967194,-0.047793683,0.024942674,0.043674912,-0.017663188,0.1364696,0.22045538,0.018226944,0.04723785,-0.048679896,-0.076191425,-0.0077009685,-0.09015269,-0.15056357,-0.15096644,-0.13614894,-0.094059475,-0.043146595,-0.11839876,0.07325734,0.10193944,-0.1248469,-0.026569767,0.027230218,0.060838044,0.049112562,0.006609872,-0.033278592,-0.18936664,-0.14294404,0.102845244,-0.01277389,-0.19681796,-0.11266163,-0.048067346,-0.11523412,0.19826178,0.09919526,-0.25332487,0.17009673,0.11329447,0.04811363,-0.09244676,-0.0772826,0.08855129,0.09202384,0,-0.019385269,-0.0012531877,0.046633255,0.08219681,-0.16400115,0.13623369,0.027095597,-0.032313123,-0.09629534,-0.10516086,-0.05806798,-0.21752565,0.0033938214,-0.10166942,-0.18982565,0.018859137,0,-0.104202904,0.011363223,-0.28720993,-0.21360543,0.17680503,0.0134364,0.06405175,-0.037649356,0.04611695,0.31499752,-0.027421169,-0.07765244,-0.045265675,-0.07404305,0.04368165,-0.0072262585,0.23830116,0.036840655,0.014950126,0.07461227,-0.17413133,-0.0114252195,0.06781369,-0.009375013,-0.008814759,0.056363713,0.12246233,0.077018686,-0.038521737,0.28756452,0.1616483,0.09797329,0.23187484,0.10091702,0.05772528,-0.070901155,0.026154788,0.09160079,0.17344072,-0.042776544,-0.07575748,0.1968082,0.018195286,0.11134058,0.17831671,0.12549347,-0.019937698,-0.10285419,0.17365739,0.096042976,-0.024615359,-0.18777278,-0.04394228,0.017362148,-0.31979784,-0.036026157,-0.020543445,0.13038184,0.29603505,-0.23081027,-0.007542774,0.09215146,0.01223813,0.071125895,-0.36191764,-0.22809643,0.16213536,-0.032073803,0.14567687,-0.25047505,0.21559909,0.29835755,0.14329377,0.2311977,0.22533724,0.10909815,0.052033097,0.11757897,-0.124756835,-0.0022692773,-0.067699075,-0.2657673,-0.027663648,-0.0730312,-0.11100495,0.0439007,0.03563309,-0.08576508,-0.042960346,-0.05825361,0.10790493,-0.045567226,0.047010973,-0.055747755,-0.07422033,-0.011720885,-0.065562055,-0.18233797,0,0.039397817,0.09600242,0.059580408,0.0662328,0.01768566,-0.117046736,-0.17264074,-0.015233688,-0.06783551,-0.10317303,0.08479002,0.07681223,0.05157386,0.03016234,0.15863563,0.022589669,0.0024381727,-0.008944944,0.16665766,-0.034990385,-0.012273416,-0.014679106,-0.100588456,0.12015468,0.386696,0.0045511425,0.029416813,0.014861591,-0.01609373,-0.12063582,0.049463496,-0.24830855,0.13470958,-0.13183838,0.092442736,-0.03387408,0.08137445,-0.009253008,0.07007247,-0.0112215355,0.103648305,-0.018354405,-0.10320646,0.098878205,-0.11004831,0.0074438974,-0.11411524,0.15859678,-0.13916817,0.09415854,-0.062437095,-0.0991861,-0.038687095,0.011485688,-0.107778296,-0.20148584,-0.18235569,-0.0555364,-0.0043763816,-0.3310235,-0.10176269,-0.20296937,0.022654489,0.04535922,-0.12691191,-0.04326351,0.019145995,0.16525546,0.044409424,-0.011154674,-0.12397733,-0.028452925,0.14493231,-0.04601767,0.05238093,-0.0223681,0.16705716,0.09298481,0.04188489,0,-0.0695994,0.09650276,-0.14741005,0.16331281,0.014868997,0.061021984,0.13211827,-0.053340305,0.22192255,-0.07361169,0.15251945,0.23039836,0.057063665,-0.0849216,0.0071298666,-0.05615568,-0.17774113,0.010515768,-0.05354196,0.06586955,-0.013914194,-0.41365242,-0.14390257,0.35659447,-0.018325169,0.086816296,0.11754358,-0.3242737,0.11696087,0.018940154,0.076187395,-0.0007616058,0.08381733,-0.06417945,0.3026245,0.055014096,-0.23410995,0.0056934096,0.18169056,-0.10251295,-0.08767617,0.10483126,0.09718703,0.16691102,-0.018036246,-0.2146405,-0.11695579,-0.015591055,-0.20794207,-0.09432158,-0.013599336,0.00485963,0.24285045,-0.18422061,-0.096966885,0.28051436,0.17065671,0.1887181,0.038437895,-0.029544696,0.11450729,-0.0626662,0.16253701,0.007993417,-0.12929818,-0.034945242,0.076077186,0.05175663,0.033750243,0.12776849,0.064087175,0.045347586,0.15471783,-0.121513955,0.24092822,-0.08072936,-0.2625107,0.22577421,-0.06356078,0.019220378,0.06525266,0.09525804,-0.12544882,0.1804471,-0.18043414,0.20641604,-0.075770386,-0.14575665,-0.011931755,-0.11990307,0.047511153,-0.03166703,0.11011402,0.09707508,-0.12972388,-0.04885409,-0.114200875,0.0050454326,-0.074473746,-0.22359721,-0.0028712228,-0.08586147,-0.15547854,0.35010472,-0.0015772302,-0.043221995,0.2070382,0.14570493,0.07257013,0.045793373,-0.09710871,0.16359802,0.043943144,0.3632622,-0.0945133,0.19876945,0.12825605,0.09454669,0.017348096,-0.1353335,0.14649187,-0.09815566,-0.059799314,-0.035650752,-0.014626093,0.0215825,0.04136023,0.16829073,0.19872196,0.12272143,0.021710064,0.064237565,0.13141876,-0.06866512
"(113.882499034731, 22.673220433898315)",0.026554126,0.014738711,0.078615874,0.022456063,0.20069787,0.12398155,-0.07288653,0.023547735,0.06997274,0.28891438,-0.10724143,-0.017789245,0.06893754,-0.09180098,-0.077419534,-0.062183246,0.17011714,0.23628223,0.12609503,0.38946578,0.3098753,0.07828763,-0.05444595,-0.10814665,0.033934306,0.06595063,0.092190005,0.08110205,-0.30406582,-0.02986838,0.1289745,-0.08074018,0.5551265,0.16097927,0.25968876,-0.005276745,-0.06742329,-0.04655236,0.22686027,-0.027604654,-0.21385452,0.13245144,-0.24929047,-0.033868674,-0.15939872,-0.13436686,0.22356273,-0.0386152,-0.2814195,-0.042710096,0.10982835,0.037922397,0.06538728,-0.11326425,-0.1787253,-0.12688088,-0.18706323,0.07939542,-0.02428557,-0.23527268,-0.022794586,-0.10790542,-0.24720086,0.022063538,0.03987572,-0.18450823,-0.114779934,0.032751735,0.045927666,-0.1520039,0.1702357,-0.04909227,0.11318914,0,-0.0989986,0.010173921,0.001139205,-0.27417728,-0.37860724,0.22558051,-0.06321569,-0.016574368,-0.017101336,-0.30866075,-0.021478437,-0.32720107,0.118734896,0.012083329,-0.26604047,-0.2745943,0,-0.19978335,-0.006468259,-0.14020388,0.062922195,0.25551128,-0.07426036,-0.12403788,-0.091823615,-0.10473792,0.39253804,0.21399066,-0.066634625,0.029220894,0.30413425,0.07175344,0.2494114,0.33019188,0.37166968,-0.2538426,0.1822488,-0.053609237,-0.17165163,-0.23245597,-0.14308877,0.24097857,0.016923586,0.23848158,-0.12234411,-0.31547374,0.38201475,0.07821021,0.1626572,0.2647934,-0.011903947,-0.08361818,0.12689054,0.020675695,-0.02141843,0.15656155,-0.24169752,-0.027042503,0.31752804,-0.09779302,-0.2443093,0.18174879,0.33181512,0.056929704,-0.22648224,0.044534765,0.38514167,0.0012786239,-0.21973413,-0.09557595,-0.18827075,-0.18923837,0.056705423,0.0074298475,0.4118603,0.28564584,-0.08871232,0.07927289,0.12248428,-0.13087173,0.16115451,-0.2999027,-0.22725743,0.1446786,0.05195742,0.23217024,-0.29604208,0.29011714,-0.092150345,-0.20191768,0.013904914,0.17490552,0.09129451,-0.029286847,0.02024813,-0.35572731,0.07113036,-0.07322404,-0.22761413,-0.11305402,-0.31597865,-0.093320414,0.1330191,0.15573555,-0.021146692,-0.15875155,0.31525612,0.08964183,0.008779768,-0.078431204,0.044452243,-0.19760543,0.022284813,0.023076622,0.0549761,0,-0.16211951,0.0054354146,0.21314837,0.16710599,0.13433841,-0.24800676,-0.055392094,0.12883165,0.012444321,-0.07449849,0.17849267,-0.0683099,-0.027382607,0.13108282,-0.039747536,-0.0935543,-0.31164247,0.039222263,0.31353056,0.11509257,0.04408551,-0.14406484,-0.16031137,0.031895317,-0.11397803,-0.15294988,-0.037142143,0.30114213,0.079447575,-0.22599505,0.102603495,-0.291038,0.5382503,0.015745636,0.20739801,-0.099582836,0.47571212,-0.14376214,0.008870758,0.053284306,-0.11292346,-0.23183486,0.09451099,0.3412706,0.22313137,0.1249084,-0.07792279,0.2212123,-0.34074658,0.16346285,-0.34712467,-0.09963124,-0.04076138,0.28135324,-0.09769301,-0.3446405,-0.118196666,0.042000372,-0.013861999,-0.39331204,-0.21531004,-0.134441,-0.22201525,0.16474491,-0.10627627,0.023680858,0.11022742,0.33631542,-0.13474604,-0.34518856,-0.04703465,0.12864166,-0.008405868,0.027130939,0.1733434,0.08933966,0.3128909,0.122808665,-0.12646851,0,0.002857089,-0.01147124,-0.11465771,0.18825445,0.19523321,0.108454205,0.18183005,-0.102994844,0.11449582,-0.27577186,0.10029462,0.16073216,0.22206703,0.012759719,0.18228026,0.13841844,-0.13855954,-0.05368443,0.27636194,-0.05398751,-0.023272015,-0.0863574,-0.4443968,-0.20708156,0.28250107,-0.0051832534,0.38489848,-0.29118842,-0.0695632,0.2310234,0.09010797,0.097451404,-0.11380102,-0.073892295,0.21080719,-0.07384062,-0.1191895,0.099425,-0.07674821,0.10508137,-0.20142579,0.23718153,0.090072334,0.19024296,-0.33162928,0.002667509,-0.21441674,-0.1780402,-0.2714234,-0.19493318,0.15604901,-0.005485788,0.29426688,-0.15742567,0.08347074,0.26255208,0.048923887,0.23982123,-0.21685036,0.014782399,0.18016417,0.08404395,-0.012746826,0.030049594,-0.053145505,-0.18795499,0.12856284,0.32453126,0.17472795,0.16918376,0.18519002,0.07141231,0.10006246,-0.074153125,0.028332934,-0.12400682,-0.27766237,0.07698841,-0.1475907,0.3585439,0.19800961,0.25522885,0.12809402,-0.09692779,-0.080506645,0.37132213,-0.046995632,-0.25765857,-0.03129088,-0.19542107,-0.1588392,0.068274565,0.07130721,0.23940727,-0.016144924,0.29051155,-0.11317819,0.30591428,-0.3836029,-0.39606714,-0.34458363,-0.17822634,0.038842555,0.4846441,-0.28943902,-0.31427145,0.050028063,-0.06670694,-0.011613529,0.39305514,0.08184008,0.031926412,-0.096084975,0.3129267,-0.03756103,0.37029102,0.14394717,0.13049114,-0.42187122,0.11420703,0.05133774,0.04422482,-0.20870885,-0.018920362,0.20384961,-0.0100780865,0.12689002,0.27890313,0.09803818,-0.064526066,0.15897447,0.003802292,0.1277763,0.17709392
"(113.882584193923, 22.58245472046374)",0.14971882,-0.16819601,-0.07959245,0.13627277,0.46691647,0.2894291,0.26303214,0.13270053,0.33417264,0.28345662,-0.016732138,-0.22398812,0.26182544,0.12553996,0.049912415,-0.0670486,-0.12247017,-0.28097326,0.14882581,-0.070463866,0.14056316,-0.03788915,0.113252856,-0.3024708,-0.025342356,-0.080335066,-0.118534364,0.15901539,-0.050193064,0.14971817,0.07408543,0.058422875,-0.02462878,0.23777437,0.0377194,0.07867443,-0.14061257,0.007823385,0.050660577,-0.041800275,-0.106944524,-0.25858492,-0.09616779,-0.0885064,0.038242526,-0.20746715,0.035012722,0.12489636,-0.048240054,-0.19534416,-0.014618114,0.07864036,-0.031512205,0.034942523,0.06559893,-0.0872294,-0.0796345,-0.0033907667,0.0052489825,-0.08217157,-0.16127042,-0.08849422,-0.19963792,0.2797901,0.052793097,-0.10546289,0.14282829,0.13134542,-0.03517573,-0.097993106,-0.06422553,0.075481564,0.040586058,0,-0.0883754,0.050296623,0.14401485,0.12564275,-0.17243475,0.16799352,0.0031307004,-0.09863944,-0.093578145,-0.05398579,-0.019588314,-0.009098165,0.018070072,-0.31590512,-0.09306089,0.0897398,0,-0.09336399,-0.052245997,-0.4280484,-0.19703567,-0.110590585,0.020850264,0.07587317,-0.06444663,-0.05485263,0.19396606,-0.07318364,-0.12797613,0.071314126,-0.083563164,0.11692867,-0.023509547,0.26795486,0.069176525,0.07415408,-0.08195444,-0.19694489,0.054046623,0.07412751,0.14060313,-0.19131446,0.3524314,0.2065653,0.15849406,0.02797195,0.13279207,0.1314393,0.15611327,0.26256806,0.03924256,0.10862902,-0.05947842,0.014269443,0.13572028,0.3095953,-0.008580493,0.0016163792,0.030783422,0.0288172,0.10810382,0.25591898,0.058498256,-0.11203745,0.105605274,0.16491975,-0.04112314,-0.027327564,-0.30049664,0.09350368,-0.0325808,-0.22528765,-0.12684634,0.11683166,-0.030095521,0.25278807,-0.034204643,-0.0066552944,-0.102260634,-0.03280171,-0.14388563,-0.3927603,-0.18304437,0.14713964,0.021141313,0.25347233,-0.18882677,-0.0057799146,0.35646826,0.19630449,0.29979825,0.2907175,-0.03386821,0.10556238,0.16550478,0.053683013,-0.007840281,0.099229194,-0.13121955,0.068766914,-0.046181194,-0.07493484,0.04414977,0.01688843,-0.012095943,0.026658088,-0.133295,0.09485357,0.0009377785,0.1689922,-0.20978281,0.027297858,0.015281651,-0.11610167,-0.21602046,0,0.12388238,0.22425002,-0.08003962,-0.049692597,-0.111262694,-0.15011205,-0.22246753,-0.12483349,-0.19343743,-0.047668755,-0.03684619,0.08604968,0.091012575,-0.0873213,0.11901379,0.023639902,-0.048802882,0.048110917,0.05292865,-0.03787987,-0.15239991,0.1266907,-0.15463889,0.13411021,0.55996877,0.13524458,0.04570572,-0.062122114,-0.029589318,-0.02028326,0.0943896,-0.16718262,0.05111862,-0.20663932,0.0049333014,0.09185745,0.014446449,-0.09911747,0.04832398,-0.044401713,0.12046513,-0.041066308,-0.066585325,-0.0133951735,-0.30566764,0.06593801,-0.08058804,0.025131553,0.036690474,-0.02991885,-0.0065549538,-0.12170187,-0.070225455,-0.10311808,-0.18696149,-0.16900322,-0.27687848,-0.07535398,0.052021652,-0.12669723,0.019812718,-0.2382278,0.010623291,0.04275065,-0.13605675,-0.080518074,-0.017425112,0.25526458,0.05561971,0.12123985,-0.20155202,-0.1388447,0.19147053,-0.12773308,-0.083751306,-0.028158596,-0.036397934,0.23378366,-0.028259084,0,-0.037161093,0.177001,-0.12133368,0.15736322,0.068546936,0.098385826,0.18086722,-0.20523328,0.18481544,-0.096211925,0.19013233,0.21512076,-0.02190318,-0.08381483,-0.26624733,-0.09413062,-0.052960392,-0.044485547,-0.30863318,0.12551425,0.028815053,-0.402202,-0.045720473,0.33045113,-0.10232046,0.03658598,-0.040858194,-0.27034724,0.108198896,-0.010332486,-0.004019914,0.10292284,0.17221615,-0.030762747,0.33572784,0.025731271,-0.14758222,-0.058623914,0.3074654,-0.05142046,-0.07686849,-0.06940041,0.11937441,-0.0605256,0.0426403,-0.18459195,-0.22136208,0.10032654,-0.071361184,-0.010935374,-0.100574866,0.061027292,0.17943479,-0.28604078,-0.045110486,0.33044738,0.06959748,0.2061151,0.17115875,0.04750268,-0.015827809,-0.17074008,0.18145531,-0.008324435,0.09318441,-0.030939698,0.06923982,-0.0090517495,-0.032159414,-0.008195255,0.010231122,0.09972788,0.21444905,-0.15643775,0.23634817,-0.019335732,0.020022754,0.34029946,-0.016077936,-0.095587656,-0.08444576,0.05200654,-0.23227987,0.3068464,-0.1413337,0.14512235,-0.14495924,-0.09831507,0.1094496,-0.16643152,0.25363442,-0.047891475,0.17594253,0.090232395,-0.0074667707,-0.28399116,-0.12200158,-0.13783027,0.014177718,-0.19204076,0.18586648,-0.06907207,-0.2992289,0.4432631,0.103433214,0.18425721,0.34383374,0.13789319,-0.004029032,-0.11187595,-0.23827417,0.12769634,0.0042921975,0.38363117,-0.09364865,0.25993797,-0.036767766,0.04364135,0.06897852,-0.070817776,0.23631221,-0.27303952,0.117074445,-0.048066415,-0.114375375,-0.09433652,0.09939187,-0.04529234,0.27036464,-0.029339958,0.0039922446,0.16334355,0.08388692,-0.14188573
"(113.88264278363914, 22.59020784284491)",0.22075057,-0.2206437,-0.10223018,0.17487958,0.5108993,0.27576298,0.3493619,0.14186583,0.32606235,0.32027113,-0.010051355,-0.24153462,0.29606536,0.1559942,0.06710643,-0.037844926,-0.19371377,-0.3306227,0.13646832,-0.089916915,0.09679007,-0.09955435,0.10197266,-0.27481416,-0.00016383082,-0.061703525,-0.20930248,0.1611456,-0.07222647,0.22277719,0.07979799,0.079815716,-0.074809074,0.2423813,0.042315573,0.08562332,-0.21040064,0.028869674,0.044743445,-0.016947389,-0.083492406,-0.28548694,-0.075884365,-0.107251644,0.071720235,-0.22068687,0.034366794,0.14173855,0.013458036,-0.2411347,-0.06526301,0.102019526,-0.079346836,0.047894396,0.12073862,-0.04103205,-0.07687652,-0.065800644,0.02167645,-0.06767366,-0.2351662,-0.112008706,-0.17715776,0.31436443,0.060038257,-0.06000089,0.15577973,0.15711854,-0.055827077,-0.15272008,-0.05777722,0.09391892,0.03022156,0,-0.1377716,0.06184471,0.24003763,0.18465692,-0.14856547,0.18111223,0.02113692,-0.12917235,-0.07280034,-0.07170077,-0.013372067,0.0800184,0.033717394,-0.43884107,-0.044448204,0.16383433,0,-0.096977554,-0.116212,-0.45993254,-0.20914051,-0.24423514,0.018858071,0.10508086,-0.06250381,-0.074499935,0.15876648,-0.1281752,-0.13959809,0.15692423,-0.08242403,0.11463931,-0.05099149,0.2934748,0.08352545,0.11900665,-0.15673502,-0.20493129,0.07467476,0.11100826,0.1885159,-0.24297273,0.48250607,0.27748322,0.20399833,0.065693274,0.085601345,0.12296585,0.18430658,0.2810313,0.009638788,0.13738327,-0.0736534,0.009530785,0.1707021,0.40077108,-0.03496405,-0.011940988,-0.035729013,0.02910636,0.13557035,0.29756308,0.058316574,-0.13753039,0.16597629,0.11983252,-0.10724549,-0.021458007,-0.32417902,0.13983381,-0.048931666,-0.18676731,-0.18722737,0.20379609,-0.10732134,0.262859,0.050799478,0.010390423,-0.17806672,-0.0070228726,-0.16559802,-0.40435743,-0.118308455,0.14961264,0.031101711,0.3173328,-0.17272973,-0.097310215,0.41559076,0.21814775,0.337605,0.25638622,-0.081996486,0.15391406,0.16149995,0.1457983,-0.012450898,0.1573083,-0.065838605,0.09928751,-0.06647129,-0.0483668,0.07514022,0.00094174326,0.016640112,0.06983305,-0.18016641,0.10628233,0.027466867,0.27302518,-0.2600095,0.037955437,0.037102267,-0.12973945,-0.23644298,0,0.1794197,0.29199135,-0.1429989,-0.1266464,-0.16939116,-0.14525516,-0.20352331,-0.15157548,-0.21887264,-0.027016286,-0.11428085,0.08048655,0.10549035,-0.13307212,0.09749791,0.026411876,-0.07407884,0.063149236,0.027196988,-0.031408004,-0.25905764,0.16587025,-0.19157487,0.17118375,0.6186434,0.1824454,0.06745164,-0.11026827,-0.058765106,0.029796816,0.103559166,-0.14086546,0.045250386,-0.24193415,-0.075564146,0.121440604,0.015558537,-0.084885806,0.02929958,-0.046207137,0.13189615,-0.05946563,-0.05144952,-0.03708867,-0.3931098,0.08302586,-0.062350307,-0.053181592,0.107385814,-0.03716807,0.07357657,-0.12108437,-0.08153523,-0.18745877,-0.20243089,-0.14605352,-0.32974365,-0.099037975,0.027444579,-0.04550627,0.056166314,-0.28340328,-0.042743787,0.059873678,-0.12445169,-0.11720986,-0.04314398,0.2772824,0.05155471,0.15896496,-0.2303572,-0.19176444,0.21473695,-0.1689508,-0.17642532,-0.046180684,-0.15298149,0.2651662,-0.084330454,0,-0.0034470484,0.17012037,-0.17112657,0.1629368,0.054330125,0.17031771,0.18490893,-0.21839012,0.15755653,-0.11728671,0.19503863,0.21058738,-0.045815483,-0.10120697,-0.39305612,-0.10239744,0.013306148,-0.054620128,-0.45586994,0.17013375,0.03658123,-0.4082778,0.0074650124,0.35471737,-0.11607453,-0.031189024,-0.170749,-0.2776513,0.11729307,-0.026325032,-0.04130704,0.16026515,0.21551687,0.0202882,0.34048477,-0.008745166,-0.1045962,-0.102394104,0.37342545,-0.025916327,-0.08231293,-0.1293232,0.13948607,-0.1168157,0.06088887,-0.18580958,-0.2690822,0.14445621,0.014124963,0.021196432,-0.15491849,0.08879365,0.18645883,-0.34806904,-0.038132556,0.38275155,0.08490306,0.1672339,0.21524693,0.14134616,-0.11200464,-0.22022294,0.16951185,-0.047384083,0.17273717,-0.055243045,0.086986154,-0.011459367,-0.049634892,-0.09230858,-0.010693364,0.10074676,0.23098272,-0.17616412,0.2252775,0.015907828,0.11675474,0.38985518,-0.02958066,-0.1857903,-0.17988493,-0.011542011,-0.2709123,0.3765491,-0.13664156,0.13749936,-0.1909244,-0.069868155,0.1410886,-0.21652111,0.3657014,-0.087413564,0.17642002,0.08419979,0.07023278,-0.40108672,-0.13528706,-0.18554766,0.030725628,-0.20721307,0.26761878,-0.07662797,-0.32702792,0.49634704,0.10589469,0.2551492,0.39623123,0.1292213,-0.047346335,-0.19286184,-0.26115575,0.11565103,-0.025920726,0.4110226,-0.0773096,0.27456534,-0.09595824,-0.02272695,0.15091452,-0.048351724,0.29896203,-0.3701762,0.18405606,-0.048867233,-0.13620265,-0.13571288,0.16648068,-0.13054442,0.33196676,-0.07157609,-0.033898726,0.23329985,0.04940711,-0.15535787
"(113.88277130779156, 22.58568803895531)",0.19892105,-0.1674009,-0.07058566,0.14625604,0.48619547,0.27207312,0.29945934,0.12875022,0.29808718,0.31547862,-0.022907883,-0.20175599,0.29683107,0.10822543,0.048377864,-0.02150955,-0.11806746,-0.24964073,0.12743136,0.0014585741,0.080468036,-0.09494084,0.070793934,-0.22997022,0.007835295,-0.031748068,-0.18766302,0.17136121,-0.10650344,0.18938613,0.07056174,0.08068842,0.029604994,0.17408279,0.05859402,0.037065417,-0.207661,0.030712694,0.025155317,-0.0270002,-0.13395783,-0.19109145,-0.10657748,-0.1176472,0.036785513,-0.18108691,0.048544794,0.10354732,-0.025831573,-0.19833112,-0.03856664,0.107505366,-0.054859858,0.013250768,0.046882786,-0.050317343,-0.08615516,-0.0011896417,-0.02039727,-0.053951748,-0.18653771,-0.10158183,-0.18826056,0.24326716,0.062159184,-0.08335108,0.09533967,0.1388874,-0.028971259,-0.14544047,-0.033779874,0.09248901,0.03206311,0,-0.13356441,0.048059333,0.20589098,0.14967078,-0.14162178,0.1449553,0.03616285,-0.10337172,-0.0408363,-0.10833874,-0.00022367388,0.06135173,0.018155023,-0.37741575,-0.059279554,0.13062751,0,-0.11520638,-0.108113475,-0.39045808,-0.17639309,-0.19121729,0.026100047,0.09082112,-0.028231895,-0.113307044,0.18015781,-0.0965573,-0.11006527,0.13449824,-0.002567917,0.09001674,-0.008887827,0.30218872,0.09110328,0.07029874,-0.11759337,-0.14424072,0.05373303,0.06635216,0.1296122,-0.2047354,0.40350977,0.26441303,0.15854344,0.011324817,0.09597266,0.08577982,0.15534033,0.2764599,0.009248899,0.09293844,-0.04015204,0.014664635,0.14726144,0.36435518,-0.08670106,-0.032117657,-0.038518667,0.010145757,0.08269653,0.25260195,0.11599619,-0.11400019,0.12014787,0.08531535,-0.011762638,-0.009851247,-0.27482456,0.078259535,-0.08547758,-0.16179685,-0.16329084,0.21551871,-0.026538298,0.23840365,0.0717949,0.04887285,-0.14192514,0.017924666,-0.12633464,-0.36243698,-0.11147845,0.149759,0.049233943,0.29410666,-0.17330606,-0.036551036,0.32019514,0.15140852,0.27017766,0.24997857,-0.052897982,0.12043598,0.1406196,0.0891591,-0.011121122,0.14420462,-0.105816215,0.08506409,-0.07672326,-0.022624202,0.09071645,0.016818281,0.016868196,0.043310873,-0.118870854,0.11479176,0.040897455,0.23982546,-0.20179525,0.010732133,0.031733833,-0.11373527,-0.19430012,0,0.1465871,0.2761683,-0.123169966,-0.074109524,-0.11375615,-0.1329243,-0.17042238,-0.10347202,-0.16231997,-0.0315871,-0.097450234,0.0418465,0.08229979,-0.10759302,0.10834482,-0.0013301224,-0.09653376,0.063159965,0.042590037,-0.0039745774,-0.23957355,0.1375068,-0.18845336,0.14011036,0.49687502,0.11390987,0.048815235,-0.08253635,-0.054507278,0.0098093,0.111846566,-0.15293522,0.077278405,-0.17016484,-0.054776024,0.07951115,0.06264529,-0.09396711,0.061526157,-0.031955026,0.14397244,-0.08627222,-0.0047965227,0.028995054,-0.31061685,0.10271801,-0.06738721,-0.019169956,0.03563212,-0.027983103,0.028300561,-0.11678137,-0.049282975,-0.12475039,-0.1528164,-0.17258525,-0.31831217,-0.0778683,0.044955064,-0.09865074,0.030713841,-0.29688567,-0.06620906,0.06950257,-0.119590186,-0.11662913,-0.001525335,0.28219146,-0.0034290478,0.10466779,-0.19431424,-0.11808055,0.1641981,-0.1495144,-0.14842588,-0.029530393,-0.089661255,0.23165846,-0.10756946,0,0.02118522,0.119879924,-0.16544577,0.120291784,0.111898705,0.16889375,0.17696485,-0.22715946,0.17039621,-0.10736035,0.19439057,0.20601296,-0.00018725544,-0.07476395,-0.30297437,-0.07748695,-0.018347574,-0.047164723,-0.37061483,0.1452987,0.022356328,-0.36810023,-0.07154979,0.290399,-0.035326242,-0.0067861006,-0.13457684,-0.24039258,0.08081387,0.012591343,-0.03017643,0.13087985,0.17766406,0.06321165,0.32942522,-0.05987007,-0.11101307,-0.07322277,0.29718044,0.0011537448,-0.08801657,-0.041214522,0.11790228,-0.07730436,0.051794514,-0.1464212,-0.25554022,0.08867018,-0.0006561093,-0.023516051,-0.12106319,0.07034249,0.19173633,-0.30089465,0.021813609,0.3751774,0.05800415,0.14572422,0.1914242,0.14940706,-0.11593497,-0.19203272,0.15342304,-0.030349823,0.15525882,-0.0729649,0.08921494,0.041106272,0.0012330115,-0.049978316,0.034745947,0.10711985,0.21836963,-0.15654679,0.16984005,0.010859847,0.039967794,0.34017488,-0.028360888,-0.13744737,-0.11660229,0.01627725,-0.1949858,0.32229123,-0.10353895,0.17435934,-0.14912689,-0.07054448,0.084712215,-0.20139149,0.32224172,-0.08906541,0.16220252,0.09484178,0.04056864,-0.3400738,-0.0930766,-0.10714023,0.003784326,-0.21407078,0.1886794,-0.037735462,-0.30094045,0.4875802,0.063429125,0.17186986,0.33244294,0.1276382,-0.05859929,-0.100396976,-0.23314966,0.09220426,-0.039643727,0.4313829,-0.07782854,0.25366175,-0.063113324,0.01234571,0.089467764,-0.023881864,0.26076895,-0.31332093,0.13396885,-0.06644812,-0.0806873,-0.10542049,0.12441665,-0.06414222,0.2830189,-0.07360992,-0.041754734,0.2262958,0.067113824,-0.100101896
"(113.88287205954832, 22.59469743628888)",0.27378255,-0.22153077,-0.10490125,0.18376976,0.45315894,0.17118107,0.3979854,0.13742633,0.27942353,0.3236512,-0.006536834,-0.17337011,0.23205113,0.13142568,0.025840268,0.025748756,-0.2148212,-0.30063024,0.11880894,-0.035274114,0.079679705,-0.12817965,0.10478235,-0.18395212,0.013317395,-0.038508937,-0.23462534,0.13840187,-0.11323391,0.25771677,0.09450348,0.10633585,-0.114284225,0.24386984,0.0867874,0.055634156,-0.24435809,0.061678827,0.056332182,0.03290741,-0.08656409,-0.18539271,-0.029554993,-0.13555504,0.07146321,-0.14248177,0.075961664,0.13196722,0.059635155,-0.24223658,-0.09848772,0.10445683,-0.08035196,0.0010041669,0.17663881,0.05046151,-0.07297644,-0.14574689,-0.02222067,-0.1002261,-0.28374457,-0.12923016,-0.13101055,0.2962811,0.06970978,-0.04896407,0.15415913,0.119434446,-0.045795243,-0.21093692,-0.009749413,0.08471875,0.025982954,0,-0.15700084,0.058831524,0.3272325,0.20507446,-0.12912725,0.19755423,0.01842488,-0.14361103,-0.0060781054,-0.09619345,-0.024217818,0.108045176,0.053102955,-0.45934704,0.009406041,0.19021934,0,-0.02250164,-0.15115261,-0.35588336,-0.15695387,-0.3152452,0.018865712,0.08261491,-0.08007749,-0.07396424,0.10981579,-0.10224465,-0.11164048,0.2605391,-1.9788742e-05,0.10061911,-0.038206205,0.3034386,0.11040257,0.09825586,-0.13982767,-0.1817034,0.10458217,0.07215561,0.20014566,-0.21697162,0.51825285,0.31225863,0.18282807,0.09763166,0.099384114,0.06993565,0.19964999,0.22973563,0.027232083,0.1668588,-0.11306913,0.017316062,0.17315948,0.48045224,-0.10854255,-0.04368802,-0.011672198,0.070467584,0.12767403,0.23334146,0.16820127,-0.10773109,0.17214563,0.06039092,-0.12193,-0.04528444,-0.26743472,0.14214116,-0.011795655,-0.095969275,-0.21032037,0.26822805,-0.1396056,0.296023,0.10128915,0.044485264,-0.16380806,0.007190436,-0.10071109,-0.3030668,-0.054270215,0.21360332,0.065222375,0.35918516,-0.15801644,-0.12218909,0.35445178,0.15141642,0.3333543,0.12991847,-0.07283126,0.14504308,0.12630431,0.19114661,-0.00520763,0.17369415,0.04669606,0.102024734,-0.030602738,0.0122962035,0.12741171,0.02845021,0.018179037,0.06857992,-0.10145807,0.11773413,0.041087773,0.30252758,-0.23920098,0.008251954,0.08679115,-0.09540914,-0.19747132,0,0.1595664,0.34969872,-0.15483686,-0.16745993,-0.11409898,-0.1769815,-0.08449829,-0.14299008,-0.21753879,0.029923111,-0.17280926,0.037716933,0.0947958,-0.1609451,0.07826209,0.069407195,-0.08694433,0.099608906,0.008806653,-0.024113782,-0.29467195,0.18530671,-0.21548581,0.16016681,0.53251994,0.1945719,0.0800403,-0.08813081,-0.0589033,0.057138935,0.124240935,-0.10336351,0.12700526,-0.25521782,-0.11686322,0.110525906,0.056360226,-0.053026468,0.016355537,-0.055482514,0.1343748,-0.107384905,0.005939995,-0.057908326,-0.38116103,0.16052927,-0.011197764,-0.07678778,0.09622398,0.018825866,0.15643834,-0.105506785,-0.085623965,-0.2520175,-0.13400744,-0.098522715,-0.28814852,-0.06734827,0.01995438,0.052677616,0.06475523,-0.3063275,-0.089631364,0.08848,-0.053993456,-0.13460901,-0.050167017,0.23548363,0.03585314,0.16500336,-0.18681334,-0.13999912,0.21523756,-0.16070762,-0.20523013,-0.068872236,-0.21284962,0.21493568,-0.18291025,0,0.022710662,0.0962852,-0.2051964,0.1973612,0.059998825,0.20788637,0.17964306,-0.119049504,0.102394275,-0.09108132,0.17680083,0.21515554,-0.059546776,-0.14486685,-0.4118298,-0.050386786,0.10319833,-0.058759954,-0.4163558,0.14071837,0.054267436,-0.3269835,0.020724032,0.30437323,-0.093020715,-0.16061682,-0.24020714,-0.26123014,0.091713235,0.0034395494,-0.008545464,0.22335711,0.2415866,0.04999025,0.23722519,-0.048251905,-0.06826624,-0.02382195,0.3157302,0.021222357,-0.030544106,-0.14812234,0.14725,-0.08567257,-0.0015766397,-0.15578084,-0.29960012,0.17267963,0.08406222,0.013565138,-0.07861896,0.08988686,0.14637119,-0.32523692,0.02507583,0.36036256,0.05806818,0.1259348,0.21316914,0.2247512,-0.16015983,-0.23677708,0.11185938,-0.10382072,0.20680657,-0.10749495,0.11373493,0.018881967,0.010187276,-0.120610565,-0.0050773695,0.11649486,0.2151602,-0.17452495,0.18223171,0.028716326,0.14999512,0.33649033,-0.05747373,-0.2130425,-0.22313753,-0.04003996,-0.24720156,0.39355078,-0.122629665,0.14217284,-0.20022616,-0.003494707,0.11937118,-0.18533045,0.3995098,-0.10605373,0.09545654,0.12034356,0.15711255,-0.39537066,-0.14925542,-0.16636916,-0.012325157,-0.19308104,0.27300048,-0.07250075,-0.25051457,0.48371807,0.042763956,0.24869117,0.35775274,0.05060223,-0.060946297,-0.17562784,-0.23759322,0.09135075,-0.086775415,0.35713592,-0.009970337,0.25552207,-0.14238307,-0.07762055,0.20922455,0.016018607,0.2966537,-0.34032577,0.19915712,-0.018710606,-0.15337294,-0.13700627,0.20909382,-0.15353677,0.3431907,-0.065529644,-0.022470329,0.29903132,-0.016834792,-0.13924436
"(113.88374363030294, 22.57800945887085)",0.13758834,-0.12913755,-0.06818037,0.09247353,0.4028353,0.25928548,0.21072356,0.1289452,0.31486782,0.25043988,-0.009502269,-0.18783873,0.16672313,0.0820042,-0.010814287,-0.018918633,-0.06425421,-0.21381974,0.14892393,-0.011121418,0.11896791,-0.029942002,0.10777793,-0.22842088,-0.00996865,-0.05229723,-0.07961496,0.13821904,-0.09062211,0.11535585,0.057607405,0.06388706,0.04683592,0.18036674,0.053274505,0.015426541,-0.13777116,-0.0027952641,0.0065190755,-0.041154735,-0.15620807,-0.12088602,-0.09870227,-0.13228351,-0.0030080006,-0.11192914,0.06091641,0.09563644,-0.068768606,-0.12426613,-0.009295762,0.086836964,0.00063957646,-0.0173233,0.036300786,-0.075079456,-0.0976414,0.025623776,-0.05548619,-0.116535775,-0.14342092,-0.07504931,-0.14946672,0.20885544,0.0778196,-0.16453972,0.12505966,0.09771465,0.016975923,-0.11945845,-0.038653217,0.08704458,0.05201236,0,-0.071404435,0.022928443,0.1448678,0.12569246,-0.1491422,0.13000667,0.022622984,-0.070619486,-0.03717686,-0.09050903,-0.02933164,-0.047378905,0.00019732118,-0.23696071,-0.09590291,0.091640845,0,-0.057973318,-0.04718416,-0.30763894,-0.17385364,-0.056533884,0.029825896,0.065287694,-0.038504265,-0.045264702,0.19930196,-0.043418296,-0.08633773,0.07309024,-0.007065296,0.070677936,0.0041920096,0.27492607,0.058113433,0.037213113,-0.011206466,-0.14298546,0.05606506,0.037376832,0.061518185,-0.12906963,0.2475944,0.18680899,0.10510994,-0.00043032132,0.17562409,0.084344886,0.117096245,0.22384197,0.07728662,0.09695029,-0.069090754,0.027203443,0.1102989,0.30127123,-0.09006721,-0.060663655,0.078707464,0.030538648,0.09319971,0.16279177,0.17104456,-0.07350053,0.038788117,0.11712264,0.04423764,-0.026180364,-0.2027686,0.017820515,-0.014953606,-0.19950137,-0.11213695,0.13874945,0.042216755,0.26591069,-0.055931296,0.03280311,-0.006709799,0.018631816,-0.032760125,-0.30184335,-0.1586327,0.19378737,0.02544225,0.22159062,-0.19694674,0.077195495,0.2718562,0.11831467,0.25351685,0.20467976,0.039615646,0.06477049,0.12990852,0.008157762,-0.0053431187,0.056754485,-0.13313687,0.043559596,-0.017420895,-0.024483189,0.0739509,0.043316018,-0.031076692,-0.0084680505,-0.047703825,0.106841944,0.010164883,0.13925971,-0.124867834,-0.02158722,0.028299712,-0.076967895,-0.164619,0,0.08762705,0.21871823,-0.049244873,-0.009963736,-0.008921333,-0.13507275,-0.12882763,-0.075439535,-0.11356281,-0.031952653,-0.03444852,0.04126118,0.06426493,-0.072280705,0.14971073,0.038687527,-0.037443444,0.04716675,0.072482966,-0.019814475,-0.13445403,0.106776476,-0.15077542,0.10273677,0.42484847,0.06951961,0.042794153,-0.03766685,-0.023083813,-0.040135913,0.10289833,-0.16436924,0.11173453,-0.1551126,0.018590901,0.028080275,0.059992883,-0.05563671,0.07781705,-0.032008097,0.15054584,-0.06112797,-0.028329512,0.0384736,-0.216997,0.096884355,-0.06784758,0.06914827,-0.051267847,0.029577024,0.021657057,-0.10319062,-0.042498067,-0.07501581,-0.09496385,-0.16522807,-0.23931743,-0.045648474,0.050648674,-0.15449981,-0.016989067,-0.2647544,-0.008155659,0.058905452,-0.09989036,-0.082436405,0.014838882,0.20709771,0.013529114,0.081456415,-0.14602052,-0.038817503,0.15128906,-0.09653347,-0.05650844,-0.038435172,0.02598901,0.15531705,-0.07476673,0,-0.013573132,0.08292847,-0.15209751,0.14824802,0.09385874,0.103694275,0.15499155,-0.12473436,0.17793667,-0.05534112,0.1848823,0.23090789,0.018368103,-0.09035471,-0.16185547,-0.05168275,-0.07057422,-0.020274824,-0.19031596,0.08484793,0.018773627,-0.36216074,-0.09766181,0.31043074,-0.03237457,0.007765161,-0.037615433,-0.2440581,0.08961348,0.029116467,0.03148043,0.07665394,0.15696366,0.020887554,0.2821098,-0.02455897,-0.16218919,0.015787777,0.21609586,-0.01988963,-0.039408293,0.02955946,0.099289656,0.0351807,0.0034705848,-0.15826544,-0.19655052,0.046783283,-0.07594159,-0.06938331,-0.022278711,0.03367256,0.16736111,-0.21551481,0.008991189,0.31158397,0.062284447,0.162414,0.14758985,0.074365795,-0.025924657,-0.15164454,0.1513177,-0.025551917,0.038863543,-0.060926784,0.08230104,0.040951576,0.045850076,0.03305875,0.057963915,0.09926591,0.19994858,-0.13542856,0.19772115,-0.027978301,-0.08519654,0.25416943,-0.037441947,-0.07228192,-0.035107326,0.05453786,-0.14686161,0.27604464,-0.13207111,0.18584634,-0.10530877,-0.0652811,0.030873843,-0.13061778,0.20446333,-0.057558373,0.11431125,0.111266814,-0.019045815,-0.20442808,-0.09756027,-0.051155616,-0.025906395,-0.18751587,0.11749262,-0.031717204,-0.2275663,0.40250644,0.030560529,0.08366914,0.25885436,0.11274788,0.0067796595,-0.026487436,-0.19138789,0.11777702,-0.01062265,0.38687223,-0.065811895,0.20809706,0.00013234484,0.046229675,0.07038991,-0.051194277,0.19334975,-0.17656073,0.062002152,-0.04399193,-0.082135074,-0.028305396,0.071859814,0.040345475,0.2273902,0.023625866,-0.0041886866,0.18189612,0.07024355,-0.08624082
"(113.88440451518792, 22.552077652346814)",-0.07265202,-0.009428335,-0.09489475,-0.02881931,0.21356034,0.3153515,-0.06863684,0.08323592,0.23199052,0.14549896,-0.035923764,-0.20270841,-0.006680995,0.096822746,-0.14394632,-0.06886095,0.13199842,-0.045044146,0.19310403,-0.00025392696,0.12932214,0.1117908,0.10324899,-0.14525372,0.020138215,-0.04704066,0.11686338,0.090779744,0.0129266195,-0.068956375,0.041188408,0.010261282,0.14831117,0.10606281,0.05729152,-0.041955978,0.09503999,-0.08917086,-0.07220487,-0.13525242,-0.14500168,0.042277373,-0.17722496,-0.058441024,-0.05102975,-0.003871655,0.077948,-0.04522601,-0.14445904,0.06761007,0.0075686127,0.07661652,0.045734283,0.023144357,-0.14629436,-0.13182591,-0.1310704,0.25972843,-0.035800684,-0.16883615,-0.014337506,-0.017589401,-0.06738727,0.03501235,0.08074801,-0.23600322,0.12979515,0.029094752,0.089839414,-0.04227012,-0.10096748,0.14232188,0.0541341,0,-0.11007125,-0.013102319,-0.031234901,0.051204406,-0.09695017,0.058219813,0.08995344,0.03606668,0.00010348484,-0.15621027,-0.035482135,-0.16953814,-0.054263778,0.042162843,-0.18267587,-0.09344227,0,-0.044354327,0.0829023,-0.031275235,-0.15073365,0.29068345,0.052310277,0.07195233,0.07248811,0.033112902,0.28764114,-0.022180647,0.024650719,-0.08107249,-0.0013709068,-0.0034944415,0.08433297,0.176873,0.0015811408,-0.04106854,0.16770475,-0.12706208,-0.059329063,0.03358251,-0.07780633,0.16728395,-0.055296358,0.120217085,0.010193326,-0.03862705,0.36479354,0.15740457,0.047201693,0.23170143,0.12039576,-0.06301564,-0.09660722,0.04282252,0.06643265,0.021865264,-0.06913683,-0.10566163,0.2071163,0.07430415,0.054589167,0.0050965305,0.15635183,0.105428636,-0.14501065,0.11770236,0.11875346,-0.0070712455,0.03520754,-0.059530713,0.05370789,-0.23901844,0.03345917,-0.12701681,0.1702467,0.2952697,-0.14366637,0.029507421,0.14219344,0.030203208,0.20711553,-0.13435733,-0.15828642,0.11006156,0.1156768,0.090311944,-0.23088178,0.34943387,0.11263612,0.10601783,0.11265828,0.21260422,0.11006901,0.05836104,0.0079173595,-0.20153055,-0.0075616706,-0.028604554,-0.30937794,-0.05208101,-0.06349465,-0.06424909,0.06842609,0.021662585,-0.16304442,0.019702226,0.045933694,0.12251126,-0.03334103,-0.01554529,0.09364035,-0.15163615,-0.04167915,-0.038026333,-0.106474385,0,-0.016846359,-0.028623201,0.13707629,0.16543278,0.053705163,-0.04556679,-0.057726607,0.110555984,-0.03381311,-0.09587712,0.10475084,0.05153256,-0.010416565,0.120051235,0.122215964,0.018219829,0.057726644,0.014425024,0.18818018,-0.0032010097,0.09508813,-0.05298905,0.083344504,0.11857909,0.14403725,-0.07901499,0.028670019,0.08311234,-0.03340917,-0.19979218,-0.008270513,-0.25603238,0.13816543,0.040865596,0.08940254,-0.001895953,0.08415863,0.00067078136,0.12426632,0.0046793073,0.17924075,-0.061416227,-0.08284184,0.13917997,0.050759375,0.019346118,-0.09485091,0.16604018,-0.26656288,0.12377574,-0.15552282,-0.0998003,0.04396893,0.011252284,0.008591469,-0.11615565,-0.18970169,0.0357826,-0.041429557,-0.33328217,-0.14058742,-0.16816588,-0.010548845,0.075007804,-0.033667035,0.020577408,0.12996975,0.010038219,-0.009782448,-0.08758909,-0.042474672,0.12994844,0.10796356,0.033897564,0.102107,-0.047926582,0.18114556,-0.020199768,0.0758814,0,-0.03563209,0.044124976,-0.05572053,0.06601441,0.049585164,0.052008264,0.10460426,0.05664025,0.23946127,-0.018399563,0.11027581,0.1652033,0.12146558,-0.09235817,0.18995069,-0.057921626,-0.18495843,0.037439037,0.19389364,-0.00097214244,-0.09564328,-0.2727692,-0.20505273,0.333077,0.021944433,0.1150587,0.21545133,-0.24532275,0.018779276,0.11280137,0.10891408,0.032441422,0.032861535,0.029291376,0.23280157,0.019982515,-0.25332937,0.03618079,0.06368418,-0.15287061,-0.08298653,0.19973879,0.08396068,0.3603867,0.020300582,-0.19378248,0.0018931776,-0.067991845,-0.22865373,-0.11824961,0.005164191,-0.056005012,0.19647595,0.011683486,-0.013758801,0.18204907,0.2260926,0.10448554,-0.029193612,-0.02788651,0.10347669,0.14903367,0.015166961,0.098119736,-0.15343079,-0.0736979,0.099805,0.16263016,0.13237098,0.1811159,0.14292207,0.04925389,0.0693495,-0.07130961,0.0766802,-0.060610205,-0.3535383,0.13297622,-0.07088067,0.10256055,0.20270908,0.15273874,0.00941363,0.010374971,-0.08349664,0.18619257,-0.014414564,-0.08552553,-0.12659964,-0.069447964,-0.085422195,0.005427966,-0.0036795754,0.09697045,-0.22778606,0.051819667,-0.06548297,0.12588869,-0.07697567,-0.23067959,-0.1408045,-0.028283795,-0.11072951,0.21047384,-0.055288307,-0.28258103,0.07681833,0.17436607,0.0885441,0.19237848,0.035137784,0.14622155,-0.009412505,0.24614196,-0.007344775,0.16237988,0.24863325,0.054086745,0.0022313595,-0.18116264,0.1339004,0.05422467,-0.20834075,-0.04726748,0.10036235,0.05143424,0.02554106,0.34704453,0.08512728,0.22508802,0.040351246,0.038332142,0.15163732,0.04165083
"(113.88488292424474, 22.60466336708891)",0.22991344,-0.2182838,-0.07960038,0.16751099,0.37632677,0.13074593,0.33283544,0.1280567,0.30196387,0.29445547,-0.010980457,-0.140108,0.1565128,0.11973322,-0.0069968104,-0.032128356,-0.21137752,-0.2700398,0.17586643,-0.013576921,0.27617508,-0.03735623,0.14834782,-0.25698623,-0.051989783,-0.082871094,-0.10263706,0.102147266,-0.113871515,0.18526852,0.11244902,0.048765615,-0.074557394,0.37838766,0.102064416,0.09766137,-0.1907072,0.07162014,0.15790895,0.033271678,-0.1084597,-0.21803242,-0.013662636,-0.1036192,0.013287492,-0.18960606,0.13319275,0.17761283,-0.026276045,-0.2665737,-0.0428733,0.03565532,-0.015840765,-0.04383847,0.18433344,-0.015290555,-0.10719488,-0.20505318,-0.02252142,-0.19454944,-0.2605236,-0.13483043,-0.16825338,0.3589207,0.05607528,-0.0978984,0.16059114,0.10229458,-0.05231108,-0.19769523,0.02240201,0.0036544073,0.060449358,0,-0.07755903,0.07157874,0.242491,0.095687084,-0.26374093,0.29892188,-0.07349558,-0.14316821,-0.076674104,-0.051081076,-0.067901194,-0.10320108,0.09364396,-0.34166142,-0.08153582,0.086814165,0,-0.0056731254,-0.098551475,-0.40494573,-0.12880513,-0.15393193,-0.013333618,-0.014375389,-0.18927158,-0.00031188503,0.18242872,0.028994977,-0.14314605,0.20405452,-0.02910982,0.13236962,-0.009612158,0.29715636,0.15612394,0.0010463744,-0.05719718,-0.25542024,0.10460899,-0.018293738,0.19601324,-0.1549864,0.4321787,0.23445061,0.12319427,0.05344074,0.20815395,0.10718076,0.22734942,0.19958362,0.09278913,0.19844179,-0.1111944,0.014174718,0.1221833,0.4622962,-0.059890825,0.0055279788,0.18504733,0.0929555,0.11130478,0.25543976,0.18315294,-0.111746,0.07148492,0.14460286,-0.09492889,-0.093969956,-0.3491777,0.12320236,0.04222416,-0.20375377,-0.14406082,0.15961915,-0.046607383,0.36599898,-0.08494525,-0.01396602,-0.06819399,-0.10999068,-0.09267712,-0.3708219,-0.18425488,0.26260152,0.0062884763,0.3291822,-0.24169978,-0.044746473,0.33029562,0.106350005,0.36626834,0.116696574,0.005931234,0.056291237,0.14905377,0.090181775,0.012172801,0.071983166,0.0077284425,0.04899648,-0.03439311,-0.07375221,0.090319365,0.07381755,-0.010150358,-0.0464043,-0.002793856,0.10458299,-0.019401882,0.14272612,-0.24784708,-0.023873705,0.09234713,-0.07099893,-0.2001555,0,0.06408134,0.30591276,-0.055434488,-0.124663115,-0.028606601,-0.29949954,-0.13919386,-0.18219602,-0.27156213,0.008470904,-0.03259141,0.07339066,0.09433017,-0.13129033,0.09502203,0.12609123,-0.11402382,0.10118858,0.06548064,-0.06464506,-0.17344214,0.13102849,-0.22624837,0.11399344,0.500103,0.16513702,0.049605817,0.038798258,-0.012023859,0.009853348,0.14039057,-0.16531049,0.21732323,-0.34057185,0.011218641,0.07838988,0.13728204,-0.06774224,-0.018391646,-0.088273175,0.025569398,-0.12972964,-0.013215435,-0.0827907,-0.30087203,0.19254096,-0.027873952,0.04330504,0.044224784,0.06802177,0.04142819,-0.12689316,-0.15115188,-0.17114174,-0.17648312,-0.14454591,-0.13941371,-0.05298699,0.046957646,-0.04779853,0.011620343,-0.21906158,-0.019026116,0.056635432,-0.089026175,-0.09257596,-0.10258814,0.2321187,0.091322795,0.10478226,-0.17077312,-0.13577035,0.24067974,-0.12003706,-0.060307983,-0.069513865,-0.067363515,0.21021917,-0.14402887,0,-0.0741168,0.14278856,-0.16434443,0.29714748,0.03144569,0.10657369,0.17799781,-0.05082393,0.108617984,-0.115246326,0.161396,0.2532998,-0.081661426,-0.17743587,-0.29111525,-0.016701855,0.08379986,-0.077584825,-0.2439901,0.068264514,0.06392577,-0.31346807,-0.059089035,0.23271716,-0.10750376,-0.18364954,-0.040809542,-0.34101626,0.13221797,0.008625302,0.08646124,0.20706569,0.19233872,-0.13026056,0.195982,0.052898303,-0.12689179,0.08744185,0.24826449,0.023290783,-0.0064031295,-0.14931807,0.13975072,-0.051305328,-0.14485072,-0.16257554,-0.33114308,0.14549723,-0.046829335,-0.008293927,0.06754271,0.07041545,0.16468313,-0.32543838,-0.03732411,0.30516088,0.01873751,0.25718603,0.11787145,0.07839538,0.0285778,-0.22587253,0.14427528,-0.0972272,0.10548076,-0.10401826,0.11083328,-0.02235053,0.0022374317,-0.013576709,-0.020859055,0.12337863,0.21767315,-0.18209487,0.28944835,-0.047918804,0.09645033,0.2909895,-0.080890864,-0.06303426,-0.13929386,0.05202118,-0.26819742,0.35877523,-0.19116792,0.18363452,-0.19186832,-0.09426619,0.13215551,-0.13520598,0.2634722,-0.045501344,0.090774536,0.15895791,0.1299423,-0.20711096,-0.21011806,-0.12745965,-0.10061015,-0.20117955,0.20520496,-0.17405638,-0.16295803,0.47751918,0.03736923,0.22332777,0.33327264,-0.034373354,0.020959709,-0.11176525,-0.20581569,0.11434573,-0.054094978,0.29483017,-0.05608456,0.33197743,-0.12666477,0.00059904996,0.062096134,0.01518472,0.2237984,-0.23961557,0.13517031,0.017090067,-0.1649165,-0.11858379,0.17844115,-0.09806736,0.32300687,-0.040998098,0.091331884,0.18527612,-0.017380424,-0.1780565
"(113.88580145706372, 22.591496499692845)",0.24516803,-0.177816,-0.08687248,0.17558931,0.4688481,0.1931573,0.3524388,0.12598762,0.26405048,0.32512242,-0.020247675,-0.16908592,0.27222252,0.10654224,0.05015645,0.0035176463,-0.16755293,-0.2726015,0.083933026,-0.042435,0.022935115,-0.13297229,0.075626045,-0.18959898,0.019184712,-0.04132674,-0.24036309,0.15125062,-0.08749403,0.23761815,0.093024045,0.11294553,-0.10123336,0.18045583,0.08156206,0.059581906,-0.19792038,0.032794096,0.030472707,0.02627813,-0.060585044,-0.18362921,-0.074361786,-0.11172331,0.087377645,-0.16042729,0.034327015,0.09605797,0.038329758,-0.22597921,-0.081544,0.11513644,-0.08840354,0.044067282,0.13866326,0.03923386,-0.036651716,-0.06870837,0.00018899515,-0.03959734,-0.22099303,-0.11158876,-0.15209135,0.25487614,0.049236637,-0.027520236,0.12505072,0.11392331,-0.04994783,-0.1638918,-0.03380063,0.10205708,0.014229991,0,-0.16643706,0.050481927,0.28250676,0.18299684,-0.10525811,0.14274862,0.037878808,-0.12657516,-0.010083418,-0.09517285,0.007463962,0.15498328,0.027121082,-0.44155374,0.011093501,0.15668747,0,-0.048199207,-0.11519595,-0.34967652,-0.14794162,-0.32001054,0.018945679,0.114912,-0.035331868,-0.1114275,0.086509526,-0.117463864,-0.12052439,0.2057332,-0.020890005,0.11605017,-0.021813378,0.28204983,0.09862346,0.11561308,-0.15130886,-0.14934948,0.08596144,0.093957275,0.17411307,-0.21385269,0.49367014,0.29746282,0.17297965,0.07936537,0.058176696,0.078469075,0.17526153,0.23768699,-0.015310636,0.12355274,-0.0744611,0.01723541,0.16825333,0.40967682,-0.081785016,-0.019796656,-0.06970411,0.028768167,0.093372025,0.22431998,0.11084039,-0.09860557,0.21586984,0.06906176,-0.092054434,-0.014889885,-0.24216035,0.15192908,-0.05575957,-0.08311711,-0.19335376,0.23978235,-0.12404992,0.23375864,0.15275562,0.038183637,-0.17394404,0.016639948,-0.12134716,-0.28567728,-0.04718011,0.1544877,0.08229897,0.33212483,-0.115170196,-0.114593126,0.33994102,0.16351593,0.28977948,0.19925784,-0.09798769,0.17214128,0.1327805,0.16151686,-0.0011576992,0.20328127,0.030244946,0.113296226,-0.036822736,0.0172671,0.10438773,0.0058560567,0.027832255,0.08824835,-0.12142198,0.09201927,0.058357526,0.29357356,-0.20775178,0.032403428,0.05323243,-0.10113411,-0.17775828,0,0.16455665,0.29871598,-0.1515118,-0.13102023,-0.14728375,-0.10874722,-0.10631064,-0.11212931,-0.18191893,0.0158876,-0.17366633,0.028107278,0.0868979,-0.142046,0.06677961,0.018994063,-0.06751688,0.09837869,-0.0020576343,-0.0011707237,-0.25973123,0.1923327,-0.17958531,0.1649812,0.5414593,0.19312704,0.07195193,-0.115865,-0.055725433,0.032241352,0.10067721,-0.076624006,0.08204768,-0.17721833,-0.10386239,0.13725811,0.0058716107,-0.07414699,0.032883704,-0.03438524,0.15411247,-0.07300233,-0.011352601,-0.031060768,-0.36671162,0.099261105,-0.022835296,-0.08847995,0.09692915,-0.022176538,0.13247651,-0.10026175,-0.047331236,-0.20052244,-0.13677624,-0.09336833,-0.33952653,-0.05589613,0.033328746,0.059895664,0.066182375,-0.29053193,-0.0795155,0.085372694,-0.06997397,-0.11254122,0.0032577217,0.24707144,0.02657801,0.16109931,-0.19656098,-0.1195881,0.18144742,-0.1578629,-0.19981155,-0.04254593,-0.2025381,0.24020939,-0.1345199,0,0.048840016,0.123678975,-0.1547034,0.13383836,0.10031226,0.18327817,0.19388142,-0.1993499,0.10655523,-0.09795204,0.17597492,0.17769831,-0.037959233,-0.091686785,-0.41080335,-0.0601193,0.060784865,-0.050776653,-0.42063022,0.14578302,0.04799236,-0.3243208,0.024285004,0.30493274,-0.09111586,-0.064199194,-0.20358576,-0.20783728,0.064242706,0.006621141,-0.045498446,0.18284157,0.22249795,0.083359614,0.27969947,-0.051582053,-0.057310384,-0.08015937,0.32634377,0.009986907,-0.05510367,-0.12510988,0.13310814,-0.11047529,0.06431757,-0.14047754,-0.2396698,0.15649253,0.07956651,0.010574736,-0.13829736,0.08631607,0.13142733,-0.29247215,0.03465856,0.34868476,0.067529686,0.10092296,0.21924351,0.20189044,-0.1796328,-0.19374473,0.11067965,-0.06713032,0.22123662,-0.072486214,0.09541365,0.029574914,-0.0008181706,-0.13456881,0.019303717,0.10958443,0.20697062,-0.14467631,0.14718302,0.043025732,0.14935559,0.34323204,-0.027557097,-0.19713078,-0.2014155,-0.020434748,-0.20405293,0.34006536,-0.08207636,0.10781158,-0.17557485,-0.0058144825,0.13718331,-0.21173519,0.37949324,-0.07857726,0.12821606,0.100807376,0.11720794,-0.41178015,-0.10873663,-0.15607871,0.023978405,-0.1890815,0.24110734,-0.027338592,-0.29141036,0.4686608,0.06019067,0.22450906,0.36416247,0.11321767,-0.07549617,-0.16194166,-0.24972613,0.092397094,-0.066603355,0.37563258,-0.008677781,0.23361696,-0.107633956,-0.06635817,0.18111332,0.001831579,0.28501835,-0.33298343,0.19123143,-0.04172291,-0.1315598,-0.12649955,0.19273148,-0.13812777,0.30110872,-0.081689954,-0.033293772,0.2798418,0.012299338,-0.115020305
"(113.88626716897753, 22.67302301935919)",0.006816268,-0.0349722,-0.037492722,0.060043946,0.2251825,0.13739227,0.075681984,0.072010376,0.13336925,0.33232158,-0.091370575,-0.081350625,-0.08625854,-0.056077413,-0.12217962,-0.097112864,0.05057791,0.05774562,0.10886812,0.16221792,0.2933452,0.114503406,0.023201853,-0.22811684,0.0051799975,-0.07018693,0.059257485,0.077831745,-0.27492982,0.0620448,0.1675756,-0.059550643,0.13733688,0.24659908,0.2588527,0.10869565,-0.035142697,-0.08005032,0.24489373,-0.0027261004,-0.07507215,0.035142757,-0.20516124,-0.05597306,-0.07607955,-0.13663116,0.20839354,-0.0038296767,-0.19530654,-0.10744965,0.00047142804,0.019397827,0.018650185,-0.053358316,0.11756932,0.0110288225,-0.1173425,-0.027278967,0.07860191,-0.3661101,-0.13530083,-0.12837154,-0.18543644,0.11461879,0.0214764,-0.14325082,0.07109476,-0.016883612,0.007642107,-0.10396165,0.069740325,0.018537747,0.083717406,0,-0.1845566,-0.0039877705,0.06569731,-0.20109065,-0.3729176,0.3053976,-0.078327715,-0.098327205,-0.07653652,-0.2045959,-0.0810978,-0.27309597,0.14399175,-0.08457082,-0.2574232,-0.23879486,0,-0.0049978867,0.029709332,-0.23395194,-0.036135957,0.025747363,-0.05235923,-0.06075193,-0.17620307,-0.04009096,0.2411175,0.13542283,-0.13502778,0.09941749,0.13263722,0.1293903,0.15801398,0.2893952,0.3192829,-0.11843258,0.2052788,-0.21975198,-0.123333395,-0.17972064,-0.09921616,0.20638686,0.20443296,0.24157122,-0.024058454,-0.13328323,0.45892733,0.14841309,0.23096779,0.22989538,0.042376824,0.0065098703,-0.03601664,0.021732656,0.006368391,0.22927278,-0.14740017,-0.029211516,0.3756006,-0.070688196,-0.12145999,0.12472574,0.25736797,0.05060945,-0.09415752,0.10828627,0.12846838,-0.029925283,-0.2711846,0.06202533,0.015722163,-0.2587921,0.004316466,-0.060175817,0.21012922,0.41660678,-0.13947245,-0.010124162,0.03869714,-0.16442756,0.17884038,-0.30701512,-0.257413,0.19085532,0.07712927,0.26675296,-0.33559296,0.18973628,0.0921635,-0.04931317,0.16247611,0.12872595,0.017380325,0.10050079,-0.04127273,-0.24386218,0.03770817,0.03430552,-0.030826189,-0.042561494,-0.08767694,-0.1435569,0.1310666,0.12079372,-0.1367111,-0.037668638,0.2286369,0.089691006,-0.048744828,-0.090115875,-0.015550517,-0.11018087,0.07507137,-0.017749043,0.013994422,0,-0.11108421,-0.033194967,0.18938887,0.09015348,0.04334476,-0.2978545,-0.06006529,0.06332249,-0.12640634,0.02312135,0.0812687,0.02017419,-0.0022106632,0.056874037,-0.055438846,-0.022303656,-0.19095896,0.079948775,0.25837767,-0.021473346,0.049805656,-0.0019638482,-0.12466919,0.12353757,0.18738562,0.06366116,0.02531288,0.20292246,0.16053055,-0.26986367,0.033218365,-0.19829726,0.4462896,-0.12525938,0.18349588,0.034665093,0.29140523,-0.09579255,-0.055306494,-0.014131956,0.021462906,-0.17947435,-0.0972145,0.113360316,0.035434246,0.08783235,-0.062188286,0.1630549,-0.20794079,0.09132562,-0.21403378,-0.11875033,-0.095631294,0.07694676,-0.1380123,-0.20743495,-0.21806623,0.046841186,-0.019250497,-0.15550552,-0.16081864,-0.106903285,-0.12493293,0.17949668,-0.036553018,0.023134395,0.065290354,0.27621186,-0.01061783,-0.1170404,-0.14092512,0.074437745,0.14590442,0.0019247308,0.12301108,-0.008068278,0.19573931,0.23856269,-0.034399323,0,-0.10389385,0.04159467,-0.07728075,0.33200863,0.09808262,0.08713845,0.16976596,-0.0394469,0.045942992,-0.17665358,0.1545042,0.21903343,0.10991663,-0.084567636,0.01568887,0.086977005,-0.05554888,-0.07113631,0.2487454,-0.014321191,0.036412418,-0.16530839,-0.15044072,0.06395447,-0.017854381,-0.048724078,0.3181384,-0.34399307,-0.0067224894,0.1791593,0.06661757,0.19576913,-0.0023716986,-0.12307927,0.28809208,0.060346007,-0.16642074,0.0795746,0.08589335,0.07199246,-0.13803065,-0.00995823,0.14853306,0.20242901,-0.35834676,-0.08469368,-0.17673883,-0.03848254,-0.25893044,-0.11837761,0.14724293,0.017097032,0.18163243,-0.21904999,0.022493191,0.28411096,0.09634299,0.31097302,-0.11288405,0.011942349,0.17160778,0.057566583,-0.021496423,0.014019417,-0.015692584,-0.18758887,0.12080698,0.22034831,0.12279811,0.07105021,0.14533451,0.09538124,0.14459297,-0.15691546,0.1353604,-0.112103865,-0.09846485,0.16398835,-0.13689485,0.27315432,0.027694337,0.2114984,0.014619619,0.011181444,-0.17104307,0.20812774,-0.12544045,-0.10980817,0.06983452,-0.21022508,-0.099837296,0.09010061,0.012748076,0.2556561,0.005715534,0.1785375,-0.25296804,0.12669662,-0.28299132,-0.36901996,-0.13995749,-0.19659036,-0.08009908,0.4657161,-0.21276803,-0.17185216,0.21450502,-0.03911491,0.039826516,0.16077201,0.046297785,0.122754484,-0.054788478,0.25902584,0.042337343,0.36850667,0.096409105,-0.08294838,-0.23915532,0.028869275,0.17463891,0.022330739,-0.17497733,0.035071142,-0.041074008,-0.049313396,0.22073203,0.20021965,0.18203741,0.040601354,0.20287816,0.062291592,0.09810339,0.09376922
"(113.88648917182456, 22.54880607662508)",-0.0823117,0.012685129,-0.11630975,-0.025792109,0.21395034,0.30266207,-0.030469589,0.09414321,0.22968091,0.18090218,-0.043057643,-0.2169913,-0.08273767,0.04714629,-0.15833107,-0.054342054,0.12947367,-0.05207043,0.11963922,-0.06354596,0.054965116,0.098438054,0.09073325,-0.15113261,0.0296208,-0.07157316,0.08001945,0.09413702,-0.03364564,-0.0117415115,0.065760136,0.031173594,0.021397986,0.044247024,0.09627351,-0.005663274,0.10202493,-0.12434751,-0.06632295,-0.10807026,-0.059049584,0.07734368,-0.18984666,-0.09430442,-0.012323186,0.028528089,0.0575504,-0.069766924,-0.115343906,0.06545095,-0.038208008,0.08876473,0.008497573,0.05077788,0.0077017173,-0.033345673,-0.080859184,0.23798391,0.00017118081,-0.18460712,-0.01802389,-0.016915996,-0.03315091,0.003941193,0.06784004,-0.18825123,0.17118259,-0.016841918,0.08585495,-0.002610553,-0.107435174,0.17428839,0.032955732,0,-0.16588794,-0.019500334,0.00611398,0.047455885,-0.07738195,0.02898737,0.080714986,0.0046069175,-0.010685135,-0.12026359,-0.038461957,-0.09364423,-0.05371956,0.02395945,-0.14249274,-0.09606125,0,0.0448936,0.10817356,-0.04445862,-0.16113931,0.122062266,0.06940267,0.1191376,0.066636704,0.0057031997,0.15902251,-0.05515764,-0.026575867,-0.04036875,-0.012244508,0.021706432,0.069968045,0.15374401,0.016885161,0.02984871,0.19497974,-0.12739499,-0.062624864,0.039184377,-0.13527319,0.16179618,3.7012156e-05,0.12021008,0.028374746,0.0015752241,0.34431416,0.1475146,0.04595784,0.19656488,0.10659524,-0.056124255,-0.11994296,0.04859998,0.05145151,0.025647014,-0.053750757,-0.11473442,0.2010805,0.03150475,0.067581356,-0.063869625,0.1422103,0.10668154,-0.05971485,0.09268258,0.0646797,0.024710778,0.029222593,0.008030333,0.09338421,-0.19178843,0.015629513,-0.09135029,0.10550998,0.28737617,-0.09263314,0.009107202,0.110762194,0.053841293,0.23912409,-0.10611929,-0.15831493,0.113151796,0.12064842,0.08608623,-0.18723717,0.27450007,0.15124589,0.13348159,0.118646935,0.18608116,0.06909999,0.11558236,-0.025248364,-0.161394,-0.017077578,0.04909487,-0.15665285,-0.025001459,0.06218251,-0.030594312,0.080499575,0.012472528,-0.19328323,0.09205448,0.03086803,0.1046248,-0.022870436,-0.024199083,0.10409073,-0.07256554,-0.030711524,-0.044119537,-0.07178371,0,0.008541103,-0.07256159,0.12441152,0.14919683,0.024294771,-0.032966174,-0.021406353,0.11510263,-0.01906984,0.0038619936,0.039227813,0.05325015,-0.017527772,0.10997523,0.10077557,0.0025228262,0.09214854,0.027686894,0.15019217,-0.031535782,0.089595795,0.031431906,0.08018601,0.14810702,0.21512118,0.019538943,0.0553089,0.020689532,0.034258217,-0.23366758,-0.036487173,-0.16435267,0.110240035,0.04601183,0.0780094,0.05267235,0.005676087,0.03270088,0.09399189,0.012148596,0.2846392,-0.035611976,-0.1592984,0.10686971,-0.023119546,-0.036148004,-0.07234371,0.12363818,-0.20720555,0.056057073,-0.07060818,-0.06875771,0.050148405,-0.026335314,0.026757222,-0.084892064,-0.2826817,0.053269025,-0.027923733,-0.18503995,-0.10441508,-0.16362582,0.0016626269,0.10790846,0.010708146,0.031308033,0.16049023,0.0097779315,-0.0028314292,0.02376955,-0.09560183,0.14566007,0.11321977,0.021327421,0.058834653,-0.07960039,0.15213245,0.06954664,0.0994141,0,-0.03169462,0.026626313,-0.03758073,0.10742918,0.07543613,0.06051866,0.092504874,0.0161605,0.15474617,0.041416023,0.14874813,0.17307724,0.11224975,-0.07505697,0.114730015,-0.047260556,-0.1629245,0.036236744,0.18292317,0.022892015,-0.05123002,-0.266825,-0.060999706,0.4179975,-0.07763586,0.13425359,0.18649358,-0.19271468,0.011893777,0.13123524,0.05124043,0.0471365,0.06239528,0.09018539,0.2838094,0.020140005,-0.23089886,-0.000614848,0.11062026,-0.119271204,-0.07158458,0.10919261,0.08674252,0.34221736,-0.0023061484,-0.16168132,0.07340142,-0.044976443,-0.20669772,-0.107936524,-0.0010934249,-0.039301436,0.10182108,0.008954413,0.0044632927,0.20772022,0.22690839,0.09287025,0.041703284,0.007903576,0.043187287,0.15113847,-0.004867196,0.084030546,-0.10854383,-0.08465139,0.08643858,0.16462862,0.13667756,0.11189893,0.16480857,0.0501135,0.087089345,-0.07422361,0.056133285,-0.033018954,-0.25959203,0.14054601,-0.04829935,0.0660972,0.110052064,0.12032291,0.053555384,0.027540378,-0.07817767,0.10866738,-0.03266796,0.036819372,-0.066796176,-0.11505152,-0.06374148,0.034308724,-0.02390355,0.11719211,-0.19034195,-0.0017376831,-0.09585294,0.09236115,-0.032671724,-0.22298083,-0.09327131,0.01925596,-0.1662556,0.2033351,-0.05877354,-0.24043818,0.12626363,0.18906875,0.07693939,0.11535217,0.013729762,0.15226567,0.0042506084,0.2405189,0.044070095,0.1297447,0.2278731,-0.06503616,0.060476556,-0.15911052,0.16071087,0.06720741,-0.18580668,-0.023970738,-0.014263473,0.061854012,0.06333937,0.32781693,0.07033047,0.24773069,0.04569668,0.10329258,0.13854,0.08450431
"(113.8870893509257, 22.586088768808946)",0.26650453,-0.086512156,0.019586388,0.16221443,0.40326113,0.08253066,0.2628013,0.07915594,0.18149097,0.32514387,-0.04224484,0.009252038,0.28578612,0.00077789277,0.049576618,-0.007028941,-0.07889855,-0.09929272,0.07068661,0.17343643,0.053844355,-0.14133987,-0.016751774,-0.11186436,0.009053614,-0.0011426639,-0.21688184,0.1272733,-0.15810439,0.16385883,0.09066127,0.08870792,0.106137894,0.12296697,0.11272323,0.020326613,-0.19942418,0.056751855,0.05055357,0.072082825,-0.13875297,-0.055784963,-0.13018446,-0.06935677,0.013887502,-0.19385038,0.07811545,0.06749591,-0.070684336,-0.22892469,-0.011909723,0.09153423,-0.031236734,-0.00997851,-0.0027957484,-0.0002030693,-0.016375475,-0.032394804,-0.03602063,-0.01702851,-0.15403509,-0.11741683,-0.19696236,0.19623597,0.01584813,-0.029281478,-0.050548255,0.10517612,-0.044547934,-0.19212355,0.03648755,0.055270635,0.04188648,0,-0.12517975,0.014012631,0.22530253,0.05240222,-0.16889611,0.14795572,0.042995434,-0.09406463,0.042879496,-0.17650528,0.046202306,0.08423431,0.055635378,-0.39347312,-0.054068938,0.08001432,0,-0.123898424,-0.12091408,-0.26999778,-0.018833391,-0.2595946,-0.04579615,0.051452875,-0.035208948,-0.17499322,0.14113048,0.011143446,-0.09755422,0.16358946,0.07540813,0.11579594,0.08739783,0.32308263,0.16855381,-0.01780092,-0.15601972,-0.06287644,0.081046216,-0.014998995,0.12047263,-0.1437719,0.42937204,0.29062256,0.053654827,-0.052230515,0.057794794,0.034184013,0.18072054,0.22049654,-0.064752564,0.08479191,0.043215428,0.013171304,0.12260894,0.4123325,-0.18558982,0.0119153615,-0.0693653,-0.047795802,-0.07266952,0.24364303,0.19255066,-0.08734281,0.17698541,0.02884463,0.1008797,-0.013350632,-0.20169988,0.05966223,-0.17310974,-0.10136935,-0.15850882,0.24080478,0.07773833,0.19217543,0.20529003,0.08819817,-0.113638595,-0.019751146,-0.09606916,-0.2286054,0.0065867454,0.13159001,0.09208939,0.34071547,-0.14080635,-0.023242459,0.15987037,-0.034503218,0.18752529,0.1581657,-0.048631415,0.13472952,0.10074124,0.03375776,0.038800836,0.18262257,-0.01682619,0.11633838,-0.15533635,0.01744628,0.11950113,0.037645202,0.0945972,-0.054021187,0.056057185,0.062850334,0.095530555,0.2289406,-0.11789035,-0.061041858,0.07222964,-0.042956628,-0.05678553,0,0.06873804,0.28331903,-0.100513615,-0.06180526,-0.058678143,-0.08552561,-0.071635745,-0.053987123,-0.09716371,-0.059475176,-0.12758414,-0.06018123,0.05950016,-0.16449508,0.040968023,-0.03254561,-0.15919308,0.14891891,0.039314903,0.07882233,-0.22223346,0.13717851,-0.20641364,0.104026295,0.33544812,0.063880086,0.014663098,-0.022989132,-0.050781153,0.013405204,0.12313646,-0.06226571,0.21354313,-0.06514287,-0.024444614,0.07964016,0.15951696,-0.12736097,0.06422846,-0.023676455,0.012413759,-0.13345991,0.11598288,0.05056282,-0.20023593,0.15469517,-0.03479321,-0.030335434,0.0014985353,0.0326458,0.03192258,-0.1252182,-0.020741118,-0.021984994,-0.1142447,-0.0985285,-0.25418365,-0.012907617,0.074985616,0.0049049407,-0.008385122,-0.2606728,-0.13534121,0.085817076,-0.10953965,-0.106791444,0.04783956,0.32519755,-0.032715194,-0.01049412,-0.120660305,-0.006228678,0.09861663,-0.12815997,-0.11200832,0.031207498,-0.106118396,0.21649913,-0.19938588,0,0.09532335,0.08805242,-0.11124687,0.052707747,0.20295751,0.14109696,0.21367803,-0.23961313,0.10345607,-0.1992958,0.13136303,0.13065533,0.012388762,-0.028939366,-0.31048796,0.02958718,0.054626856,-0.06445573,-0.30505472,0.07056002,0.033878114,-0.18824214,-0.16330396,0.05944267,0.08870613,-0.055201776,-0.10666827,-0.15454108,0.014878167,0.03968145,-0.003882086,0.14869864,0.13145116,0.07503627,0.23472218,-0.09529139,-0.023193147,-0.01618306,0.20409437,0.1478067,-0.047814693,0.030596312,0.10242976,-0.15152892,0.0063450634,-0.04443737,-0.29666814,0.0674946,0.0875065,-0.06473047,-0.07285817,0.06673641,0.18905129,-0.2603036,0.1366185,0.3158124,-0.018809907,0.09529714,0.093550146,0.18467829,-0.16891593,-0.17201696,0.08576443,-0.06358828,0.23894064,-0.07631048,0.11166644,0.087993935,0.04736612,-0.11492883,0.08836716,0.116973676,0.20517631,-0.09963611,0.11169283,0.01893942,0.08337802,0.25986803,-0.05611954,-0.035613555,-0.10070786,0.06897277,-0.079414144,0.21414477,-0.029405542,0.16490671,-0.102335,-0.12476462,0.1060627,-0.22844015,0.30419266,-0.050846115,0.13822648,0.119793735,0.12529159,-0.25750178,-0.03692563,-0.016713973,-0.07568055,-0.21218185,0.10585112,-0.028362175,-0.19279358,0.51573014,-0.027955974,0.11102679,0.30102396,0.06983149,-0.10337815,-0.0048709773,-0.23497649,0.063437134,-0.07298186,0.43657857,-0.01921574,0.25681216,-0.08334231,0.014873886,-0.04326108,0.07679537,0.21174273,-0.24730347,0.12653434,-0.094247535,0.01051379,-0.09189676,0.17465079,-0.10308479,0.24803463,-0.19561405,0.00027101114,0.19463894,0.011447288,-0.08927056
"(113.8885236297572, 22.673852091836004)",0.0452993,-0.05729133,-0.0599348,0.07227854,0.2548088,0.09923364,0.1664273,0.10241343,0.13357225,0.34239066,-0.0636998,-0.06254861,-0.1474921,-0.08181098,-0.13843115,-0.020560589,0.019592956,0.03151825,0.09279116,0.1829638,0.23425478,0.08422039,0.047791176,-0.20167825,0.028084438,-0.046443477,0.023694538,0.09235997,-0.3381679,0.10471571,0.15928051,-0.0243368,0.10508425,0.23866142,0.2828243,0.054384567,-0.11286428,-0.0833786,0.23883645,0.009989284,-0.12329013,0.10649932,-0.15090647,-0.12712398,-0.07876221,-0.038482063,0.21833865,-0.0035616197,-0.13953802,-0.08204271,-0.018623635,0.05084429,0.015606508,-0.117694914,0.16499689,0.08895323,-0.1300197,-0.10180289,0.025035877,-0.4251248,-0.2037264,-0.14222135,-0.1582999,0.09270987,0.060082622,-0.19240707,0.104204305,-0.039393485,0.04725699,-0.14740898,0.10303154,0.035724938,0.08635184,0,-0.17899208,-0.030614022,0.14734729,-0.14098257,-0.34818563,0.31096438,-0.067536816,-0.10842655,0.00089673325,-0.24247023,-0.10847749,-0.21787716,0.15427142,-0.12402054,-0.21932024,-0.1527085,0,0.06154754,-0.017503075,-0.1747946,-0.046306662,-0.03842112,-0.04192856,-0.08274837,-0.18856122,-0.017593827,0.22052321,0.11058675,-0.08619927,0.18764608,0.22530933,0.1059393,0.14810745,0.34060687,0.31975198,-0.090931356,0.23704931,-0.20160227,-0.102572344,-0.19963211,-0.09935172,0.1810975,0.23997042,0.29890403,-0.0015498474,-0.10993306,0.4765253,0.084793575,0.23312235,0.21946457,0.079253115,0.058998153,-0.08854774,0.03400051,0.019219227,0.31997997,-0.2553523,-0.106804125,0.3681595,-0.045263015,-0.11219929,0.063430585,0.39590007,0.05068816,-0.09221868,0.07872043,0.14496212,-0.04826984,-0.2198751,0.028887905,0.058600962,-0.20639005,-0.04557296,0.02255562,0.1722806,0.45793205,-0.14593746,0.036170863,0.06963417,-0.122391626,0.21090315,-0.22971182,-0.21541601,0.28261524,0.09609062,0.30289358,-0.34946325,0.18373317,0.05900538,-0.0829903,0.18438552,0.05102337,0.030639825,0.09261961,-0.059018254,-0.19203164,0.040110692,0.0143681895,0.025922269,-0.032167047,-0.03935942,-0.075203165,0.1697342,0.16860203,-0.13826191,-0.016982764,0.26391333,0.10846897,-0.03623591,-0.013681803,-0.022529535,-0.12160361,0.1334886,0.0031995606,0.055758532,0,-0.09620717,0.04139533,0.15323606,0.05493274,0.1022597,-0.30817756,0.04570657,0.064181246,-0.09219314,0.066388756,-0.008323612,-0.01385355,0.0054482515,-0.0035138112,-0.05899076,0.019105151,-0.18604077,0.06590842,0.2517967,-0.008157576,-0.025697857,0.043151975,-0.1637305,0.09617069,0.17239061,0.07759365,0.06082326,0.17703006,0.18700519,-0.23733358,0.07226456,-0.16813001,0.5021251,-0.16468439,0.14647143,-0.00980439,0.29620942,-0.09748654,-0.046179503,-0.0093483925,0.053155053,-0.1774905,-0.059922013,0.10100547,0.03224565,0.16364323,-0.022479381,0.14663291,-0.23640491,0.1317277,-0.10405535,-0.10390753,-0.10334963,0.013835087,-0.0895769,-0.19087544,-0.23885162,0.050705653,-0.039536923,-0.08287226,-0.15175977,-0.17668486,-0.16366775,0.22373691,0.020596646,-0.004425861,0.055717826,0.27884656,-0.040748015,-0.08112425,-0.11157,0.094413914,0.1568428,0.003975872,0.06532648,-0.0060941875,0.14512096,0.18537772,-0.13893513,0,-0.084494255,-0.06147605,-0.17061657,0.3890349,0.071822606,0.14854641,0.17636405,0.04546006,0.02949249,-0.14491299,0.18312496,0.26812264,0.13203432,-0.119912505,-0.030044485,0.109564774,-0.02609524,-0.061640166,0.26294002,-0.016482605,0.063609555,-0.16538274,-0.10264492,0.051879168,0.0008572042,-0.15047798,0.17618838,-0.34411368,-0.024171034,0.19496468,0.054311268,0.24316865,0.06112095,-0.07578567,0.2446746,0.0014189538,-0.13987318,0.14402944,0.07302776,0.10255199,-0.08583701,0.005314637,0.175648,0.24192812,-0.40250045,-0.09650309,-0.23669466,-0.015998922,-0.19955489,-0.13465568,0.18606533,0.02034964,0.14925927,-0.22279361,0.08002079,0.29879534,0.0552508,0.29788905,-0.07418024,0.100110784,0.12438476,-0.010694427,-0.047760315,-0.03777323,0.0016028583,-0.2199826,0.1315025,0.25456643,0.18043217,0.042994473,0.13743311,0.11652165,0.16625763,-0.18862681,0.12034923,-0.10771929,-0.108325645,0.12794626,-0.15806484,0.20247139,-0.021818347,0.16124012,-0.0034909397,0.079905175,-0.20481342,0.23641922,-0.1423467,-0.04378562,0.026466615,-0.15276219,-0.051849052,0.051386423,-0.031365536,0.29160854,0.06712841,0.16399457,-0.27671942,0.1042368,-0.30196413,-0.3495071,-0.07794798,-0.17433776,-0.071558714,0.46267918,-0.2800812,-0.1510647,0.19227923,-0.08625941,0.027970094,0.1538544,0.030237239,0.11885162,-0.09305542,0.2654634,0.10643254,0.31990385,0.049044512,-0.12242423,-0.14556667,0.06772715,0.20487425,0.029355884,-0.124495715,0.06321119,-0.083392195,-0.032958396,0.24194388,0.16808791,0.22810945,0.06483071,0.16998532,0.16516423,0.061509613,0.10462312
"(113.88871663320352, 22.721251287202115)",0.101478554,0.017806562,-0.029771466,0.11538727,0.2682368,-0.08426787,0.085954085,0.04173756,-0.06755254,0.23446713,-0.0419706,-0.01740807,-0.054248437,-0.12336501,0.12416003,0.07077105,0.023091838,0.021051563,-0.2541975,-0.15654688,-0.41966882,-0.06604999,-0.004337501,-0.049148038,0.22444507,-0.04585926,-0.18187857,0.014022182,-0.007519666,0.18502212,0.21689661,0.09444773,-0.27285358,0.027157078,0.2850701,0.18372034,0.18481842,-0.3587913,0.09797768,0.20725599,0.33501112,0.020849384,-0.15955757,0.054713048,0.25360942,0.059624724,-0.13112755,-0.16411518,0.1493248,0.08964628,-0.021987185,0.17625843,-0.11763871,0.26812887,0.24471238,0.31191465,0.2286528,-0.022780098,0.21944162,-0.06862425,-0.06379187,-0.0535208,-0.07147813,-0.068842664,-8.935109e-05,-0.01563771,0.21233037,-0.1097468,-0.000382822,-0.023241702,-0.024037637,0.13658357,0.015634924,0,-0.16140829,-0.11144097,0.2941219,0.0009476915,0.07593799,-0.047284253,0.06619772,-0.06759305,0.13465208,-0.24814636,0.07042697,0.3991741,0.067876354,-0.2537307,0.16127047,-0.11578392,0,0.12462283,0.12900966,0.14559357,0.07615684,-0.33500934,-0.10813828,0.18672872,0.041464053,-0.030740079,-0.14107037,-0.13659543,-0.085450634,0.16430305,0.045759887,0.27462962,0.062488735,0.12127462,0.24876173,0.29342413,0.06363107,0.021184355,-0.12685567,0.21136755,0.019340746,0.1742956,0.2432108,0.37520808,0.06123046,0.11054979,0.07474993,0.112659626,0.14719075,0.06925124,-0.29093271,0.0006958693,-0.057400446,0.05422736,0.16317582,0.047123186,-0.09771982,0.012518471,-0.09786834,-0.12743556,-0.19548666,-0.042347923,0.09498348,0.24952027,0.44345635,0.16068104,0.053158928,0.06438302,0.13337998,0.28819725,-0.050171606,0.2775632,-0.059951663,-0.11103666,-0.24760157,0.019569704,0.28695828,-0.04680846,0.020821065,0.0014544576,0.15959921,0.18712735,0.11403066,0.013463467,0.22717321,0.2895766,0.23469037,-0.050523102,0.13280994,0.1059473,0.013916105,0.23332836,-0.2525183,0.43829387,0.08191396,-0.064284235,0.15543318,0.14721173,0.42358062,0.041892655,-0.044420257,0.14107259,0.06252034,0.04111355,0.024630122,0.29684344,0.0097911265,-0.15720546,0.09297067,0.33590734,0.13360137,0.07656339,0.025030296,0.076569214,0.19009145,0,0.01937341,-0.09160916,0.069459185,-0.020300658,-0.18760315,0.2878447,0.27583945,0.26982066,0.17287241,0.1071802,-0.3536992,-0.15525243,0.027413132,0.03765528,-0.34729248,-0.172862,0.13608325,0.049240097,0.06961127,0.21218388,0.11946195,0.1455247,0.02602199,0.20945056,0.4419591,0.39469153,0.15351695,-0.15488288,0.15220395,-0.2096708,-0.093376026,0.24301894,0.35280573,0.21115914,-0.033761602,0.20733091,-0.30740252,-0.09227068,-0.10544846,0.19722503,0.047507424,0.26443067,-0.17475408,0.10375105,-0.049364723,-0.29036492,0.14022522,-0.20546398,-0.046491727,0.1288257,0.38602588,0.093318805,0.13525112,0.0034367144,-0.025565509,0.119793996,-0.5192507,0.15015599,-0.16206637,0.5123554,-0.03523805,-0.07544455,-0.20017229,0.29100212,0.16569135,0.14422038,0.34478852,0.1634917,0.08340907,0.05624842,-0.063889354,0.10849204,-0.0071399584,0.033464663,-0.1322251,0.23473269,-0.30524394,0.10243881,0.00502602,0,0.21540788,0.0461108,-0.024395876,0.14433339,0.025990337,0.12870938,0.39911097,-0.111982346,-0.17739466,-0.18996006,0.014663096,-0.07708781,0.15317208,0.117161706,-0.47644672,0.15961628,-0.028900934,0.046910916,-0.0102029,0.028378876,0.17854594,-0.09135774,0.37575275,0.076962695,-0.12039958,0.12049018,-0.016501425,-0.0048625395,-0.26906657,0.11287467,-0.20805511,0.13764083,0.17255698,0.086922035,0.117905945,0.052406907,0.2171931,-0.2094671,0.21634835,-0.13285993,-0.124087125,-0.14541306,0.20897868,0.061175387,0.09451173,-0.12698242,0.20245898,0.24270856,0.12589249,0.012240417,-0.30425662,0.08269518,-0.108646765,0.0092894435,0.02932737,0.019833364,0.28106675,-0.11343163,-0.0022426706,0.20894027,-0.13595241,0.17952363,-0.20410925,-0.09133543,0.17082074,0.079954945,0.02275539,0.28875005,0.09703884,-0.36276168,0.07908345,-0.009677986,-0.037577003,0.0720949,-0.16089526,0.07108282,0.119852975,0.12311042,-0.005343452,-0.1026686,-0.26971817,0.013816673,0.08006652,-0.15029937,0.036670186,-0.20549178,-0.121475875,0.15171333,0.30773696,-0.1920155,0.041439407,0.20151027,0.03220436,0.18856451,0.1982072,-0.17967899,-0.10918833,-0.12463041,-0.08767961,-0.16053148,-0.10636134,0.0871688,-0.080955885,0.18594101,-0.30454695,-0.048288763,0.2467155,0.20580061,-0.101449534,0.03123841,-0.08457498,0.15473053,-0.10828348,0.022635264,0.47580335,-0.059039097,0.10483862,-0.246405,0.30389738,0.09067102,0.15461507,-0.05357357,0.17165534,0.12729459,-0.101579,-0.024882019,0.43637595,-0.124523535,0.14144228,0.030523818,0.07472633,0.3007496,-0.006677691,0.13837509
"(113.88877650770456, 22.51786021706876)",0.08530025,-0.048389994,0.079110086,-0.037236087,0.1005362,0.18151277,-0.19785964,0.010731254,0.22743979,0.028692514,-0.022070237,-0.054845955,0.20162556,0.14002955,-0.066670485,-0.053165358,0.12137404,0.070314415,0.32047364,0.25232327,0.35146987,0.072210826,0.06749124,-0.010545209,-0.0263432,0.05945154,0.17483824,0.004859953,0.054021712,-0.17243189,-0.0041390285,-0.051171646,0.58106786,0.22164948,-0.021639816,-0.0907234,0.016833767,0.073768996,-0.045432437,-0.07726176,-0.3194644,0.0008824244,-0.12598601,0.021627814,-0.17159659,-0.12236481,0.1594656,0.08881584,-0.2478649,0.014010759,0.15118033,0.0025131684,0.17181028,-0.07468422,-0.45328358,-0.38654304,-0.21717438,0.2016317,-0.18372883,-0.02590008,0.03559685,-0.016316295,-0.12495756,0.14835666,0.08841057,-0.27056345,-0.084651336,0.15542485,0.06407562,-0.19645329,0.03158448,-0.045065768,0.13392718,0,0.1284497,0.04154623,-0.056163516,-0.010807142,-0.16590396,0.09123703,0.03906695,0.08960332,-0.009723369,-0.1802064,0.012352306,-0.41292167,-0.02863222,0.092904575,-0.20256764,-0.07020057,0,-0.29312885,-0.008597225,-0.030083796,0.00040162355,0.5894906,-0.03304647,-0.054717645,0.03843371,0.0336334,0.51401854,0.1896255,0.049555946,-0.14347899,0.050846353,-0.04505776,0.12880386,0.20507655,0.042548813,-0.27384076,0.025022242,-0.0080467835,0.020101607,-0.02521021,0.03325089,0.11728477,-0.23068313,0.025472257,-0.12861569,-0.19621547,0.24087106,0.10321016,0.031587645,0.1758628,0.098419316,-0.031490803,0.08280951,0.021327175,0.05588848,0.08850606,-0.09665814,-0.005721459,0.23151447,0.12226899,-0.008626357,0.22454597,0.20106488,0.041734617,-0.32003012,0.09964221,0.32951674,-0.06530847,-0.03280908,-0.24168229,-0.14785272,-0.25065866,0.08195866,-0.042798106,0.39965904,0.18224162,-0.19150351,0.07856323,0.25212753,-0.016490117,0.10728966,-0.24470651,-0.13489838,0.10836912,-0.035660706,0.0838695,-0.21435127,0.4011627,0.0055697486,-0.10621539,0.055664644,0.14115785,0.27424756,-0.16505365,0.16499774,-0.26910564,0.045647994,-0.21847525,-0.50890243,-0.12249276,-0.3648274,-0.0881647,0.049301103,0.051921204,0.040722527,-0.306639,0.15275978,0.109734796,-0.011554521,-0.043091565,0.07356549,-0.29571122,-0.06533802,0.02793848,-0.16538252,0,-0.11105603,0.16141272,0.1418272,0.15534313,0.19666868,-0.103038244,-0.13521323,0.03806802,0.0014515109,-0.2806582,0.29902768,-0.017906204,0.003305446,0.12530403,0.2193903,0.04071927,-0.09740721,0.039270945,0.20834106,0.09368008,0.09068789,-0.25781813,-0.06740537,-0.0029370626,-0.12432934,-0.3251962,-0.09404372,0.2587296,-0.21025452,-0.03442605,0.1177503,-0.3888038,0.26561335,0.03211468,0.1361706,-0.17681374,0.36475146,-0.00052117,0.15962243,-0.0033674687,-0.17275842,-0.1609969,0.20545317,0.26961324,0.18336992,0.14547183,-0.11718102,0.27462134,-0.31633085,0.2949555,-0.2701716,-0.11402581,0.01631874,0.21703883,0.0008958392,-0.23643357,0.19302021,-0.0063043796,0.028949939,-0.63468146,-0.19253477,-0.14302245,-0.029864237,-0.056646638,-0.18521631,-0.032641657,0.02180817,0.06303896,-0.028258994,-0.36469033,0.09418989,0.10869815,-0.007654559,0.029569022,0.22366826,0.034846727,0.308021,-0.17778972,-0.06731023,0,0.02153293,0.08676627,-0.08640753,-0.061445415,0.110845074,-0.015112646,0.10992248,0.058094885,0.3186333,-0.17670637,-0.030993797,0.104237504,0.08488857,-0.061317973,0.33928016,0.033240907,-0.15851806,0.021155138,0.097913034,-0.085880764,-0.1376856,-0.18283668,-0.6168359,-0.017080821,0.35792544,0.026918717,0.30931777,-0.27460918,0.07481037,0.052362025,0.2899664,-0.09451863,-0.08881055,-0.121975794,0.0036598155,-0.017864289,-0.21817623,0.17128062,-0.13511987,-0.073240295,-0.06898009,0.4066838,-0.004214458,0.20162393,0.0060476214,-0.10859851,-0.16515067,-0.15571061,-0.20856777,-0.17539924,0.13259095,-0.06117073,0.39723194,-0.01191967,-0.029699318,0.10918819,0.119923,0.077862635,-0.19773011,-0.10333164,0.19977583,0.03668321,0.13879254,0.017918574,-0.22027162,-0.036619447,0.12458131,0.09563647,0.10307307,0.31831065,0.09843434,0.017261451,0.033497497,0.02434205,0.14974119,-0.11311452,-0.4948947,0.048008703,-0.11166333,0.203402,0.36395,0.20626529,0.0064188093,-0.011715174,-0.029240616,0.3796586,0.063407496,-0.38892096,-0.17853305,-0.020209417,-0.07173208,-0.05178801,0.07613833,0.04991041,-0.16371745,0.1850269,0.0787594,0.27155477,-0.23068492,-0.19475883,-0.30849943,-0.12767985,0.1717582,0.27029708,-0.043600775,-0.27020735,-0.06535521,0.036683742,0.07616983,0.38673097,0.0052098446,0.05579892,-0.026852839,0.27759644,-0.20302305,0.22675648,0.19754967,0.40389767,-0.23169613,-0.061865117,-0.075184174,0.02290167,-0.18087733,-0.109187976,0.35900992,0.063245244,-0.09464962,0.2959026,0.057050362,0.025231015,0.056589473,-0.13337779,0.09450792,-0.07925766
"(113.88944415977352, 22.578192679008488)",0.13953727,-0.080188826,-0.024572432,0.09224416,0.36582673,0.17902814,0.18990529,0.114813015,0.28278983,0.23609327,-0.0043322146,-0.093940556,0.12655875,0.015365876,0.0105171725,-0.012878645,-0.038120702,-0.15150306,0.10455389,0.034956772,0.081988014,-0.028296538,0.07745247,-0.2066054,-0.010773692,-0.052890625,-0.07238927,0.12011274,-0.11068995,0.09614281,0.06380376,0.059969172,0.055501692,0.14696972,0.069358215,0.024592021,-0.11826608,-0.023263365,0.02588376,0.0027259812,-0.14202982,-0.07309737,-0.09888431,-0.10740184,-0.007428989,-0.10217478,0.051774777,0.08347966,-0.08383313,-0.1083554,0.021487921,0.077689625,0.023897227,-0.02201122,0.037713967,-0.047325302,-0.046338655,0.008746207,-0.055306595,-0.11501158,-0.11522688,-0.06960155,-0.15165357,0.17646651,0.05877347,-0.15470558,0.081310615,0.072244525,0.020813752,-0.100531876,-0.014254026,0.07152319,0.06303993,0,-0.030814385,-0.0105462335,0.13056964,0.072933026,-0.15136918,0.11699975,0.019624975,-0.062047616,-0.007820863,-0.10240927,-0.015477248,-0.03609139,0.022438228,-0.21437937,-0.095979236,0.0711648,0,-0.04184606,-0.028229445,-0.25465924,-0.11258789,-0.078539066,-0.00526172,0.045403957,-0.051003926,-0.04697786,0.16847804,0.00081172585,-0.07728726,0.05974926,0.014107779,0.09333795,0.03543239,0.2709235,0.08226943,0.027007863,-0.0005336972,-0.099931665,0.05833908,0.008635465,0.039795674,-0.10409062,0.21950303,0.1754939,0.06737251,-0.024341224,0.15407868,0.063564986,0.12076158,0.18419275,0.045677193,0.10424785,-0.032101724,0.02996953,0.09161509,0.2896565,-0.119364545,-0.040021807,0.064784184,-0.0048287883,0.020307586,0.14333622,0.19342735,-0.059258763,0.071203634,0.123711444,0.109240636,-0.023732401,-0.16411266,-0.001408793,-0.0331608,-0.18269339,-0.0981339,0.12133792,0.083483815,0.22368777,-0.039823096,0.036995597,0.028541073,0.00054451823,-0.025162142,-0.23306674,-0.121272266,0.18520758,0.025193289,0.21532215,-0.17005107,0.08855778,0.20213956,0.046667736,0.21240398,0.17753957,0.04232207,0.07706505,0.11552325,-0.030119864,0.022370985,0.04742299,-0.083173096,0.0595,-0.017680928,-0.011575155,0.06652929,0.06320487,-0.00048980117,-0.04311722,0.019818546,0.06597916,0.023936521,0.12061429,-0.07916374,-0.025757339,0.051358704,-0.03936789,-0.077157035,0,0.04998867,0.18920082,-0.027181255,0.011299999,0.022220165,-0.08997278,-0.0840944,-0.04433983,-0.053120483,-0.038770296,-0.050812557,0.0028806329,0.061228734,-0.100896105,0.108913735,0.018994942,-0.026608437,0.0625791,0.07012952,0.014483161,-0.095163465,0.11443365,-0.15235062,0.07435586,0.3808994,0.06625023,0.035531588,-0.0285661,0.019365363,-0.04927977,0.09864165,-0.09552638,0.15568101,-0.1072516,0.060428817,0.015959188,0.05858009,-0.079622194,0.07805358,-0.016889371,0.08942723,-0.029334698,-0.005419004,0.038786985,-0.1670698,0.08867754,-0.051594105,0.07599273,-0.06521043,0.04502906,0.043499928,-0.09124201,-0.028058125,5.3182244e-05,-0.0840033,-0.12579629,-0.21368478,-0.014881216,0.06468717,-0.089031324,-0.035878606,-0.22317562,-0.009008244,0.07068842,-0.08938237,-0.061060257,0.042781964,0.23719326,0.016242698,0.057511516,-0.10926201,0.007952176,0.11914599,-0.071514495,-0.02483416,0.014847744,0.04455085,0.15010872,-0.08283841,0,0.0052285343,0.06423019,-0.12131009,0.1365027,0.11089514,0.06985473,0.17506984,-0.1304736,0.1394445,-0.081532285,0.16517177,0.2016137,0.03461263,-0.0483872,-0.16112486,-0.0012444686,-0.06659064,-0.018775605,-0.13074031,0.050890885,0.04644429,-0.29277867,-0.0851357,0.21476907,-0.000544738,0.022108909,-0.020276828,-0.19014621,0.05964178,0.029811114,0.02812258,0.05915812,0.13990517,0.0066521615,0.25268278,-0.014300572,-0.11401473,0.03794756,0.18105489,0.038032696,-0.01205042,0.05915564,0.09866361,0.00023793965,-0.017373934,-0.11922929,-0.18820095,0.04137309,-0.049829748,-0.08599548,-0.005765915,0.033745,0.14310136,-0.18855846,0.046770073,0.26397592,0.016787209,0.15875885,0.106342986,0.060830086,-0.017702911,-0.14753552,0.1321497,-0.040503986,0.05349663,-0.029637173,0.071733646,0.051135506,0.057310827,0.0032602996,0.06987963,0.09071029,0.19587463,-0.10859983,0.18853816,-0.033290997,-0.08369374,0.20447113,-0.034775414,-0.022046179,-0.031464636,0.077870816,-0.097801745,0.21634781,-0.117870264,0.14976947,-0.071340114,-0.07780289,0.051781453,-0.11218545,0.16505578,-0.022032147,0.116926,0.12264598,0.006659694,-0.1365921,-0.0768241,-0.03992984,-0.04682101,-0.15648533,0.09174725,-0.01501107,-0.18587974,0.3804214,-0.011940675,0.07412377,0.24469179,0.099147856,0.0021684952,0.0061895885,-0.2214085,0.12187201,0.0050226673,0.3754817,-0.024332047,0.16821161,0.000394799,0.050355606,0.014059991,-0.012436672,0.16051781,-0.120991565,0.07067931,-0.04803297,-0.0693756,-0.0028446233,0.07535379,0.014619978,0.20619918,-0.013930384,0.017603781,0.15734339,0.060982525,-0.092942886
"(113.8898361166989, 22.58150315416967)",0.15321887,-0.06711483,-0.041256,0.108066596,0.33226436,0.116029754,0.2481312,0.10727008,0.21933025,0.27691603,-0.028125852,-0.036757957,0.108728856,-0.0015395135,-0.034835875,0.0110688545,-0.035982013,-0.11420744,0.09827611,0.114404425,0.09145302,-0.03193445,0.07184784,-0.15084812,-0.0061214007,-0.045311034,-0.094783954,0.13210306,-0.1471119,0.12856632,0.092061594,0.08053499,0.00096385926,0.15779096,0.12728003,0.0033121798,-0.13696137,0.0225797,0.063708246,0.022129513,-0.15159273,0.006665446,-0.081670895,-0.11000543,-0.007286489,-0.054940708,0.10531622,0.04803176,-0.05407553,-0.12986444,-0.015433818,0.07329026,0.014705479,-0.06155069,0.0646702,0.046057943,-0.050382644,-0.02953098,-0.073082626,-0.15468132,-0.15603942,-0.09698413,-0.15472025,0.149205,0.049430143,-0.12360612,0.068332866,0.028692055,0.013010718,-0.130118,0.0155778155,0.06691908,0.04334256,0,-0.1028328,-0.0034587644,0.17923006,0.062398933,-0.15480274,0.16398829,0.017905992,-0.08417051,0.03878099,-0.13701731,-0.02622325,-0.012749001,0.04533393,-0.23752746,-0.07605276,0.041358896,0,0.017708652,-0.052705027,-0.17519425,-0.0689903,-0.13282348,0.007293756,0.01511988,-0.06748956,-0.079139695,0.14276826,0.023283496,-0.04472633,0.15373062,0.10481107,0.08884595,0.0661384,0.28140977,0.11964787,-0.014743164,0.026129019,-0.10947887,0.05247902,-0.054153748,0.064136155,-0.060896397,0.28856042,0.2278164,0.058477692,0.003847478,0.20806079,0.03368742,0.15897626,0.17651154,0.058575206,0.09318647,-0.07718022,0.03207896,0.09711912,0.34098026,-0.1706729,-0.053328708,0.08405532,0.041368566,-0.009974271,0.09104649,0.27101147,-0.01918121,0.0685802,0.07644742,0.06827931,-0.052416924,-0.13767341,0.021785013,0.0041158795,-0.112079725,-0.10763586,0.13779354,0.047110632,0.28225145,0.027645815,0.06870369,-0.017808542,-0.019821435,0.012892384,-0.16540079,-0.08698259,0.2220383,0.10694186,0.27141267,-0.19177747,0.073266014,0.123226576,0.004826065,0.19898468,0.111738026,0.0058561694,0.0847145,0.05291331,-0.004562309,0.0154222045,0.100046225,-0.01421652,0.067802474,0.008319028,0.008457392,0.12291485,0.08191393,-0.03349241,-0.011926997,0.089769445,0.097983025,0.018872272,0.12438679,-0.074430056,-0.057249036,0.094260976,-0.034980364,-0.05414407,0,0.020995047,0.21531573,-0.03009271,-0.008770306,0.036301486,-0.16011408,-0.008969367,-0.024950273,-0.11190511,0.008555859,-0.09338698,-0.017122328,0.04457026,-0.10567521,0.067446575,0.038589656,-0.064481035,0.105741665,0.06496435,0.0019500656,-0.114276394,0.12101162,-0.14773159,0.07883654,0.29629198,0.079486184,0.041342646,0.017284863,0.026525542,-0.053329542,0.10319495,-0.098967575,0.22092748,-0.11633074,0.023688737,0.03690441,0.106926456,-0.09203427,0.06460456,-0.04155401,0.1093331,-0.11061886,0.03614165,0.007471418,-0.14409417,0.17862983,-0.019495498,0.052492946,-0.09057127,0.05968035,0.02923125,-0.10620968,-0.03488361,-0.07695925,-0.045412634,-0.091165,-0.2072253,0.019515775,0.05934476,-0.019573808,-0.027723514,-0.23736672,-0.061295897,0.10622003,-0.020123228,-0.074675836,0.043575086,0.21193084,-0.011637539,0.05056291,-0.08407264,0.05214443,0.14175731,-0.06251093,-0.04392295,-0.01263852,-0.013825327,0.13036323,-0.15039185,0,0.0007215962,0.018575693,-0.11797446,0.16684794,0.12818009,0.10957793,0.17590404,-0.060322087,0.11324135,-0.061427783,0.15820439,0.20608093,0.02481402,-0.10126485,-0.160006,0.021437235,0.019023666,-0.042785827,-0.053184748,0.029222729,0.04636688,-0.21325243,-0.0897215,0.15945399,0.00013652444,-0.08322257,-0.040908016,-0.19839936,0.012689961,0.075477734,0.055309154,0.15875047,0.14816803,0.02098842,0.19271992,-0.04186792,-0.1075532,0.09447469,0.13137381,0.05772882,-0.0015518181,0.013035744,0.12044847,0.050189447,-0.07992029,-0.10399198,-0.22817165,0.07211721,-0.016416702,-0.07998858,0.053179912,0.031823464,0.11750199,-0.17936833,0.11976374,0.25464076,-0.005275391,0.15863013,0.09426336,0.1283378,-0.04012226,-0.123005256,0.058535412,-0.04597035,0.105645135,-0.10255052,0.100408226,0.09953995,0.11094194,-0.0031831227,0.0829541,0.12687887,0.17555362,-0.1347999,0.12381005,-0.025255814,-0.036953744,0.18672974,-0.057133663,-0.010630261,-0.050128017,0.08406228,-0.091488585,0.20390159,-0.09737139,0.15268344,-0.09008185,-0.021151762,0.021589495,-0.088221505,0.17994247,-0.036928482,0.03881757,0.16272788,0.051656187,-0.12589367,-0.10799822,-0.022776868,-0.08683942,-0.17402397,0.083854504,-0.024905762,-0.15890464,0.3883813,-0.058054842,0.043811902,0.22192459,0.036413785,-0.01580977,0.037158314,-0.16607432,0.09649359,-0.07017922,0.3121849,0.035585687,0.19601253,-0.031303905,-0.010703347,0.029017612,0.027760975,0.19050428,-0.106323704,0.042305633,-0.02720423,-0.07656481,-0.048886314,0.11689085,0.0153946,0.2193606,-0.010851417,0.044405784,0.20141658,0.031081237,-0.06288746
"(113.89009680249973, 22.587618063731256)",0.22723594,-0.10158068,-0.03567108,0.1536888,0.3660214,0.07667869,0.3075906,0.09766881,0.18900979,0.30962604,-0.03325189,-0.018830284,0.19261944,0.021916993,0.009329721,0.018479127,-0.094898656,-0.13852671,0.0780064,0.11704163,0.05830898,-0.09242055,0.047024928,-0.12256464,0.010942627,-0.03066629,-0.18057519,0.12926887,-0.13773656,0.18346554,0.107050344,0.09657235,-0.031895027,0.17225754,0.13223651,0.027627127,-0.17445552,0.048861533,0.07465829,0.0637055,-0.113703735,-0.04200212,-0.073694214,-0.08499434,0.03252712,-0.1053889,0.09619337,0.0608198,-0.008559816,-0.19100696,-0.040843874,0.083913215,-0.025056746,-0.028460436,0.08204078,0.07417919,-0.025319405,-0.07757931,-0.044806857,-0.100394405,-0.19611263,-0.11825687,-0.16387929,0.18949686,0.034152202,-0.05505,0.047405906,0.05702627,-0.028461028,-0.1732173,0.023456492,0.062693775,0.031937376,0,-0.13703482,0.013059568,0.2506019,0.08840253,-0.13953993,0.17723188,0.027744066,-0.10885404,0.049800355,-0.15124816,0.0012170039,0.07432003,0.06374569,-0.35438457,-0.028360642,0.07630159,0,-0.01443737,-0.0998363,-0.20553686,-0.045054056,-0.24386372,-0.012487701,0.035935402,-0.06539934,-0.115846574,0.11430715,-0.003718771,-0.06440568,0.21371655,0.092187926,0.1117982,0.054984942,0.29247278,0.14688826,0.008223966,-0.07159422,-0.10675636,0.07225115,-0.019431546,0.13802889,-0.10777694,0.41173115,0.28732875,0.08437041,0.028981548,0.13687481,0.03550976,0.19294146,0.18890092,-0.0033602323,0.1061244,-0.059293877,0.023061793,0.1322723,0.4047323,-0.16898721,-0.020808661,0.00064057205,0.03481429,-0.019418903,0.15901347,0.23347878,-0.03725389,0.15043995,0.052305095,0.016506035,-0.049636994,-0.16886917,0.08072098,-0.046828322,-0.0628252,-0.14893384,0.19134887,-0.01727796,0.2570107,0.13871849,0.07435303,-0.10294764,-0.025629118,-0.043131363,-0.17680213,-0.021127954,0.19191924,0.12502158,0.3372283,-0.15085775,-0.019965768,0.16033614,0.014425863,0.2149051,0.11235951,-0.057218134,0.13378005,0.07012592,0.06500087,0.024369499,0.16273786,0.043603905,0.09934406,-0.049609743,0.020613804,0.13564083,0.05876382,0.019750409,0.010560084,0.052831754,0.08768951,0.0485734,0.21301536,-0.12025935,-0.04795937,0.10139755,-0.043664962,-0.07046682,0,0.056588475,0.2725901,-0.08344554,-0.07482739,-0.036197446,-0.14158215,-0.011396304,-0.04635898,-0.1447082,0.0039932057,-0.15082633,-0.031971186,0.059008766,-0.1416216,0.026489154,0.022423849,-0.099510685,0.13570157,0.034696095,0.025680238,-0.1847228,0.1425762,-0.17546928,0.1102299,0.34718648,0.12157194,0.045547307,-0.01280237,-0.014460146,-0.0032343715,0.10828,-0.06869433,0.21959287,-0.12377289,-0.039724838,0.08267662,0.10479349,-0.10395782,0.042417802,-0.041499875,0.07071389,-0.12357878,0.06793593,-0.012981402,-0.209748,0.18205892,-0.0032689832,-0.025552627,-0.015580371,0.051912643,0.07377963,-0.11048471,-0.037972003,-0.12219754,-0.077752516,-0.06362593,-0.23638247,0.006401129,0.048895024,0.059208423,0.005459085,-0.25052434,-0.10949956,0.109034434,-0.026719235,-0.09660495,0.030284368,0.24539617,-0.0040564984,0.056878544,-0.10222086,0.0022025183,0.14864232,-0.09923833,-0.11098333,-0.0020455755,-0.1307857,0.16438606,-0.18959354,0,0.042662136,0.052687988,-0.12333084,0.14121334,0.1337264,0.14915228,0.20317863,-0.10923447,0.08785208,-0.114929006,0.1376164,0.16705419,-0.0066351295,-0.09668432,-0.28753972,0.022693831,0.0861939,-0.059845824,-0.19851604,0.058685094,0.054048005,-0.19306138,-0.06749755,0.12696016,0.0029696599,-0.12195989,-0.11922821,-0.1898766,0.004320575,0.053814113,0.026106087,0.20271266,0.16959386,0.039326012,0.18153678,-0.056748763,-0.048671152,0.041307386,0.18312706,0.077510506,-0.018619169,-0.046422936,0.13314785,-0.044638533,-0.03879057,-0.093178265,-0.2692565,0.12329313,0.06869879,-0.041268826,-0.015337393,0.060366087,0.13032852,-0.23007661,0.12434224,0.27398857,0.0013210699,0.1195267,0.10989408,0.19129801,-0.11705384,-0.15149607,0.047895342,-0.0730264,0.1980902,-0.102196254,0.111575514,0.08992608,0.077872224,-0.08730622,0.059286438,0.12707624,0.17542978,-0.13089712,0.10524374,0.008112147,0.07390414,0.2371613,-0.05854418,-0.06686923,-0.12479991,0.05078062,-0.12553781,0.23148829,-0.066740654,0.12969965,-0.12330586,-0.031604808,0.078473665,-0.1413094,0.2765267,-0.05377944,0.06066744,0.14944269,0.1262172,-0.23111705,-0.100162946,-0.06489724,-0.076089144,-0.18290032,0.13131404,-0.036652826,-0.17201373,0.44153973,-0.042859383,0.114160165,0.27473092,0.03487884,-0.06421101,-0.01947495,-0.19591343,0.079907835,-0.10056143,0.32168183,0.047210842,0.22249152,-0.086201526,-0.039476693,0.06414603,0.059198327,0.2266708,-0.20337927,0.11152561,-0.035675004,-0.067808054,-0.10348171,0.18107435,-0.08606672,0.26321447,-0.090846896,0.027092468,0.23292851,-0.0011854991,-0.09005392
"(113.89155212239692, 22.578206647241466)",0.13449317,-0.039783098,-0.046651646,0.09277553,0.30884176,0.09323485,0.24241592,0.117201194,0.21873498,0.27196556,-0.016019624,-0.014636762,0.0076138377,-0.046290644,-0.06910821,0.03183655,-0.016992956,-0.08819873,0.07390596,0.11500262,0.058644943,-0.027423788,0.06596319,-0.13577938,-0.0023784898,-0.043334737,-0.08106739,0.124041446,-0.19498417,0.12162874,0.085613176,0.086320646,-0.010614656,0.11126906,0.14432664,-0.017251955,-0.13902593,-0.004917294,0.051660728,0.02512949,-0.1532557,0.08390472,-0.07946667,-0.14592326,-0.020681918,-0.0015934538,0.10685374,0.02897146,-0.060755834,-0.097689375,-0.026014805,0.08287532,0.017403618,-0.08307898,0.1092392,0.08653638,-0.04035108,-0.039055444,-0.08415058,-0.1984722,-0.15724176,-0.09144355,-0.11420305,0.10705526,0.058269992,-0.14222965,0.07558669,-0.0022834577,0.04441532,-0.12049918,0.027003221,0.0894067,0.047919005,0,-0.10437485,-0.030633759,0.18122904,0.053288914,-0.15461306,0.14635494,0.024472337,-0.07755486,0.07114084,-0.14544822,-0.040081244,-0.00510332,0.04747931,-0.20670572,-0.08174322,0.05360942,0,0.07158841,-0.04309184,-0.13135631,-0.066705905,-0.16562296,0.007835572,0.013668522,-0.06834095,-0.06060883,0.10459599,0.02522993,-0.032836754,0.16104004,0.13087584,0.074543655,0.08171194,0.28999516,0.12054811,-0.0016979948,0.0742135,-0.09551319,0.052940108,-0.07838852,-0.000519827,-0.030584522,0.26675853,0.22587235,0.044066347,-0.00476373,0.23203747,0.01221461,0.14546609,0.15789522,0.08134634,0.10532445,-0.08772406,0.041102376,0.07286062,0.3462854,-0.218999,-0.09365202,0.110403396,0.020612687,-0.019583598,0.026696598,0.32708848,-0.012997989,0.06483369,0.05462455,0.099146396,-0.039696928,-0.08838995,-0.00019165128,0.035826534,-0.11877543,-0.11117457,0.15334281,0.07490246,0.29820976,0.008250881,0.0798416,0.03209077,0.0015551746,0.07324089,-0.10279137,-0.07020749,0.2492953,0.10487487,0.2523837,-0.20481843,0.09989676,0.09151751,-0.031137329,0.19116454,0.05715677,0.03318529,0.08951348,0.010975644,-0.01925419,0.018124403,0.094697356,0.025856063,0.07286606,0.059835196,0.03689765,0.13464268,0.101704724,-0.051993027,-0.01030691,0.13923788,0.09219574,0.027820323,0.10827025,-0.033162914,-0.060634788,0.11754819,-0.012543561,0.008618765,0,0.013115007,0.18441007,-0.011616526,0.008619238,0.08045048,-0.13986133,0.04875274,-0.0042095706,-0.057913464,0.038743094,-0.11521259,-0.030505821,0.03474861,-0.1264788,0.066137955,0.04997091,-0.040844724,0.101582214,0.073289685,0.0055669863,-0.11299525,0.15278408,-0.13788065,0.06571059,0.26148862,0.076852754,0.05664017,0.009795949,0.073398575,-0.07736903,0.09898752,-0.054997273,0.24410062,-0.10107577,0.044285838,0.02000285,0.10967858,-0.0736992,0.072282024,-0.032020293,0.14142759,-0.0984123,0.02201916,0.009116417,-0.121774256,0.18100624,-0.007905904,0.064946145,-0.1151004,0.06708162,0.07098911,-0.09281245,-0.029510258,-0.06251447,-0.011216644,-0.067016676,-0.22466068,0.038254324,0.053601414,0.024911344,-0.04282037,-0.23941554,-0.06257327,0.13143608,0.009031467,-0.06383807,0.061803684,0.20336376,-0.025243714,0.06828154,-0.07475437,0.097678505,0.13550478,-0.0440204,-0.03995191,-0.019802436,0.014709108,0.12854938,-0.16274726,0,0.0043484643,-0.039085396,-0.13374658,0.19080085,0.12697366,0.113509305,0.15688856,-0.022344556,0.08316513,-0.03584264,0.17748071,0.22427958,0.051733866,-0.09576592,-0.13831237,0.043194488,0.011196912,-0.030430801,0.012985542,0.015244799,0.05605844,-0.18798675,-0.05190161,0.17053092,-0.0036568902,-0.0932756,-0.061339483,-0.17059629,0.010594947,0.09579572,0.04377231,0.15890533,0.15571937,0.059046566,0.19826162,-0.057169624,-0.10138674,0.12209582,0.1194298,0.104838274,0.033503424,0.04292802,0.12199885,0.08856638,-0.12416081,-0.08500383,-0.21145058,0.04592094,-0.013598118,-0.105588645,0.08752827,0.022750206,0.08350234,-0.15253627,0.14963508,0.25613904,-0.02080015,0.1553996,0.09669308,0.14207438,-0.05529203,-0.12032454,0.034064554,-0.05663929,0.09433942,-0.11261007,0.101961516,0.12192215,0.14468452,-0.016396789,0.10863244,0.12322182,0.19206662,-0.13668989,0.12018016,-0.026641093,-0.0569147,0.14345847,-0.069064915,0.0019942112,-0.054318015,0.07697351,-0.04170178,0.19779131,-0.11219346,0.1462355,-0.076625235,0.020617615,0.0037807599,-0.079690546,0.14889114,-0.024400031,0.0094622355,0.18071298,0.05737356,-0.080269,-0.117527716,-0.0026769005,-0.09213793,-0.16683891,0.09243446,-0.0043388363,-0.1520797,0.36338136,-0.1020159,0.01076524,0.2060772,0.02452084,-0.0051388703,0.040934462,-0.1670862,0.1063786,-0.055145346,0.32277295,0.070276454,0.16121839,-0.020034961,-0.0589173,0.03116782,0.035091043,0.19556698,-0.0444415,0.027422085,-0.021779075,-0.100376494,-0.0041071614,0.121509865,0.04587362,0.20648518,0.021270368,0.043794174,0.22338256,0.024516042,-0.03500589
"(113.89184283177786, 22.5838790712595)",0.17857063,-0.04990963,-0.027479455,0.12240914,0.29278994,0.031860273,0.25466812,0.09412701,0.17026415,0.2831027,-0.024324767,0.036605578,0.055698484,-0.032723714,-0.039654583,0.024597827,-0.04647018,-0.067255415,0.06560372,0.14856945,0.05918937,-0.052362606,0.03789296,-0.09849802,0.008484427,-0.03245071,-0.11943138,0.10445883,-0.17726995,0.13671681,0.10337898,0.080370426,-0.013223231,0.13812791,0.1546692,0.009526273,-0.13989133,0.015805647,0.07889597,0.066768,-0.12096674,0.05921977,-0.07551113,-0.0922245,-0.00079520047,-0.048160426,0.11576852,0.032106247,-0.040424973,-0.13727584,-0.031276897,0.07494815,0.003205482,-0.058161423,0.09359553,0.09991172,-0.017055199,-0.07447655,-0.055029202,-0.16901508,-0.177405,-0.10826363,-0.12232226,0.1321975,0.036250833,-0.08620232,0.038696095,0.0134318955,0.008847086,-0.1536509,0.041214667,0.07065101,0.0469305,0,-0.12012125,-0.024123978,0.21469708,0.03762129,-0.15632011,0.17426199,0.028978687,-0.08725742,0.08382186,-0.17014839,-0.017279562,0.027226202,0.07825275,-0.26848772,-0.063862674,0.04236061,0,0.03910345,-0.068703555,-0.11822485,-0.015530478,-0.2022098,-0.02552852,0.0078121573,-0.07604163,-0.07630812,0.1052942,0.037612036,-0.034467626,0.1942107,0.1259599,0.09601031,0.09357326,0.2889339,0.15724263,-0.016971134,0.010379936,-0.092945345,0.05677686,-0.06995877,0.06021396,-0.020176314,0.33314133,0.26632795,0.039481454,0.001731379,0.20220016,0.025435524,0.18364301,0.16002576,0.02618728,0.103284,-0.062847316,0.032577112,0.09299119,0.37413272,-0.21734357,-0.05129245,0.070455424,0.021516409,-0.05891618,0.08473813,0.2978276,-0.0028474964,0.10477701,0.043471448,0.077060446,-0.0474761,-0.09711173,0.03590446,-0.0048160926,-0.09050214,-0.11883557,0.14862315,0.054685295,0.28202766,0.083076045,0.08159016,-0.018905059,-0.030759305,0.04943927,-0.09200092,-0.010658279,0.21338362,0.12797746,0.30281162,-0.1825392,0.05823244,0.08062187,-0.053643998,0.18266855,0.04472866,-0.009982215,0.12539305,0.0083620995,-0.0025552493,0.03623876,0.1252434,0.057854958,0.08729452,-0.018962122,0.025815494,0.14343397,0.08867791,-0.010277122,-0.015722118,0.14973977,0.077677555,0.04266954,0.14941065,-0.044507287,-0.08388813,0.12700339,-0.003469145,0.018051714,0,0.0067425035,0.20228598,-0.019795896,-0.02570018,0.03656753,-0.12664759,0.056159213,0.0011519566,-0.08238493,0.012612954,-0.13322465,-0.04817532,0.039670136,-0.13996802,0.00944145,0.035552144,-0.074023515,0.13415554,0.070444785,0.033361748,-0.12897329,0.13513014,-0.14102565,0.08546933,0.24873003,0.0867105,0.049209774,0.027000725,0.042858392,-0.05184891,0.0923326,-0.038960554,0.27823937,-0.0891256,0.017317642,0.048757788,0.13821962,-0.09007894,0.05020901,-0.032664917,0.059075583,-0.11696629,0.060212687,-0.0033676196,-0.1231985,0.18947823,0.004665021,0.020835936,-0.08168425,0.08982802,0.068728894,-0.10188802,-0.03144124,-0.06729573,-0.037502516,-0.030712262,-0.20442986,0.043459535,0.03622472,0.070464686,-0.04166893,-0.21376482,-0.10762729,0.13326259,0.0075644404,-0.06579261,0.05411274,0.22215427,-0.012175471,0.025832437,-0.06098147,0.07832513,0.13625881,-0.05095145,-0.053522084,0.005704727,-0.057838976,0.13091497,-0.18350118,0,0.029609218,-0.007131217,-0.114175305,0.16671047,0.121526346,0.12652609,0.1821172,-0.030994173,0.06258104,-0.10250725,0.13386036,0.17377235,0.031316422,-0.09141466,-0.19582027,0.06260313,0.069932766,-0.046207286,-0.040397882,0.013311537,0.05458432,-0.12998965,-0.065223515,0.091040514,0.022102654,-0.12980726,-0.072082385,-0.1701797,-0.008478912,0.0838739,0.047274306,0.19779868,0.14398019,0.037334695,0.1591322,-0.04638216,-0.05128589,0.09881459,0.12620105,0.1233161,0.017749246,0.013072368,0.1344586,0.032453816,-0.11240663,-0.07100124,-0.24405983,0.07924008,0.04056504,-0.07801816,0.052029975,0.03749458,0.10991424,-0.1742441,0.15214548,0.23726934,-0.01187975,0.1314366,0.05323808,0.16910681,-0.078215495,-0.10850717,0.004284762,-0.07161425,0.15112731,-0.11010121,0.116263896,0.12521733,0.1236935,-0.06780304,0.09168152,0.11584539,0.17027424,-0.123018175,0.099992245,-0.013256006,0.008092437,0.16069616,-0.08220051,0.009750765,-0.08085054,0.07875167,-0.0545374,0.16804233,-0.08287615,0.12575689,-0.088345446,-0.020820674,0.041915037,-0.10778405,0.17865604,-0.021579197,0.013741849,0.17418729,0.10957525,-0.09943624,-0.11027159,-0.012501258,-0.115399346,-0.17707445,0.08687612,-0.03697429,-0.11641868,0.39071745,-0.111286275,0.026408747,0.22476278,0.0064584278,-0.032882195,0.03646039,-0.16636278,0.09578933,-0.08218656,0.29788044,0.08998372,0.1903326,-0.04271976,-0.067905955,0.012769014,0.061294414,0.20607123,-0.088059336,0.04974927,-0.028344348,-0.054642506,-0.04833307,0.17647985,-0.018121963,0.2310571,-0.045252416,0.05690379,0.20511988,0.000978183,-0.06065844
"(113.89186145902472, 22.567455437951715)",0.03760171,-0.016417278,-0.07412807,0.031546697,0.28026772,0.21032941,0.08911601,0.1132382,0.266833,0.19489004,-0.0025508553,-0.13318919,-0.052283645,0.000551112,-0.07627078,-0.015034817,0.03541863,-0.11259694,0.07108624,-0.06342052,-0.008665703,0.014740166,0.074958116,-0.16404712,0.016154539,-0.07339144,-0.018451937,0.08938927,-0.082167566,0.053609364,0.056031104,0.062347356,-0.030061878,0.04097253,0.073431574,0.014959777,-0.0031157285,-0.10591385,-0.058110926,-0.02651456,-0.062015764,0.03491459,-0.13678032,-0.12109997,0.008899599,-0.008099651,0.02345527,0.0037937872,-0.08085826,-0.005320741,-0.0278216,0.09606454,0.0065779835,0.033283606,0.09044454,0.0025709085,-0.015913527,0.1086475,-0.018658333,-0.1501407,-0.07026695,-0.03186453,-0.038840946,0.07304965,0.062674314,-0.16073424,0.1427173,0.011767525,0.06608437,-0.037873667,-0.07508324,0.1567572,0.047548354,0,-0.091351695,-0.044525113,0.09091078,0.08366915,-0.07819486,0.031933747,0.07141897,-0.028599314,0.016278733,-0.09639481,-0.022798568,-0.0052786395,-0.020701565,-0.11052946,-0.09502543,0.034241233,0,0.051346242,0.04884314,-0.12539242,-0.13918906,-0.071545586,0.024602026,0.1180201,0.019157598,-0.005913209,0.08796376,-0.052660003,-0.05827268,0.012416549,-0.03352812,0.05919896,0.04145831,0.20212154,0.024847493,0.08386776,0.09112102,-0.094413735,0.025035113,0.05103331,-0.08184212,0.018362887,0.12227248,0.13965455,0.05151967,0.013247121,0.21387847,0.09454362,0.06888872,0.15641142,0.06896273,0.05199057,-0.08179724,0.04545711,0.0665543,0.16942036,-0.10254274,-0.095179245,0.102193,-0.01744634,0.052540086,-0.0017312039,0.16857451,0.017732423,0.067128554,0.09507739,0.08342716,0.020499121,-0.016492873,0.011027522,0.05086228,-0.1843985,-0.062122636,0.038237177,0.079127684,0.23382679,-0.04576109,0.019911468,0.09281789,0.06177865,0.13576193,-0.10462318,-0.08892971,0.14836848,0.061124228,0.13479291,-0.1477215,0.16263315,0.19515738,0.08420904,0.17089468,0.13648053,0.060794562,0.13760829,0.024036571,-0.072151855,0.008466536,0.07139531,-0.045434788,0.048978932,0.08041337,0.012623303,0.07044147,0.03011142,-0.089874394,0.03802918,0.025716418,0.0580829,0.021739658,0.068272725,0.0442437,-0.026675936,0.026576605,-0.023751823,-0.024778351,0,0.050464813,0.039690703,0.036425747,0.07132754,0.025494896,0.008755835,-0.007904649,0.04172775,0.020182237,0.0044998527,-0.058799073,0.015599951,0.024102835,-0.04124491,0.1032966,0.01355055,0.08895482,0.052877456,0.083797134,-0.0023844168,-0.013309956,0.13006666,-0.026080344,0.117543,0.3369386,0.07661609,0.06391992,-0.061615564,0.054878175,-0.14093259,0.014120154,-0.043114103,0.1065973,-0.0071006753,0.066593334,0.047204122,-0.025241742,0.006282325,0.09204676,0.008014098,0.2168961,0.01701438,-0.10971197,0.044543438,-0.12763216,-0.009119689,-0.04760382,0.07483485,-0.10324071,0.042202167,0.08465548,-0.060621843,0.026854048,-0.014308475,-0.005790714,-0.043067455,-0.28185153,0.030444384,0.019269958,-0.036825582,-0.06261771,-0.18943605,0.012725338,0.09823735,-0.020212047,-0.00966499,0.120587505,0.11385224,0.021779448,0.09541667,-0.10537299,0.09918595,0.11257291,-0.024601646,-0.0068203844,-0.033398975,0.07575765,0.1266346,0.014993943,0,0.008996196,0.02143957,-0.07861405,0.11494115,0.088040605,0.059112586,0.1243217,-0.055194434,0.10489685,0.0015140288,0.165394,0.17989743,0.07121453,-0.04145565,-0.071259156,-0.011595628,-0.108257785,0.02484383,0.0025451183,0.04113178,0.018574428,-0.2681097,0.013721392,0.364454,-0.072209105,0.0921365,0.021170856,-0.13759899,0.045735642,0.064587235,0.009581106,0.036979977,0.12850945,0.09540473,0.2803667,0.004127642,-0.14275685,0.005151488,0.17863151,0.003316842,0.0020277984,0.08348207,0.091613874,0.14918122,0.0084466785,-0.12570089,-0.021014094,0.0050751716,-0.080659404,-0.10032641,-0.02221179,0.000833448,0.07734977,-0.07249161,0.0393982,0.23161012,0.118666954,0.090971634,0.10349491,0.053989902,-0.041944105,-0.013938917,0.056405433,-0.0020865332,-0.009304956,-0.030456625,0.07132524,0.0915041,0.096566685,-0.004432481,0.12798777,0.055537403,0.1602414,-0.07808819,0.13250448,-0.014183991,-0.14333433,0.15516175,-0.035950296,-0.01118017,-0.0072142817,0.06876275,0.010684371,0.13282725,-0.09853088,0.074078396,-0.04015269,0.026082095,0.01604376,-0.12563291,0.067545764,0.017959768,0.0394565,0.11169299,-0.070166506,-0.09271091,-0.077131204,0.0016963519,-0.0007109111,-0.15564696,0.049495123,0.041938603,-0.18866476,0.2622191,-0.04128579,-0.060267076,0.20866837,0.16717398,0.038876522,0.00810257,-0.14855407,0.15737388,0.03788238,0.32895508,0.047131166,0.0892721,0.11030319,-0.067035876,0.08433434,-0.08792635,0.17262608,-0.0036118478,-0.027206078,-0.041452706,-0.083117515,0.06903861,0.08592756,0.14547761,0.1352911,0.12655306,0.014009003,0.15604678,0.081700064,-0.01445935
"(113.89274896291424, 22.56731017129325)",0.045150246,-0.016012771,-0.07824251,0.03580779,0.27778178,0.1974915,0.09805359,0.1141295,0.26275557,0.19789554,-0.001306884,-0.1278015,-0.06273615,-0.0026386902,-0.080627,-0.009699609,0.027830318,-0.11587875,0.061872225,-0.07218702,-0.021408148,0.0052512083,0.074193366,-0.1552594,0.017302897,-0.07382755,-0.028723873,0.08630735,-0.08384984,0.061676204,0.05792207,0.07020563,-0.052005313,0.03445118,0.077735566,0.014777394,-0.0033496693,-0.10618509,-0.061715472,-0.018876024,-0.050425,0.043686844,-0.13265362,-0.12573202,0.016293228,-0.001980586,0.020300493,0.00044783577,-0.07192353,-0.01034659,-0.03841628,0.09960886,-0.0016460605,0.037473243,0.110219814,0.020341527,-0.007360383,0.09855493,-0.016720913,-0.14769453,-0.07542035,-0.032970186,-0.027827233,0.07192205,0.061011273,-0.15031809,0.14670347,0.0062992834,0.06503747,-0.040888984,-0.07488699,0.16264561,0.043648504,0,-0.10049219,-0.044791434,0.10440388,0.090660565,-0.072586164,0.02785755,0.073505014,-0.03164258,0.024476212,-0.093575075,-0.021492481,0.014791951,-0.021443713,-0.12140269,-0.08314525,0.042408854,0,0.066302694,0.04714689,-0.11841332,-0.13593602,-0.10118881,0.024925977,0.12444718,0.020510966,-0.0064407997,0.066394374,-0.05833271,-0.06079446,0.025066212,-0.036361337,0.060965225,0.041208163,0.20049177,0.024764426,0.09340323,0.08595739,-0.09426702,0.032889344,0.05433271,-0.08126055,0.01639077,0.14022884,0.14550358,0.053296946,0.023277622,0.20638941,0.091241464,0.06944325,0.15050423,0.06748267,0.057840854,-0.087143704,0.046618998,0.06737066,0.17957872,-0.10591271,-0.097303234,0.09672221,-0.01737114,0.055958927,-0.011767762,0.17078352,0.01732966,0.085274905,0.08712276,0.070858315,0.023091875,-0.007135421,0.023087613,0.05649257,-0.17327705,-0.06961631,0.049173586,0.06607946,0.23425268,-0.029461484,0.019767806,0.09000786,0.06552158,0.14051384,-0.087023824,-0.07541275,0.15028045,0.06644837,0.13924803,-0.13947418,0.14996198,0.198356,0.08429137,0.17523132,0.12366117,0.05614616,0.14668979,0.018900022,-0.058208443,0.009132905,0.08541842,-0.020082973,0.055753976,0.09186329,0.0236158,0.07381274,0.027963476,-0.08885749,0.046185866,0.028109474,0.054558866,0.028144445,0.07711385,0.04552146,-0.022526693,0.030672632,-0.021091131,-0.01814942,0,0.056327585,0.042181224,0.030704277,0.062417414,0.022005431,0.015824543,0.0057495385,0.03936001,0.02095851,0.015813664,-0.07371415,0.013010591,0.02374204,-0.05067163,0.09962616,0.018683597,0.09491022,0.05957128,0.0753322,-0.0016532708,-0.021405995,0.14590976,-0.022866873,0.121543765,0.34273204,0.08868988,0.069263324,-0.070176266,0.056322046,-0.13798812,0.01256885,-0.025923422,0.10490361,-0.0064825453,0.058223415,0.05807277,-0.033643,0.012744482,0.08971112,0.0078422725,0.22597484,0.018018853,-0.11186911,0.034770966,-0.139386,-0.009227917,-0.040131096,0.062582165,-0.09191744,0.040587604,0.10582751,-0.057531968,0.027929658,-0.027485035,-0.00017902628,-0.027857885,-0.2905097,0.03478217,0.018029708,-0.0064397603,-0.056283094,-0.19110721,0.010272235,0.101953976,-0.011478044,-0.008970447,0.12296981,0.106684245,0.024227574,0.10879461,-0.108091265,0.10209895,0.11516674,-0.026806064,-0.01810645,-0.040024597,0.05796078,0.13185315,0.008834533,0,0.01590664,0.018163579,-0.078199886,0.11623445,0.089067176,0.06311046,0.12320663,-0.051313613,0.09217746,0.005937051,0.1660806,0.1770623,0.06666586,-0.0435538,-0.08965726,-0.009248561,-0.09519134,0.02530704,-0.007082209,0.041867375,0.021402907,-0.2593757,0.03175193,0.37275228,-0.08250635,0.08260499,0.004890429,-0.12748846,0.045247763,0.06575851,0.0041305367,0.045738015,0.13768989,0.10806902,0.27637056,0.0010354351,-0.13384764,0.003865663,0.18610029,0.011862777,0.011287641,0.072949454,0.09256123,0.14426413,0.0092745125,-0.12109815,-0.017442316,0.012033142,-0.065396324,-0.09694833,-0.024172768,0.002597157,0.06411493,-0.06915083,0.04499752,0.23142427,0.1187345,0.08127424,0.112537846,0.06562221,-0.060001913,-0.01482865,0.048043914,-0.008083424,0.0041024834,-0.03238809,0.073365815,0.090470776,0.0984763,-0.02147146,0.12936911,0.056160137,0.16265205,-0.076149285,0.12860331,-0.006801732,-0.12316632,0.15423982,-0.036570027,-0.022374205,-0.022262514,0.060685847,0.015013233,0.13909248,-0.094662316,0.06376529,-0.043966632,0.041421603,0.023527093,-0.13132083,0.078559875,0.019882465,0.03246498,0.11258521,-0.05723632,-0.10678357,-0.07897501,-0.0035503544,0.005789214,-0.15209955,0.06277893,0.04697202,-0.19116932,0.25918707,-0.042041384,-0.053620204,0.21494544,0.16558953,0.035951946,-0.005470153,-0.153381,0.15740374,0.03554733,0.32575032,0.05837802,0.08530551,0.10291984,-0.08649973,0.09989813,-0.08416866,0.1795981,-0.0039385185,-0.017948017,-0.039339766,-0.09370405,0.0700854,0.097754896,0.13671844,0.13655327,0.12666959,0.0130779855,0.16879854,0.07141072,-0.013814629
"(113.89277010453311, 22.59321088170232)",0.25216267,-0.12869671,-0.056895226,0.17159177,0.34881195,0.022218209,0.37656552,0.1122428,0.18643554,0.3342541,-0.026210696,-0.0018245466,0.11005527,0.007480003,-0.02260568,0.04300577,-0.14340232,-0.15309075,0.07479972,0.12022409,0.09545807,-0.09063219,0.067450814,-0.12404393,0.004206132,-0.03916734,-0.18678275,0.11887277,-0.19940825,0.22485709,0.12722018,0.09820857,-0.09849675,0.22227591,0.17292857,0.039162576,-0.21813208,0.062571794,0.12988025,0.089907624,-0.10684883,-0.017110832,-0.03234212,-0.11896509,0.028216071,-0.07664667,0.13723321,0.08015515,0.017306603,-0.21879631,-0.07161224,0.07502861,-0.031444233,-0.07046485,0.18895838,0.14267658,-0.03645767,-0.18508166,-0.048549447,-0.18420938,-0.26368815,-0.14372456,-0.14260055,0.21544825,0.042571645,-0.054351784,0.08352327,0.031965476,-0.027744163,-0.20567884,0.06000384,0.048724853,0.036463417,0,-0.15312253,0.014567096,0.30959404,0.08390517,-0.18026894,0.24019966,-0.007113073,-0.14229688,0.059086885,-0.14806443,-0.035169646,0.05613099,0.10412389,-0.38073686,-0.021840446,0.091936395,0,0.058008663,-0.124324836,-0.21221529,-0.03967952,-0.31533086,-0.016814765,0.0017848015,-0.13066043,-0.088645026,0.08302376,0.01681351,-0.07421586,0.29565883,0.12748893,0.118368536,0.05116369,0.31609908,0.18878365,0.0069221854,-0.03917661,-0.1459554,0.08549092,-0.06477897,0.14278251,-0.1007065,0.47644472,0.31633434,0.09263348,0.05341098,0.18440853,0.019014278,0.23058039,0.16843447,0.03162276,0.15761074,-0.10446428,0.0257371,0.12455556,0.4888134,-0.20563808,-0.04296475,0.07028691,0.054552693,-0.0065374374,0.13737491,0.3049586,-0.044351418,0.14705214,0.038836204,-0.026004525,-0.073241904,-0.19962406,0.103715725,0.014229432,-0.05608034,-0.17239071,0.22721148,-0.050103266,0.32812816,0.10723288,0.0722988,-0.10078125,-0.049937487,-0.012798902,-0.1685949,-0.029316716,0.26128936,0.12124319,0.37598926,-0.18777901,-0.05500777,0.16478457,-0.009026829,0.26022705,0.028157515,-0.054393217,0.13018504,0.04196079,0.09951037,0.025031788,0.16483618,0.13697809,0.100886725,0.00089763105,0.027607832,0.1656944,0.09251097,-0.0005495995,0.01272941,0.09997301,0.09927567,0.0359797,0.21154149,-0.14866167,-0.047590952,0.15237251,-0.03196577,-0.050801173,0,0.045894932,0.3010567,-0.081191786,-0.11599807,-0.006463371,-0.21809877,0.037298232,-0.0737878,-0.178758,0.061027244,-0.17955741,-0.028278857,0.063394025,-0.17584728,0.007960647,0.069536716,-0.12000243,0.14852133,0.038742542,-0.0014786897,-0.21581663,0.17609961,-0.21378519,0.10787343,0.35414767,0.16640244,0.06562689,0.008897439,0.028668903,-0.0004891977,0.12593752,-0.050467648,0.28642792,-0.20489293,-0.042331297,0.08153805,0.14039196,-0.09117791,0.005814478,-0.060318507,0.071080595,-0.15436997,0.06181405,-0.059039176,-0.23522753,0.23770146,0.024719957,-0.02796593,-0.0028140396,0.07144963,0.12096481,-0.10843143,-0.08219957,-0.17836289,-0.07572423,-0.051796377,-0.22065362,0.012506232,0.040101297,0.13244039,0.01173047,-0.2556736,-0.123870835,0.13699545,0.013162844,-0.10539844,-0.009092696,0.2487686,0.0064545125,0.092706345,-0.10929101,-0.0049375966,0.18732026,-0.099649824,-0.12461336,-0.03049524,-0.15304145,0.18094799,-0.24268901,0,0.014315218,0.013844686,-0.1624353,0.23955572,0.105201,0.17398626,0.19557397,-0.038125288,0.03892993,-0.10109179,0.15431792,0.20871273,-0.02554132,-0.14360495,-0.32493892,0.050235696,0.14690754,-0.07566734,-0.16716564,0.049818352,0.084645815,-0.17071688,-0.015257165,0.11962125,-0.035862386,-0.22729579,-0.15589978,-0.22420263,0.01667325,0.068459615,0.03928099,0.26920736,0.1996847,0.01502654,0.1520667,-0.050064296,-0.040121105,0.09921005,0.18375817,0.119832,0.01564299,-0.109273314,0.15695721,-0.029714318,-0.14506622,-0.089524545,-0.31927264,0.15025496,0.08037996,-0.03675834,0.05778916,0.07073992,0.101014405,-0.26580185,0.13503757,0.28846693,-0.026399963,0.15924275,0.11562557,0.22535348,-0.10991879,-0.19115312,0.025813766,-0.1157153,0.2137496,-0.14727902,0.12689187,0.09149916,0.09792634,-0.10794163,0.045504622,0.14245453,0.19521894,-0.16696288,0.13137491,-0.0015699416,0.12681967,0.22405295,-0.087122105,-0.072793856,-0.18308826,0.032586392,-0.14826372,0.28006694,-0.11060553,0.13550964,-0.15919958,0.01240665,0.092167355,-0.12886778,0.29053995,-0.05577655,0.016062258,0.19269598,0.19556177,-0.20966567,-0.16627385,-0.08509073,-0.11503115,-0.1899841,0.17893416,-0.07595164,-0.14730692,0.46149084,-0.08204449,0.15010065,0.2895298,-0.041972708,-0.05430318,-0.052320313,-0.18986595,0.08133462,-0.12236423,0.29124847,0.08248781,0.24549948,-0.13740847,-0.10446976,0.08914749,0.09680564,0.2522255,-0.19198622,0.12861595,0.0035025477,-0.13710967,-0.11450204,0.22804135,-0.115785554,0.30329615,-0.07788488,0.05816414,0.2769578,-0.041195013,-0.09359576
"(113.89297651576294, 22.573585776395383)",0.05001476,-0.052403174,-0.07995651,0.050195716,0.27032772,0.16434799,0.14797957,0.12913533,0.28776664,0.1922322,0.014841311,-0.10803416,-0.09662317,0.004132174,-0.079928294,-0.0057833344,-0.014614642,-0.13918388,0.10148844,-0.046147402,0.07937019,0.044734098,0.121502884,-0.20352292,-0.010729406,-0.08683938,0.01594033,0.08595925,-0.10922733,0.06033746,0.06605421,0.048803333,-0.056306552,0.14366311,0.08904403,0.024511052,-0.040298253,-0.08218755,0.0193181,-0.015665397,-0.095721625,0.010634802,-0.072023615,-0.12951088,-0.01218155,0.0024983156,0.06415003,0.049380776,-0.069538206,-0.029026298,-0.012871057,0.07065518,0.033664268,-0.026699185,0.13487482,0.01789767,-0.043857943,-0.0024500191,-0.042432018,-0.23498219,-0.12463112,-0.052331228,-0.055883955,0.12661596,0.075133756,-0.19459245,0.17453533,0.003842108,0.06785397,-0.059614275,-0.036379315,0.11067399,0.0660817,0,-0.04318752,-0.041419867,0.10821578,0.069605984,-0.13927886,0.117867805,0.019507136,-0.047842197,0.012302656,-0.08350721,-0.06601052,-0.077121526,0.025562733,-0.10500276,-0.11294503,0.043837056,0,0.09258346,0.031125315,-0.14770941,-0.13407782,-0.037389025,0.011904621,0.041790634,-0.066561185,0.05347586,0.122073084,-0.0034261867,-0.044803236,0.055760294,-0.003271021,0.07135184,0.035024643,0.2291032,0.055022754,0.0544572,0.12899193,-0.14210968,0.03986446,-0.0037307627,-0.03730098,0.011365266,0.13838692,0.1451109,0.059185438,0.023255128,0.2714389,0.08558683,0.10845986,0.14390428,0.12172232,0.11491653,-0.11853328,0.04626199,0.06114088,0.23448381,-0.120504856,-0.09696141,0.18805252,0.03315305,0.059668668,0.011290049,0.23594266,0.0035598092,0.022664357,0.1344533,0.06840812,-0.029086124,-0.066031784,-0.0014995709,0.11134009,-0.21108603,-0.06465653,0.03071352,0.068868116,0.2997444,-0.14863826,0.011481054,0.12096666,0.0034861714,0.117834225,-0.12381229,-0.13310328,0.22640043,0.039937504,0.16112037,-0.20425776,0.16334754,0.18270998,0.061223667,0.22245343,0.09058282,0.08428541,0.09086119,0.032657936,-0.06358478,0.016984282,0.0103013795,-0.029118903,0.035148486,0.09523519,-0.010896847,0.07244533,0.081959076,-0.09716446,0.00020767003,0.07307756,0.06875204,-0.012559388,0.048949726,-0.0057636723,-0.040493097,0.07492833,-0.010231597,-0.021765664,0,0.018965494,0.08273999,0.051356114,0.04634669,0.078058474,-0.08691683,0.0039833337,-0.0009079054,-0.027778354,0.015535377,-0.042276338,0.031860285,0.041941088,-0.07293251,0.0945669,0.07631336,0.06957332,0.04494247,0.101977445,-0.02672355,-0.012599513,0.12579155,-0.06583506,0.08232669,0.34080157,0.08955619,0.07140118,-0.00730706,0.090901785,-0.121591255,0.050801978,-0.06625689,0.17517965,-0.11468139,0.09785877,0.01307847,0.02052391,-0.018140456,0.06673147,-0.017310537,0.15203482,0.0032224609,-0.09418775,-0.0050024223,-0.12151825,0.06930913,-0.030494977,0.11225769,-0.11541721,0.083353125,0.08361846,-0.06960429,-0.031819567,-0.03570828,-0.029188816,-0.055571117,-0.20192572,0.026822485,0.017050657,-0.03686346,-0.068791844,-0.17463884,0.027298838,0.10321475,-0.0059843957,-0.01209411,0.05612593,0.12842166,0.04836473,0.09916025,-0.084967755,0.06941218,0.15565811,-0.010180809,0.022269394,-0.028431732,0.09028921,0.10181576,-0.028019741,0,-0.046152517,0.005802052,-0.11489903,0.21848789,0.03106141,0.051505893,0.13182805,0.03327604,0.10198749,-0.0029357076,0.17070568,0.22917448,0.051542684,-0.092001885,-0.06824502,0.00790453,-0.073966876,0.008273359,0.06321317,0.014827179,0.04633109,-0.2631942,0.018544357,0.30897868,-0.08559283,-0.0048659965,0.019893462,-0.19935752,0.06517413,0.059691228,0.053964876,0.08275473,0.1491139,-0.0025597215,0.22654094,0.04021571,-0.14731036,0.095155135,0.15604825,0.013070144,0.03976466,0.048746895,0.11807747,0.16090275,-0.09441818,-0.14765437,-0.10552269,0.033894166,-0.10151309,-0.09403149,0.06639914,0.004897885,0.07804397,-0.10784418,0.025334276,0.21188855,0.065338306,0.17348832,0.07874107,0.031363867,0.041658696,-0.069164746,0.065205194,-0.034950413,-0.03241536,-0.045862697,0.07619918,0.070411004,0.10219259,0.026485842,0.08272185,0.07178902,0.1747324,-0.117681816,0.19521286,-0.05180888,-0.14148031,0.13491811,-0.05949974,0.011016477,-0.014932219,0.07828653,-0.060241476,0.17698148,-0.16484112,0.10354057,-0.062476717,0.0070420606,0.013135038,-0.05341342,0.05009818,0.016423622,0.021081863,0.14927103,-0.028579853,-0.021233775,-0.13834703,-0.032165583,-0.05436332,-0.14010932,0.08618041,-0.023762679,-0.14319912,0.26678443,-0.062919505,-0.013011798,0.20160472,0.07936077,0.07240218,0.008017067,-0.16011621,0.16534391,0.02677907,0.27964076,0.054640383,0.11685906,0.062305763,-0.04744444,0.07091159,-0.062525325,0.1697777,0.014366344,-0.0050349236,-0.0022207797,-0.12429445,0.054250643,0.08999685,0.110643506,0.18208434,0.13396718,0.057968456,0.15362483,0.057674035,-0.063065045
"(113.8930416488216, 22.58544605449236)",0.21985397,-0.06008444,-0.047920857,0.15462272,0.3203191,-0.008180041,0.3522473,0.10620648,0.15016356,0.33401322,-0.03408354,0.058089796,0.06582412,-0.050969858,-0.053205922,0.05562636,-0.08035965,-0.08861988,0.039209146,0.16918845,0.035803728,-0.09086672,0.041964076,-0.08075966,0.006715674,-0.029885892,-0.17863101,0.13017797,-0.21937089,0.19954579,0.122158095,0.121077046,-0.097353384,0.13706625,0.1946089,-0.0044781286,-0.19052193,0.052331083,0.10279027,0.087562405,-0.1193681,0.09196437,-0.0499855,-0.12804903,0.018912055,-0.01829069,0.1308417,0.022026774,0.0017825514,-0.182444,-0.071796104,0.08715757,-0.026020955,-0.083951026,0.16770878,0.19076261,-0.008425112,-0.13525227,-0.07182209,-0.17636138,-0.2224764,-0.13197389,-0.12999599,0.13284394,0.032682907,-0.050426908,0.04683731,-0.012969207,-0.0021919794,-0.1757009,0.063705854,0.07454707,0.02388762,0,-0.17537807,-0.010959726,0.2841918,0.062034167,-0.15515357,0.19602093,0.019497257,-0.12078808,0.11471121,-0.17025614,-0.023651894,0.09977062,0.086015895,-0.33566558,-0.018297575,0.06984424,0,0.09875596,-0.10091009,-0.11608931,-0.0063312426,-0.33165744,-0.0071543707,0.0030318797,-0.09338447,-0.11361061,0.04067993,0.025827937,-0.036060337,0.28738463,0.18013601,0.10489535,0.09575735,0.3105263,0.17910065,-0.004801482,0.0009217011,-0.10182322,0.07811285,-0.10008899,0.08869127,-0.057974502,0.44465694,0.31457484,0.060968988,0.03913247,0.19212978,-0.013682159,0.20706344,0.15473706,0.03465762,0.12662163,-0.09968139,0.03500587,0.103570014,0.45453036,-0.2529396,-0.06463509,0.049105197,0.04319703,-0.05489035,0.05070003,0.35061353,-0.014041726,0.1589273,0.0075025465,0.02135482,-0.058908742,-0.107384875,0.07862305,0.019058265,-0.021774642,-0.1606407,0.22353368,-0.014308065,0.3116507,0.15510389,0.10122172,-0.07364997,-0.030445874,0.030882467,-0.059135627,0.011202261,0.2561918,0.17217964,0.35394347,-0.17751312,-0.012168139,0.069304615,-0.059045907,0.20574008,0.008158913,-0.051301867,0.13708653,-0.010140702,0.07077982,0.026836457,0.19179694,0.1529852,0.11556021,0.03981796,0.06757191,0.179418,0.10182012,-0.017306007,0.025062837,0.16477029,0.09364254,0.054760385,0.18963338,-0.08177548,-0.061425235,0.16237977,-0.012628114,0.023346808,0,0.024451286,0.26039588,-0.06625489,-0.07243415,0.028690986,-0.17543837,0.1012709,-0.024787657,-0.12940161,0.077536166,-0.20458129,-0.058650613,0.041100632,-0.18221717,-0.0039193854,0.056795463,-0.09761076,0.16288829,0.032345943,0.0193148,-0.19165258,0.19829403,-0.16805746,0.08730577,0.264625,0.13976762,0.066987865,0.012068197,0.05656056,-0.028866135,0.11489181,-0.008328205,0.2916691,-0.12714058,-0.029040497,0.08272581,0.13409267,-0.10288595,0.037867844,-0.050857745,0.11124954,-0.15842406,0.080053754,-0.047114477,-0.1772945,0.25175953,0.036764648,-0.024542399,-0.050562397,0.06325156,0.1163673,-0.104970716,-0.045317248,-0.15248682,-0.021007929,-0.011514097,-0.24402271,0.05362177,0.05058553,0.17654783,0.0006058812,-0.25446332,-0.13279746,0.15900166,0.0511785,-0.0885429,0.045671932,0.22732607,-0.030120313,0.085024305,-0.07760675,0.078347884,0.15993588,-0.072109364,-0.11474393,-0.02478927,-0.13625187,0.1603977,-0.25294828,0,0.037998155,-0.03646764,-0.13234389,0.20191938,0.14653939,0.16722041,0.18786776,-0.024586458,0.02787482,-0.07214345,0.15914598,0.19498149,0.010353953,-0.12432055,-0.27657056,0.067008,0.14066695,-0.06662285,-0.069401056,0.022182884,0.076074675,-0.106497794,-0.017382547,0.08941913,-0.012175299,-0.20813486,-0.15324162,-0.15794823,-0.027161317,0.10501036,0.030856883,0.27192944,0.19065839,0.07686518,0.14323194,-0.08451717,-0.030623313,0.12230283,0.13848846,0.15403625,0.040759448,-0.056480754,0.149906,0.011929883,-0.14312977,-0.056526758,-0.28564584,0.12137903,0.09484002,-0.06395728,0.07577419,0.05155645,0.059904415,-0.1967547,0.20889986,0.26213333,-0.053599887,0.13246246,0.11045483,0.23980698,-0.14014128,-0.14579515,-0.02252309,-0.092945725,0.22850269,-0.15538469,0.12759788,0.13573436,0.14734513,-0.1103193,0.090640105,0.15257452,0.18951271,-0.1517859,0.071382046,0.00881245,0.102263525,0.17320012,-0.08243459,-0.04042683,-0.14853367,0.05179013,-0.07244295,0.22484729,-0.075354375,0.11849513,-0.12242337,0.05438074,0.052762307,-0.10691564,0.25198928,-0.03959181,-0.018472569,0.20210911,0.1741876,-0.16834612,-0.13780856,-0.04262395,-0.10764918,-0.17509721,0.14964935,-0.022712981,-0.14929095,0.41782793,-0.11734921,0.07944298,0.24911861,-0.031649295,-0.060244735,-0.0026402585,-0.17866342,0.07466252,-0.12905416,0.28477725,0.12720135,0.20452681,-0.110573106,-0.13059998,0.06745499,0.10442275,0.24794999,-0.119042546,0.09217228,-0.0105778575,-0.118434735,-0.08387093,0.2121383,-0.06779492,0.25776803,-0.06207813,0.05547807,0.28776783,-0.035429977,-0.049987666
"(113.8933082365416, 22.57963041473005)",0.1183791,-0.0540701,-0.0759525,0.10076151,0.29149595,0.08072662,0.25939906,0.1183351,0.2210394,0.25005764,-0.015323706,-0.040223435,0.0005284995,-0.013774563,-0.053007156,0.024628457,-0.045538843,-0.14300594,0.059778407,0.015996922,0.04081694,-0.0026506335,0.11466769,-0.16192278,-0.0054767765,-0.08687584,-0.07010325,0.115289666,-0.10916674,0.13837494,0.108430475,0.09710622,-0.16413909,0.16471596,0.14061478,0.032496125,-0.07181527,-0.020999923,0.068033874,0.040823907,-0.0736221,0.018378906,-0.04510866,-0.112657905,0.033271313,0.0132556055,0.07810864,0.03198811,-0.003922045,-0.092941165,-0.03751944,0.07103404,0.011073478,-0.03445846,0.17473987,0.12587708,-0.004526469,-0.0631137,-0.053606696,-0.19348294,-0.15840504,-0.08312646,-0.108815864,0.13205205,0.048075374,-0.12325279,0.1550278,-0.027066313,0.022880241,-0.084431306,-0.01072064,0.08501712,0.032199755,0,-0.09899487,-0.019031744,0.19254266,0.08304981,-0.112938136,0.1471391,0.007379424,-0.091664016,0.045141187,-0.09160702,-0.04712601,0.024083331,0.041176252,-0.19987318,-0.034214266,0.03608541,0,0.13316989,-7.561594e-05,-0.11455148,-0.07654274,-0.17315282,0.019595467,0.03239478,-0.08254441,-0.024836209,0.055363774,0.004772164,-0.04207002,0.1669947,0.0665953,0.11175552,0.04022316,0.23026797,0.09237389,0.047601003,0.08513025,-0.13093355,0.05899302,-0.02905459,0.058731295,-0.03356559,0.27054143,0.20352152,0.07356141,0.08129254,0.2288677,0.041758917,0.1533281,0.11981879,0.08157881,0.11916256,-0.14615661,0.04320225,0.097249955,0.30616114,-0.13172637,-0.059712097,0.118618116,0.07374874,0.023947045,-0.00035658665,0.2636411,0.02219611,0.11681341,0.111606054,-0.0011782013,-0.061446685,-0.08080852,0.06846107,0.10492554,-0.06910327,-0.097505845,0.08103776,-0.042446855,0.29054624,-0.0045754723,0.03168091,0.013941616,-0.02213861,0.054976363,-0.0789361,-0.089981616,0.2442142,0.12369432,0.24520476,-0.14876401,0.057908565,0.14005756,0.05050559,0.21438204,0.082476005,-0.007882016,0.11685847,0.037695497,0.018743405,0.018218575,0.10208588,0.09473594,0.071092896,0.12543765,0.028248448,0.110868424,0.0860235,-0.07990542,0.047117822,0.08278777,0.07305483,-0.0031098723,0.10722791,-0.04921014,-0.015123796,0.10729683,-0.020670237,-0.029542968,0,0.016709115,0.16695306,-0.0110161435,-0.014165189,0.039657302,-0.13831012,0.05182241,-0.012983255,-0.10999456,0.070111334,-0.13236168,-0.0019791424,0.04488567,-0.10198972,0.042813085,0.07095371,0.030703574,0.10207578,0.03832855,-0.027472308,-0.05037442,0.16421059,-0.10012326,0.08778458,0.35145992,0.16379255,0.07280739,-0.0113638565,0.0779991,-0.08050885,0.07065767,-0.032575108,0.20147666,-0.12706763,0.02871235,0.07099248,-0.005559422,-0.064152405,0.041740105,-0.03960193,0.16074395,-0.045702722,-0.037009384,-0.05952494,-0.16646531,0.13858981,0.016656492,0.038254566,-0.07371707,0.059823312,0.11789703,-0.07543765,-0.030829316,-0.12934048,-0.014457289,-0.020103335,-0.2189461,0.05201614,0.04655415,0.10418799,-0.009796232,-0.19982287,-0.011714935,0.12275808,0.04803811,-0.038711585,0.06094446,0.13948497,0.038079605,0.13661617,-0.07854357,0.07284097,0.1661942,-0.03400381,-0.041134242,-0.02508898,-0.043554038,0.11398013,-0.10801134,0,-0.021748707,0.010162184,-0.091689244,0.22062346,0.08065325,0.08072645,0.17901695,0.013395552,0.06274342,0.0075590946,0.15754001,0.20709911,0.0059450828,-0.119947284,-0.18267424,0.027372248,0.0342615,-0.02761903,0.020588681,0.013567911,0.081282936,-0.20589285,0.050488405,0.23451859,-0.10522528,-0.087170415,-0.043727353,-0.17474794,0.0008220803,0.074304044,0.051199406,0.1716907,0.18796071,0.004016012,0.15917844,0.012011623,-0.09869516,0.112925336,0.14003049,0.01292751,0.04244126,-0.060576774,0.1373352,0.0993042,-0.0857064,-0.13008803,-0.14729035,0.12563357,-0.013421897,-0.057876855,0.070628434,0.02934172,0.024478544,-0.12637274,0.10156495,0.19334462,0.01585669,0.15497027,0.11909236,0.111569196,-0.018627767,-0.092696294,0.025847994,-0.05765731,0.084575735,-0.07952944,0.08317642,0.08186136,0.119206525,-0.027727146,0.06722968,0.12059332,0.15446872,-0.12825225,0.12440419,-0.021086492,-0.008862358,0.15748514,-0.0412587,-0.040552635,-0.0928223,0.06733662,-0.09651174,0.1956046,-0.11308577,0.06543084,-0.0952005,0.07293874,0.048143603,-0.037280425,0.14727393,0.0003809575,-0.009390907,0.17655718,0.059710607,-0.117971644,-0.14542454,-0.0791281,-0.054712616,-0.12319547,0.11406862,-0.002171373,-0.15236482,0.29659584,-0.061476357,0.06304827,0.22363101,0.04044595,0.018470157,-0.004665952,-0.16800992,0.12641549,-0.059657715,0.2149575,0.1154926,0.13092883,-0.025469951,-0.07866378,0.12862043,0.010805453,0.18948224,-0.047211207,0.056121632,0.02044776,-0.16778061,-0.030017719,0.13528897,0.00863141,0.20620376,0.07086937,0.07229686,0.22842032,0.011064135,-0.06807907
"(113.8934734698922, 22.67686211535686)",0.040975384,-0.14454626,-0.14477813,0.117885314,0.3216638,0.1592815,0.27617866,0.14302614,0.22579116,0.3533966,-0.04100033,-0.17763834,-0.1523233,0.011359513,-0.10870649,-0.06516065,-0.109850004,-0.16125256,0.10550207,-0.04451331,0.25538328,0.10090663,0.13453567,-0.3363022,-0.0051292665,-0.13537939,-8.40947e-05,0.102346934,-0.25012082,0.17035738,0.17512943,-0.013687931,-0.16897291,0.35298175,0.23975,0.15367058,-0.0930443,-0.09492649,0.2645792,0.00045400113,-0.01582054,-0.09161713,-0.091812626,-0.12037605,0.0015279986,-0.09607097,0.17107464,0.061837997,-0.059560593,-0.15302062,-0.07386213,0.039151832,-0.031272035,-0.04254131,0.3418629,0.1190172,-0.10293251,-0.18885666,0.10400212,-0.45230314,-0.27340427,-0.14822367,-0.14554277,0.21972217,0.053382,-0.15115508,0.25952673,-0.023438495,-0.00032683462,-0.102949396,0.021839805,0.05755102,0.06597325,0,-0.19508049,-1.1846423e-06,0.1790405,-0.05780822,-0.3444407,0.36184925,-0.10003646,-0.1605337,-0.08709809,-0.124142885,-0.14272001,-0.17079258,0.15966626,-0.2100968,-0.19025284,-0.09714418,0,0.13790853,0.002548039,-0.33092186,-0.15006936,-0.14573398,-0.019918721,-0.038696304,-0.24740486,0.054685224,0.14933488,0.026778534,-0.1487516,0.20600893,0.045965567,0.15877056,0.046572424,0.29829967,0.2646783,0.032061063,0.19660129,-0.3360168,-0.06340083,-0.10734434,0.0012088344,0.085744776,0.37552533,0.2875743,0.11081994,0.026602264,0.46520472,0.16255224,0.27167907,0.22578342,0.110518865,0.13656972,-0.18420632,0.02826416,0.059066728,0.3483504,-0.1085747,-0.069410264,0.37594274,0.007299859,0.024805017,0.105428524,0.2541523,0.004384253,0.006889414,0.17173493,-0.07617101,-0.06824155,-0.3204526,0.16109592,0.17564413,-0.2620788,-0.08154354,-0.024430942,-0.017926063,0.505489,-0.21247162,-0.054725572,-0.0131792575,-0.1633854,0.118782744,-0.31792083,-0.27649942,0.28582385,0.07023611,0.3138119,-0.3462193,0.06589994,0.26435807,0.10309638,0.32498568,0.1048793,-0.035319068,0.15558735,-0.019507691,-0.07206871,0.016224472,0.057584412,0.10093597,0.0026672855,0.070454575,-0.1308245,0.12286124,0.13012935,-0.18168998,0.07560132,0.10616708,0.10145434,-0.08185895,0.014101658,-0.1424585,-0.021162923,0.13190469,-0.05224721,-0.04885611,0,-0.019016499,0.04536002,0.10953083,-0.026022267,-0.013787128,-0.34231123,-0.044974,-0.037638694,-0.22476736,0.1069222,-0.03838531,0.0918569,0.05055606,-0.03975804,-0.05306439,0.078595474,-0.09618054,0.05462151,0.19886178,-0.10207744,-0.035120323,0.12768313,-0.14241952,0.15732299,0.46230927,0.2410417,0.104169376,0.09493612,0.20405154,-0.21811539,0.04286474,-0.14283396,0.36687678,-0.31258407,0.11657958,0.09219969,0.13354632,-0.082062006,-0.096405685,-0.049349032,0.111644864,-0.10275246,-0.20240054,-0.05863154,-0.16201082,0.10745002,-0.021527406,0.0927062,-0.08692987,0.058909528,-0.02677086,-0.11047497,-0.1612715,-0.13329868,-0.17924164,-0.1412768,-0.29183578,0.01159497,-0.049145214,0.02516763,-0.079725675,-0.14688599,-0.06344026,0.19730154,0.021899395,0.0015607737,-0.016398847,0.24565177,0.076309144,0.097164966,-0.20374197,-0.04685884,0.27322012,-0.032531314,0.014894765,-0.061420638,0.043494314,0.27279797,-0.04172806,0,-0.16503555,0.048812725,-0.15239528,0.48237088,-0.035942197,0.12690735,0.17829849,0.046134703,0.018946186,-0.09575105,0.21719882,0.30087075,0.033799052,-0.17682248,-0.18753791,0.026532095,0.009397218,-0.07289006,0.12554929,0.042997018,0.09789485,-0.28271848,0.10298498,0.2619328,-0.22543418,-0.14870286,0.12273157,-0.4027261,0.052878283,0.120234594,0.023800114,0.2862593,0.15059008,-0.15379895,0.30711094,0.11973317,-0.16399209,0.08212435,0.237675,0.011332963,-0.06795601,-0.19843648,0.21373975,0.18718271,-0.36066264,-0.18899089,-0.21992645,0.102963954,-0.2041285,-0.039249264,0.12117928,0.050566044,0.09472196,-0.29573256,-0.041324563,0.31207755,0.10061815,0.3647395,0.02477668,0.05354573,0.15006371,-0.057415977,0.002045408,-0.04080925,0.020349089,-0.17529756,0.10791664,0.13041978,0.0784873,-0.011857526,0.048991963,0.115782656,0.19766496,-0.24069704,0.23466833,-0.097670674,0.038059104,0.2378669,-0.12660988,0.094987765,-0.14017642,0.11186512,-0.16489223,0.20208591,-0.27711302,0.13203286,-0.21781348,0.011820967,0.13089493,-0.15398051,0.021864984,0.061311208,-0.00430979,0.26731306,0.07521114,0.026037544,-0.36671174,-0.08030538,-0.19577579,-0.31067485,0.10382428,-0.21506034,-0.18292129,0.44472423,-0.15004459,0.02952066,0.32673335,-0.04916613,0.07053971,-0.05287644,-0.041717727,0.17680135,-0.04588852,0.21303691,0.10212447,0.33848602,-0.0047479644,-0.20027223,0.0031024814,-0.013362919,0.28505468,-0.063635945,-0.03585583,0.10182592,-0.25042084,-0.08751663,0.28102425,0.06434237,0.30370334,0.117073655,0.18497202,0.18678522,0.052756704,-0.0032894695
"(113.89392909468704, 22.5809780555084)",0.146658,-0.023590667,-0.039703794,0.097464584,0.23376073,-0.0026409365,0.24195455,0.09640895,0.16314983,0.257649,-0.02939323,0.055390712,-0.014952019,-0.055345915,-0.09110214,0.045610655,-0.015765324,-0.05166056,0.06862278,0.1517796,0.08394068,-0.013119711,0.08339127,-0.08438809,-0.009503413,-0.051170375,-0.059604652,0.10032375,-0.16307926,0.11684506,0.11348516,0.09619628,-0.06834176,0.15838121,0.17983374,-0.0127981175,-0.09550934,0.022945873,0.09031822,0.06581498,-0.13097987,0.12466983,-0.0461414,-0.11289455,-0.011963114,0.034935325,0.13580212,0.013617154,-0.03777785,-0.10216613,-0.02722548,0.05936321,0.03471347,-0.09533183,0.12120437,0.1405804,-0.022379376,-0.08277931,-0.100301996,-0.20916101,-0.15803237,-0.099098444,-0.11261587,0.10249357,0.042964075,-0.12458589,0.07640268,-0.045240983,0.03162229,-0.13545199,0.049229987,0.05470839,0.040897835,0,-0.10372775,-0.02223732,0.20347466,0.033910483,-0.14930291,0.17484906,0.0022354536,-0.082856126,0.0968131,-0.14371936,-0.043420713,-0.01865856,0.06138362,-0.17922047,-0.048625268,0.005432062,0,0.12812632,-0.027037323,-0.03499245,-0.0013576336,-0.14726183,0.0009256648,-0.020485029,-0.09368407,-0.050787997,0.08150765,0.079561375,-0.011604343,0.2042073,0.16380541,0.092809066,0.1012485,0.26044095,0.14069475,-0.04393007,0.09992846,-0.096957125,0.06514243,-0.11154338,0.045108087,0.018902339,0.26005286,0.22259328,0.010521524,0.031347606,0.2603234,-0.00034212926,0.16564566,0.104926355,0.087997265,0.10869701,-0.12107441,0.04432085,0.07604212,0.34981483,-0.21465756,-0.067492805,0.15514348,0.07993804,-0.043005235,-0.018884161,0.3635014,0.04005524,0.06877044,0.05890151,0.06870809,-0.07867025,-0.04711044,0.02426333,0.07657817,-0.042777933,-0.089226164,0.11353777,0.039371073,0.31359768,0.029075254,0.07489339,0.04489447,-0.039523944,0.100248456,-0.022240553,-0.053296745,0.2740448,0.15080485,0.27237934,-0.178521,0.09912658,0.02500137,-0.066347435,0.17387278,0.0049346928,0.026050104,0.074834526,0.0026671737,-0.017983785,0.031913728,0.094828285,0.09689599,0.060621716,0.07705359,0.04928482,0.14980118,0.117106296,-0.062514044,-0.018868156,0.20529519,0.08477775,0.0126998015,0.08279639,-0.011473559,-0.0859732,0.13628691,0.014008449,0.0226719,0,-0.038802966,0.19548005,0.01154791,-0.0013460234,0.11181124,-0.17802036,0.11371051,0.008915417,-0.09771097,0.06284991,-0.11773336,-0.05027002,0.024114525,-0.110903665,0.032563053,0.081794545,-0.036055148,0.13903356,0.06016218,0.0028987965,-0.05752048,0.13453466,-0.11979174,0.05392863,0.19304961,0.09351251,0.050806306,0.066122726,0.06837022,-0.076514535,0.09880614,-0.04600572,0.30637628,-0.10135499,0.041155804,0.035678856,0.11501324,-0.07314617,0.050952718,-0.04754021,0.10388382,-0.12615737,0.055490024,-0.026660712,-0.078304216,0.22581334,0.030840423,0.064143285,-0.13646705,0.11564637,0.07656161,-0.08883514,-0.03136976,-0.095708385,0.026599046,-0.0202358,-0.1493409,0.0819122,0.05659449,0.086035945,-0.041637354,-0.20591693,-0.065928385,0.1347999,0.062664144,-0.04775188,0.06445468,0.14358237,-0.005534649,0.04817445,-0.025526665,0.14178589,0.13916832,-0.016463034,-0.010931749,-0.021249752,-0.019247413,0.071278244,-0.19246346,0,-0.0005270168,-0.04199306,-0.097364716,0.21048817,0.12631658,0.09015471,0.17548206,0.061555415,0.052269228,-0.022758167,0.13230212,0.20082429,0.02321784,-0.13278858,-0.11936067,0.08159064,0.07721686,-0.040543877,0.10593706,-0.035505928,0.06684062,-0.10933978,-0.059967592,0.10132807,-0.006822761,-0.16564262,-0.019537536,-0.16764995,-0.028263198,0.11542937,0.10028724,0.20315003,0.15425451,0.009290829,0.08597425,-0.03345879,-0.08591919,0.19264384,0.047523666,0.085692495,0.062311444,0.003122542,0.12751277,0.12181627,-0.15934533,-0.079152875,-0.20516315,0.0892863,0.0032701083,-0.09586478,0.15477248,0.015736802,0.04625966,-0.104017906,0.17389306,0.1780164,-0.031652816,0.1465103,0.05663733,0.1421287,-0.022800226,-0.08327204,-0.016096704,-0.07281607,0.09921749,-0.12916586,0.11260331,0.13033722,0.17612845,-0.005004484,0.10037913,0.13871622,0.14513549,-0.11882885,0.08652195,-0.031562187,-0.034207787,0.09850693,-0.076936774,0.027439427,-0.048426814,0.09971018,-0.039701864,0.15564469,-0.08791647,0.12331012,-0.07517417,0.04357754,0.002680011,-0.025821269,0.12420356,-0.0055288877,-0.053131707,0.20647462,0.09478592,-0.036919497,-0.13035002,0.007640358,-0.13287057,-0.14403246,0.04813225,-0.01950281,-0.06955031,0.3192375,-0.12855163,-0.008201987,0.16475251,-0.032159653,0.00532246,0.08794655,-0.12620462,0.09388517,-0.105298705,0.20987445,0.12632248,0.16081567,-0.035029598,-0.060285643,0.045988455,0.06904793,0.16150865,0.0026689395,0.015258476,0.013438836,-0.10045817,-0.025275625,0.1425983,0.037723616,0.19016564,0.03373931,0.09727241,0.21949738,-0.017913599,-0.040367596
"(113.89474941777816, 22.67805991090244)",0.039840333,-0.16627657,-0.15388452,0.12587921,0.3449795,0.19575633,0.27863193,0.14624406,0.25327417,0.3512621,-0.037787654,-0.21398862,-0.11674282,0.046611175,-0.08849621,-0.09031985,-0.13339482,-0.20198923,0.12062764,-0.091052204,0.26956898,0.101830795,0.14221391,-0.36988577,-0.0135044865,-0.1490794,-0.005753301,0.10470555,-0.21721977,0.1726295,0.17044479,-0.020864412,-0.1877323,0.37346777,0.21182394,0.17787874,-0.0876412,-0.093327045,0.2586748,-0.011751264,0.00085074455,-0.15999973,-0.093757145,-0.10489349,0.014433481,-0.14017528,0.15494901,0.08260825,-0.057518993,-0.17364764,-0.07650861,0.035313856,-0.040881384,-0.0134712905,0.34189686,0.08648917,-0.10313216,-0.18158165,0.12746848,-0.4321271,-0.27527785,-0.14560704,-0.15143757,0.2561978,0.048980147,-0.13718843,0.2744378,0.0027249642,-0.01711535,-0.092790455,-0.0036774278,0.061061986,0.064731404,0,-0.19244899,0.012055885,0.1672416,-0.04282072,-0.34528103,0.36545095,-0.09952599,-0.16409871,-0.12040669,-0.09957197,-0.13903376,-0.1701789,0.15536974,-0.23190895,-0.19644502,-0.08611382,0,0.11195513,0.0037105978,-0.38907087,-0.1773994,-0.14352284,-0.019264765,-0.021463335,-0.2467513,0.06236287,0.15857664,0.0052572787,-0.1674665,0.1829747,-0.013195723,0.16609421,0.02428244,0.28815368,0.24655156,0.05213092,0.16252334,-0.36066237,-0.05835059,-0.07353946,0.026522256,0.056863226,0.3956096,0.27793396,0.13461918,0.03919698,0.44541758,0.19219212,0.27513698,0.24335179,0.10406658,0.14050768,-0.18029803,0.022691093,0.0698098,0.33949134,-0.06164049,-0.04877933,0.35893267,0.0077755786,0.0538119,0.14937237,0.19028723,-0.016696732,0.020217514,0.19356215,-0.11251935,-0.064223886,-0.35625535,0.1815897,0.17051747,-0.2967665,-0.08455877,-0.038743835,-0.03794057,0.49796915,-0.22260149,-0.07532528,-0.040565744,-0.17067803,0.08020142,-0.36867726,-0.29032883,0.25929856,0.05212698,0.3092062,-0.34632424,0.045547068,0.32168752,0.14979324,0.34997243,0.1426081,-0.047856495,0.16756031,0.00056004524,-0.055984206,0.010038072,0.06420255,0.07354625,0.009133477,0.056641363,-0.15817448,0.102982104,0.10802796,-0.17677355,0.082948916,0.051737756,0.09974604,-0.08773969,0.021203684,-0.1725932,-0.0043327175,0.114627294,-0.07196478,-0.08761816,0,0.004687067,0.04301191,0.098111905,-0.037095796,-0.055763226,-0.33558717,-0.09997745,-0.0622463,-0.251199,0.08682754,-0.02316373,0.12031147,0.062135536,-0.03953586,-0.042559758,0.076187775,-0.0860209,0.048306234,0.1924068,-0.11536699,-0.040145606,0.12805004,-0.13642585,0.17514195,0.52684486,0.25476545,0.10293554,0.076482266,0.18673685,-0.208287,0.0341772,-0.15469314,0.3171811,-0.3320566,0.111598566,0.11221555,0.10902262,-0.081402235,-0.09929399,-0.055281244,0.10747941,-0.086855166,-0.22782655,-0.07596634,-0.2046327,0.08018479,-0.038036365,0.08331895,-0.048606277,0.03651397,-0.038360104,-0.11845938,-0.1694612,-0.14218198,-0.21558166,-0.14499539,-0.30037153,-0.009549376,-0.04976874,0.005511701,-0.06837507,-0.13715675,-0.04126613,0.17681766,-0.006033212,-3.7148595e-05,-0.03421691,0.25084704,0.099860355,0.11462162,-0.22929624,-0.09277994,0.29047316,-0.047387555,0.008833405,-0.06709017,0.032945886,0.29851684,-0.0041570067,0,-0.17747447,0.09497934,-0.14153856,0.47256592,-0.053867698,0.11833698,0.17621636,0.014579114,0.03635388,-0.10551746,0.21846333,0.29601905,0.013963625,-0.17455868,-0.21274474,-0.0032228604,0.0006758751,-0.07492374,0.061889753,0.06506065,0.09095377,-0.319673,0.11642609,0.30561185,-0.25541282,-0.11952599,0.12455951,-0.4178294,0.07960559,0.09283179,0.0151756685,0.27530596,0.15372689,-0.1714005,0.33897296,0.1457577,-0.17369367,0.043290492,0.28284317,-0.012063596,-0.082437284,-0.22321425,0.21371141,0.1553547,-0.32490414,-0.20820165,-0.21745768,0.11411551,-0.2119056,-0.017552681,0.08109373,0.057352975,0.112206504,-0.320654,-0.08219152,0.32433033,0.12052727,0.37490723,0.03775537,0.02996111,0.15586798,-0.06438636,0.02984815,-0.029836385,0.021231506,-0.15413502,0.1017333,0.09570139,0.03777761,-0.01699857,0.029583402,0.106865056,0.20491701,-0.24509631,0.26574147,-0.09478687,0.058440845,0.2773007,-0.11691712,0.078748524,-0.14824009,0.10631925,-0.20091802,0.22154975,-0.28453538,0.11891822,-0.22779933,-0.011301634,0.15446123,-0.17307451,0.04028842,0.059048697,0.026489688,0.24393752,0.05883585,-0.011623516,-0.36776748,-0.11262675,-0.16598915,-0.31005707,0.13332471,-0.22850455,-0.21398646,0.45322984,-0.102810994,0.065535665,0.36048228,-0.022199124,0.075329006,-0.09519377,-0.061975215,0.18757188,-0.02381491,0.22570644,0.07048137,0.35396183,-0.0049703047,-0.19134548,0.009813905,-0.043375585,0.2988928,-0.10378206,-0.02157183,0.09136422,-0.2558127,-0.1020406,0.27765673,0.045109287,0.31702933,0.10978608,0.17808473,0.16620713,0.06493055,-0.034587104
"(113.89489369665162, 22.56959875924611)",0.08187149,-0.092134066,-0.12176135,0.047537275,0.2734698,0.16598542,0.16311736,0.15427981,0.315438,0.17778234,0.06318962,-0.1473178,-0.24542725,0.01857435,-0.11137218,0.03026728,-0.074902475,-0.18518123,0.085777156,-0.14631882,-0.009958707,0.0016744956,0.10791964,-0.17107812,0.030781683,-0.0746384,-0.031365387,0.038675636,-0.1553859,0.088796735,0.037722122,0.04919116,-0.09853198,0.091977835,0.0645601,0.021356383,-0.08327036,-0.14355464,-0.05742522,-0.0025774986,-0.054950632,0.04220458,-0.063192055,-0.18662643,0.0012052581,0.031953976,0.042104542,0.064379364,-0.030393474,-0.002041785,-0.07929826,0.109950826,-0.0093531795,-0.00043952465,0.23117748,0.047041226,-0.03419466,-0.047931187,-0.0060985964,-0.28888687,-0.20268938,-0.051267788,0.07449785,0.13082296,0.10923886,-0.20530975,0.22776034,0.02596851,0.1011557,-0.10822296,-0.0568322,0.18855762,0.08279611,0,-0.066186704,-0.08387302,0.18542188,0.14403397,-0.10255179,0.08788129,0.07426168,-0.047922738,0.05580387,-0.11089037,-0.080353364,-0.0123563185,0.034273207,-0.1771076,-0.104096346,0.16401914,0,0.124254115,-0.010471515,-0.14211763,-0.1851537,-0.15751025,-0.007868356,0.10632366,-0.04605093,0.117666766,0.071210414,-0.08865676,-0.05006415,0.0884826,-0.0642622,0.031771913,0.0011197478,0.25520155,0.030248083,0.14893869,0.099120535,-0.14999759,0.06532868,0.069035284,-0.09820805,0.019253165,0.19146831,0.19185686,0.090951,0.046544533,0.26265347,0.0983061,0.10102396,0.1489702,0.12166462,0.16779892,-0.14007866,0.05176571,0.06849884,0.30243227,-0.1875144,-0.1778928,0.16847822,-0.019546978,0.11607269,0.0038738754,0.25552142,-0.019109417,0.05636278,0.0794669,0.047866005,0.011346456,-0.0047070384,-0.00015693158,0.13718624,-0.27000955,-0.12563579,0.0954331,0.05868563,0.3325909,-0.15165047,0.019458681,0.15821275,0.08267885,0.21561584,-0.078292176,-0.033700764,0.23302758,-0.003021188,0.16651107,-0.21903461,0.15141186,0.2755283,0.069070384,0.27204585,-0.016236814,0.11274329,0.17030485,-0.020781621,-0.016961155,0.01980984,0.018859936,0.028808549,0.06239888,0.09880961,0.0238754,0.09259832,0.0634669,-0.09025469,0.027240798,0.04767768,0.05958446,0.025095891,0.13902508,0.0231876,-0.057702895,0.102962665,0.011681346,0.024395272,0,0.08496095,0.069738396,0.03580471,0.00088468974,0.06327697,0.014686635,0.06986226,0.0059466884,0.061260875,0.020040587,-0.11768305,0.028592065,0.04957532,-0.13950762,0.09350338,0.09552568,0.1191722,0.031055294,0.11706985,-0.010389103,-0.10592346,0.18283641,-0.062182225,0.1300632,0.40095696,0.11049016,0.117911905,-0.09243315,0.0983177,-0.11410411,0.024627808,0.011987979,0.16929592,-0.11905113,0.056023825,0.0071887,0.009326253,0.068575434,0.06442262,0.0071179047,0.18320015,0.050630998,-0.14289981,-0.013903411,-0.18020463,0.019650154,-0.024195846,0.06233333,-0.07044271,0.11887268,0.242845,-0.0496032,-0.030106446,-0.07411301,-0.018158723,0.015871972,-0.27670324,0.0051976815,-0.052659117,0.04686211,-0.08526788,-0.20767015,-0.009911343,0.13351506,0.00709863,-0.025332905,0.048401855,0.11703112,0.06032382,0.1396715,-0.10827846,0.054906987,0.17593011,-0.024649993,-0.04888532,-0.0569925,0.03611272,0.11608389,-0.041322216,0,-0.007606201,-0.054032832,-0.2000378,0.23393315,-0.03933215,0.1165483,0.0936535,0.08588326,0.055737086,-0.018138904,0.18620828,0.23788637,0.0676882,-0.09159514,-0.14921822,0.010238105,-0.06610055,0.041541386,-0.038618267,0.054428197,0.043011267,-0.28540152,0.12802666,0.4269664,-0.10842958,-0.039071277,-0.13085113,-0.19396159,0.119834706,0.031891182,-0.00040743314,0.08802222,0.19298837,0.09297736,0.2723878,0.021374336,-0.11375806,0.043725085,0.25203675,0.08233462,0.076956764,0.074402645,0.13534495,0.17352329,-0.092847794,-0.15750866,-0.09730244,0.018821582,-0.030871842,-0.098348156,0.0063737035,0.013109691,0.08744562,-0.13415095,-0.0011968836,0.273441,0.13365176,0.1062514,0.09934099,0.11044967,-0.06666979,-0.10065587,0.043258637,-0.08863808,-0.027281195,-0.044318736,0.09624957,0.07042085,0.09522913,-0.08246721,0.0920204,0.025941303,0.21533057,-0.12437177,0.23211473,-0.0238107,-0.12665038,0.13842072,-0.10442131,-0.06837827,-0.1004215,-0.008398224,-0.03338614,0.23372349,-0.20619366,0.08262455,-0.082164586,0.038412917,0.024215288,-0.12713808,0.09698523,-0.0045111086,0.0043296497,0.13040535,0.016434804,-0.07042365,-0.15571994,-0.051704455,-0.028851684,-0.1555674,0.18181083,-0.023091068,-0.15205628,0.27229866,-0.10642223,-0.012637615,0.24865055,0.10394636,0.06873326,-0.09781399,-0.182017,0.2050184,0.0704244,0.36267385,0.091256365,0.06979586,0.07230138,-0.1760611,0.17155819,-0.095175214,0.24253526,-0.0009123236,0.025281891,-0.013222113,-0.14371723,0.112541385,0.17045622,0.0919202,0.23517829,0.1667905,-0.0018502213,0.20669743,0.028602462,-0.06490935
"(113.89517390146209, 22.55752936540443)",0.01798831,-0.03293126,-0.05011206,0.0088901315,0.28698358,0.3178724,-0.040845603,0.087216705,0.30156755,0.15150395,-0.0016802996,-0.2326611,0.055280715,0.07935528,-0.022154354,-0.06575831,0.053837866,-0.10754665,0.09423156,-0.1310472,-0.007542737,0.00067584077,0.03406828,-0.16063109,0.03408857,-0.038659625,-0.0117769465,0.06603234,-0.002757389,0.00866919,0.024761856,0.019953862,0.121224605,-0.007053217,-0.00048505515,0.04269983,0.040273055,-0.13067545,-0.12296869,-0.067641236,-0.017224796,-0.07039497,-0.19624105,-0.06581107,0.018870905,-0.11337017,-0.02809906,0.016773205,-0.11479808,0.009718047,-0.0074040145,0.105154276,-0.01944409,0.13075852,-0.016804852,-0.14620942,-0.033515144,0.22480983,0.030996893,-0.022789046,0.0029300041,0.0026348485,-0.018914476,0.0912344,0.058932696,-0.11906452,0.10631296,0.10077128,0.047616724,-0.01874451,-0.113953866,0.1686486,0.055278815,0,-0.07389993,-0.0114152245,0.026336316,0.08735632,-0.04941219,-0.04726761,0.102987796,0.013933621,-0.052409645,-0.07744202,0.02835263,-0.009146452,-0.05653503,-0.09524999,-0.10508185,0.030892767,0,-0.10506412,0.058936127,-0.20508377,-0.16972816,0.022769783,0.018254522,0.18607509,0.10071534,-0.011848729,0.14509329,-0.10337763,-0.09884663,-0.103540435,-0.14686163,0.03964451,0.019938782,0.15871483,-0.0030257544,0.10684249,-0.0022380194,-0.06211022,-0.0033234209,0.15818273,-0.0989399,0.011123859,0.04791759,0.09834425,0.059708036,-0.037419576,0.11533351,0.16517152,0.02124566,0.20781071,0.0015894417,-0.012847662,0.018840391,0.032851055,0.06946502,0.05540802,0.00022336608,-0.04985658,0.030996151,-0.06453634,0.08564046,0.11613627,-0.012252934,-0.009286199,0.0485803,0.09035862,0.102424294,0.08798272,-0.049470857,0.011564203,-0.06407357,-0.23994985,-0.030300638,0.020607786,0.12775518,0.12639748,-0.021774363,-0.00519,0.0716123,0.09804857,0.1006573,-0.21361147,-0.08545169,0.011168748,-0.011412777,0.074343145,-0.09338385,0.15944794,0.29004687,0.1546421,0.14201951,0.2382166,0.06677383,0.14816609,0.07960166,-0.097252704,0.006134907,0.059086412,-0.17964,0.02234032,-0.05714996,-0.02662842,0.018001914,-0.04363517,-0.03351979,0.033577688,-0.09661677,0.041505463,0.049339797,0.08275033,0.04588922,-0.011635181,-0.07226845,-0.049490035,-0.09416036,0,0.10458648,-0.018556386,0.042491503,0.092296354,-0.065810785,0.115771435,-0.13341738,0.047677778,0.0687588,-0.07506611,0.031483874,0.048625834,0.026667016,0.036647975,0.12884024,-0.051000014,0.090754956,0.012924567,0.10155552,0.03312,-0.0112338215,0.06027188,0.010734525,0.16038494,0.35371616,0.017277054,0.038924605,-0.09198243,-0.03038729,-0.12646389,-0.020643093,-0.08640101,-0.0041277837,0.0662542,0.055741925,0.05452694,-0.025356613,0.048365973,0.10667934,0.049514152,0.18377867,0.05693018,-0.13606682,0.14007825,-0.15616067,-0.147089,-0.1025686,0.060638145,-0.0470175,0.012700558,0.021048743,-0.044681087,0.05915028,0.07398869,-0.06085268,-0.09771346,-0.29405636,-0.021044806,-0.0075784475,-0.18605383,-0.06915408,-0.15319204,0.013616174,0.045372978,-0.11880758,0.006835155,0.12859452,0.11914616,0.029810771,0.04353141,-0.1442857,0.024284817,0.06375912,-0.047060385,-0.002736766,-0.020415913,0.11161615,0.15858589,0.12529904,0,0.051924713,0.117394246,-0.052085385,-0.003959611,0.08503978,0.053312413,0.09671728,-0.17888169,0.14769647,-0.060577605,0.13318922,0.108565055,0.08614119,0.039498664,-0.04164515,-0.062065706,-0.18777433,0.049404245,-0.16158323,0.09584124,-0.03976827,-0.31535202,-0.0488076,0.41942483,-0.025761954,0.23833108,0.07989572,-0.12008323,0.09222135,0.02716957,-0.025506763,-0.06920636,0.061336443,0.12744859,0.35608172,0.0127000045,-0.13595839,-0.14620781,0.23866712,-0.041603364,-0.08460611,0.14092807,0.049006656,0.0863604,0.13938014,-0.11301083,0.05626808,-0.05660285,-0.10821524,-0.079776846,-0.1631143,0.0050997324,0.16486861,-0.07724666,-0.06707641,0.2591472,0.217886,0.025564536,0.08422125,0.003748782,-0.059667353,0.03984485,0.10985569,0.037786752,-0.0423486,0.02966652,0.060189925,0.066347845,0.011662245,0.00057277083,0.12163044,-0.017650092,0.13756584,-0.01666121,0.13509934,0.0076071396,-0.18137987,0.21216811,-0.014519684,-0.015761636,0.041697588,0.05619895,0.036305368,0.09279207,-0.052242525,0.08051514,-0.018796977,-0.07181499,0.04667417,-0.22687948,0.061398245,0.021537,0.13601846,0.026069941,-0.13744095,-0.14439306,8.8293105e-05,0.030554999,0.049495105,-0.18260323,-0.00016916543,0.03551829,-0.20575926,0.267422,0.037262432,-0.083403036,0.21821144,0.26356918,0.028118897,-0.00967009,-0.16044423,0.15027162,0.09926835,0.38999912,-0.0606621,0.10494928,0.18227656,-0.0012538722,0.03573203,-0.14587484,0.14758568,-0.07575155,-0.036539152,-0.098539695,0.029632114,0.08166202,0.055407405,0.17582357,0.09702614,0.09091754,-0.035140693,0.06699877,0.13387558,-0.013740809
"(113.8955536930516, 22.57830213000443)",0.10581214,-0.036817186,-0.09472709,0.0964373,0.25500512,0.03586797,0.27344072,0.12509379,0.21119943,0.24066542,-0.0084769055,-0.01945373,-0.08658801,-0.038769446,-0.083118066,0.04539143,-0.04709311,-0.14141873,0.03146293,-0.01585975,0.010014705,0.0052134544,0.13318118,-0.14552969,-0.007047642,-0.10169324,-0.059271373,0.10412746,-0.11300062,0.14635408,0.11763814,0.115313426,-0.2544088,0.15376638,0.16268751,0.031153029,-0.046867467,-0.03643723,0.07108322,0.05727739,-0.040019818,0.0682404,-0.019303724,-0.13039657,0.04733076,0.072963044,0.07466852,0.013920706,0.022303842,-0.07403579,-0.05904846,0.072409205,0.007823892,-0.038115352,0.2490128,0.19466564,0.020189773,-0.09579297,-0.058167946,-0.22547841,-0.16509615,-0.07906566,-0.07078774,0.10775766,0.04850089,-0.12036983,0.19294646,-0.0719309,0.03657648,-0.069195375,-0.009354241,0.09706901,0.024396963,0,-0.10693041,-0.030320268,0.21234873,0.09037923,-0.09469725,0.13807714,0.0012270026,-0.09619069,0.07038519,-0.07384667,-0.062117163,0.051009864,0.040825307,-0.17610338,-0.0059031025,0.038136505,0,0.21948552,0.022070035,-0.05616709,-0.067020334,-0.21862052,0.02809221,0.033664703,-0.093051426,0.0013577677,-0.010634616,0.0049318224,-0.032940652,0.1954741,0.073022515,0.11631791,0.04052376,0.21045887,0.085710734,0.071946815,0.12872934,-0.13488932,0.07000268,-0.03817475,0.040693708,-0.008894249,0.26956373,0.19732653,0.07040002,0.11992781,0.24688713,0.027856896,0.14929354,0.080000006,0.10538357,0.13882363,-0.18827283,0.05239814,0.08817764,0.30731785,-0.13926482,-0.077105016,0.14786533,0.09347814,0.034730382,-0.076876126,0.2959929,0.045626502,0.14222306,0.10849471,-0.031714384,-0.06635246,-0.030324787,0.08828329,0.16838458,-0.032338955,-0.09788432,0.07383685,-0.081563994,0.30658817,-0.009840947,0.023889467,0.043059886,-0.019043878,0.09859045,0.00097089633,-0.07679455,0.27383137,0.14201245,0.23486076,-0.13118494,0.05152172,0.1223191,0.047678564,0.21909419,0.03177514,-0.00603077,0.1276695,0.010532126,0.03617061,0.020299943,0.11180219,0.17868495,0.07638356,0.20505124,0.058441408,0.11849707,0.09864218,-0.10806731,0.074528135,0.113164276,0.06255751,-0.0070191436,0.09497144,-0.024344392,-0.0011925362,0.12844962,-0.0028673057,0.0071111247,0,0.008057132,0.1465387,0.00014548562,-0.018443966,0.06396621,-0.13409744,0.116247594,-0.004671268,-0.10079792,0.12119862,-0.16506946,-0.0044775307,0.03884145,-0.11292799,0.02975899,0.100116506,0.076540306,0.10983333,0.021481998,-0.040441684,-0.026930526,0.20239684,-0.07580533,0.0837968,0.34636343,0.20386283,0.0929866,-0.0182795,0.1153634,-0.09521304,0.060376275,0.017454574,0.21100222,-0.1307958,0.030310739,0.08622954,-0.046869155,-0.043438345,0.032422937,-0.04067803,0.1986775,-0.027953345,-0.062043298,-0.097673506,-0.16969272,0.14123382,0.046901297,0.030538514,-0.07385133,0.06634977,0.17862937,-0.057261974,-0.029403782,-0.16386761,0.022390869,0.029159665,-0.22195327,0.08089293,0.042428978,0.19563657,-0.0008347109,-0.18689868,0.0048244298,0.14150572,0.101448394,-0.020540133,0.0731725,0.0931063,0.052300036,0.18460298,-0.06766285,0.106602006,0.17711872,-0.014292203,-0.04366349,-0.042593244,-0.060349867,0.101436764,-0.112057075,0,-0.027260683,-0.02117735,-0.08430524,0.2571798,0.06603979,0.073034294,0.17233482,0.07434085,0.020526618,0.054379385,0.16143638,0.21390909,0.0005596727,-0.13685283,-0.18940426,0.043694615,0.059687,-0.020520978,0.08416112,-0.005448116,0.100824185,-0.17478964,0.12477258,0.26138338,-0.1538763,-0.117510416,-0.059721284,-0.14930853,-0.010446416,0.088801,0.05285289,0.19436249,0.21371444,0.014854848,0.12595396,0.0231681,-0.08783376,0.14709374,0.1288729,0.01734446,0.08493586,-0.0923951,0.1452744,0.13677816,-0.11499098,-0.12758109,-0.11223683,0.14653161,0.000514213,-0.056021154,0.10760189,0.024609296,-0.040456872,-0.08702421,0.11841027,0.16118415,0.010261916,0.14819135,0.13414149,0.12059705,-0.023526553,-0.07851189,-0.008836128,-0.07207252,0.08392959,-0.08480427,0.081458814,0.08484475,0.14457491,-0.04636486,0.07070314,0.12380455,0.14911984,-0.12609906,0.11398159,-0.015928663,0.0128874965,0.121717066,-0.041640528,-0.052369386,-0.11861852,0.055833977,-0.07836993,0.19417557,-0.11838407,0.025267106,-0.09609913,0.14299093,0.05117572,-0.006048396,0.13010667,0.0200407,-0.05636891,0.19543867,0.08058874,-0.101684116,-0.16828239,-0.093607634,-0.04700348,-0.09511069,0.13353854,0.015203336,-0.13792565,0.24427134,-0.08232162,0.061344326,0.21305189,0.0216805,0.035011757,-0.019496467,-0.16483586,0.13559714,-0.06352296,0.16064215,0.1722545,0.09395391,-0.031342693,-0.13501696,0.1804046,0.017776545,0.19154623,0.0051868856,0.05980669,0.04833114,-0.22194284,-0.010868548,0.15131944,0.012489559,0.19446957,0.11714867,0.09041521,0.25974134,-0.013709698,-0.058147997
"(113.89612906165809, 22.58167940007185)",0.14862704,-0.028694754,-0.060852,0.12260475,0.23013012,-0.048268165,0.29943448,0.107706755,0.17153542,0.2598666,-0.016141474,0.07244438,-0.06903587,-0.06403547,-0.07269296,0.04204688,-0.06399587,-0.09800433,0.029086128,0.071574226,0.047343932,-0.009245747,0.103972085,-0.11635725,-0.019435395,-0.093266994,-0.07810586,0.092335254,-0.14445832,0.15199345,0.13261707,0.10862211,-0.23203516,0.18058458,0.18559378,0.039786883,-0.07481955,0.004080713,0.12003063,0.10014068,-0.053750448,0.08588854,-0.008300394,-0.10006958,0.033469267,0.038810268,0.10990675,0.02501237,0.0110704005,-0.12280564,-0.050425813,0.051945798,0.018498149,-0.06378843,0.23938152,0.21402547,0.034298632,-0.15317923,-0.061605524,-0.23072138,-0.18527918,-0.101759955,-0.09323016,0.12777989,0.026450757,-0.08474091,0.13184844,-0.07167689,0.012848251,-0.10252701,0.031798504,0.061577998,0.031791463,0,-0.10353915,-0.031826895,0.23137301,0.04405602,-0.1357753,0.18894994,-0.013359118,-0.10923525,0.09013358,-0.09729317,-0.053941373,0.03854663,0.08308385,-0.21331531,-0.01522734,0.022359855,0,0.20725346,-0.007210329,-0.047482423,-0.0026243888,-0.25259024,-0.0070518153,-0.009111971,-0.13100275,-0.018780913,-0.004331805,0.06182409,-0.029579502,0.23327298,0.108189896,0.13307829,0.0743767,0.23272441,0.13588385,0.019625634,0.09665931,-0.1303664,0.08464085,-0.09053869,0.07651181,-0.0011413908,0.3256599,0.22266674,0.043293007,0.09912345,0.24270363,0.013385357,0.19142339,0.07058005,0.082257755,0.15396492,-0.15916279,0.04597485,0.08423014,0.36582774,-0.17465383,-0.04459721,0.14677182,0.08967428,-0.025912292,-0.03840653,0.32588464,0.038717117,0.15371211,0.09278593,-0.01383163,-0.08672775,-0.051377162,0.0887798,0.1395513,-0.027941369,-0.10388093,0.08976346,-0.051141284,0.31446183,0.03014483,0.038690403,0.019913673,-0.06609358,0.07792793,0.013901699,-0.03942299,0.27789634,0.15529221,0.2817979,-0.14863667,0.032641232,0.0667308,-0.02753764,0.21150722,-0.012453573,-0.017829882,0.12667952,-0.0070465654,0.032449268,0.037940606,0.12760533,0.21050318,0.0941868,0.15538362,0.047767755,0.13616058,0.11501359,-0.07207712,0.025597297,0.18350887,0.05513736,0.002327796,0.09399503,-0.0330287,-0.034984123,0.16375878,0.0162601,0.046186756,0,-0.025339514,0.17635605,0.0011355188,-0.03687395,0.07517635,-0.16565268,0.13229801,-0.0120517835,-0.12236801,0.10414518,-0.16962329,-0.02976945,0.04046206,-0.15250044,-0.0076044425,0.101947695,0.022001326,0.15071754,0.023871854,-0.022067899,-0.042498425,0.19590366,-0.105748504,0.069304995,0.2936798,0.19036373,0.076576784,0.027926132,0.11682247,-0.07441016,0.07743825,0.03319121,0.27795744,-0.13968343,0.03973495,0.087092854,0.026382565,-0.07510756,0.019820638,-0.056157432,0.109929815,-0.0728428,-0.00043771672,-0.11612216,-0.14636588,0.20043097,0.0579026,0.02504325,-0.06837185,0.08931018,0.15481555,-0.076851465,-0.0477589,-0.14241947,0.006096747,0.050856538,-0.16987732,0.094144315,0.05507125,0.23032877,-0.0104793385,-0.16544876,-0.028403297,0.14475076,0.09882722,-0.029716253,0.05359982,0.13521387,0.049493432,0.13662007,-0.043025903,0.115112714,0.17804259,-0.0140692,-0.030455176,-0.020332769,-0.08100322,0.10946198,-0.1641616,0,-0.022114106,-0.020022226,-0.07016795,0.25959814,0.08352513,0.07101589,0.18752214,0.07851247,-0.0009602681,-0.0010375455,0.1364129,0.19556391,-0.014646925,-0.13978286,-0.21066843,0.08258366,0.12043272,-0.04612421,0.09133868,-0.030133782,0.10952354,-0.098536626,0.080735356,0.14147241,-0.10957196,-0.17895505,-0.05708801,-0.14877188,-0.023226844,0.08971545,0.07722592,0.23599927,0.19700499,-0.020651534,0.08249306,0.023618123,-0.052485656,0.18281998,0.10123874,0.086766295,0.09790373,-0.09771861,0.15284726,0.082853414,-0.16515227,-0.09207987,-0.18388256,0.1560744,0.03777593,-0.05556415,0.14138219,0.03294134,-0.020075228,-0.11393998,0.15726602,0.14828143,-0.040642537,0.16589019,0.08537647,0.13530782,-0.023317356,-0.09734523,-0.02824264,-0.09245292,0.13475654,-0.09959089,0.09760565,0.08836715,0.14673057,-0.0701285,0.067543976,0.13523608,0.15287101,-0.12894067,0.11570194,-0.021396942,0.06057005,0.11019483,-0.06258884,-0.0043191276,-0.12586015,0.07905702,-0.07692823,0.17490408,-0.10777935,0.032452542,-0.095298365,0.09808726,0.068265505,-0.00960882,0.14137338,0.023264447,-0.06119374,0.21133003,0.13645485,-0.06548576,-0.16964152,-0.08099206,-0.0945939,-0.09982563,0.1291861,-0.020562088,-0.09212934,0.28422344,-0.10853946,0.074363574,0.21812665,-0.034598995,0.017283369,0.0012878515,-0.17480157,0.120741725,-0.08558393,0.15458049,0.1807771,0.13194875,-0.07086166,-0.13038407,0.10732426,0.06749682,0.18965214,0.0010286942,0.0682116,0.039568767,-0.19124249,-0.0391408,0.18087643,-0.037355043,0.21432379,0.0427912,0.12072913,0.23755419,-0.04024131,-0.08574702
"(113.89626349181998, 22.56440906413152)",0.10848656,-0.045342766,-0.12217784,0.031190442,0.20567663,0.113375515,0.07052909,0.123158544,0.25125897,0.19974671,0.024121843,-0.12910526,-0.28674716,-0.0087053925,-0.21230322,0.020945031,-0.041272804,-0.11874939,0.05495759,-0.15338598,-0.017888047,-0.06032557,0.06551287,-0.06539647,0.026169654,-0.059325922,-0.048408754,-0.006201069,-0.15663177,0.07058333,0.047890224,0.0883842,-0.09033736,0.01167682,0.107068285,-0.012829481,-0.014239423,-0.13432114,-0.12600465,0.019991912,0.0025644973,0.16789708,-0.13409914,-0.21451366,0.005446397,0.028356517,0.04619181,-0.0020644553,-0.08228048,-0.041500866,-0.14362285,0.12492744,-0.06197146,0.043939266,0.26142302,0.07579157,-0.015231668,0.009238891,0.00415216,-0.21772984,-0.14441584,-0.046771847,0.14246406,0.09015599,0.08078982,-0.13895983,0.18229142,-0.008947786,0.09448078,-0.14664115,-0.057216667,0.22415191,0.05287391,0,-0.17438854,-0.05396561,0.20590359,0.12883264,-0.11355212,0.026685663,0.08801772,-0.03502634,0.081015736,-0.10779898,-0.043173168,0.03010767,-0.024482314,-0.16523886,-0.07433704,0.11373243,0,0.15731901,0.01712621,-0.08640572,-0.13734588,-0.25178537,-0.0005291058,0.17041408,0.0151063,0.05669384,-0.034216493,-0.073518746,-0.111474186,0.09644307,-0.09487578,0.022412732,0.062003076,0.23196478,0.043858327,0.12052152,0.0737531,-0.13619147,0.1057749,0.06430697,-0.17336461,0.0814975,0.23285845,0.18517052,0.013268493,0.030922089,0.24130426,0.09717136,0.059541382,0.1226044,0.11029997,0.12358111,-0.11922932,0.05666006,0.034491338,0.30274704,-0.19206,-0.17612211,0.20138408,-0.0630225,0.11974576,-0.07337317,0.24775442,-0.007905755,0.11742619,-0.015448103,0.0265983,0.059755668,0.06830014,0.072333984,0.10241839,-0.22491637,-0.12865868,0.1498609,0.10213296,0.33486187,-0.012140881,0.0115062,0.19085328,0.110839725,0.3128851,0.0100952275,0.013395086,0.20065412,0.033397906,0.15504704,-0.1764789,0.15192632,0.26858008,0.029902417,0.25116092,-0.073151715,0.14463118,0.18287721,-0.04762055,-0.019778011,0.019077348,0.12802361,0.11357318,0.06082748,0.111046046,0.08945556,0.11299564,0.015434238,-0.09676789,0.015991129,0.11881125,0.039435573,0.08704591,0.098691314,0.09945863,-0.081997484,0.05334846,0.030813182,0.035369873,0,0.086529076,0.03556206,0.053234354,0.008690182,0.06759276,0.055849284,0.11692278,0.011525147,0.07495433,0.067912415,-0.10785353,-0.0028475225,0.0028829598,-0.11521439,0.1311183,0.10318586,0.10146167,0.10562903,0.09514742,0.008193274,-0.10328765,0.2379468,-0.0069821477,0.16561301,0.32759997,0.09643137,0.10761553,-0.08583046,0.045728408,-0.15633783,0.0044227224,0.055911638,0.18127486,-0.026871357,0.034973715,0.09310098,0.03835993,0.15386088,0.067273155,0.009136222,0.27144277,-0.022324044,-0.1430141,0.019077389,-0.17223424,-0.013334721,-0.012576442,0.03415568,-0.058431193,0.11794641,0.26031047,-0.046345294,0.007679181,-0.08720514,0.05032189,0.057662927,-0.32101768,0.052919235,-0.034333363,0.10849606,-0.08579583,-0.22327015,-0.034837574,0.12561476,0.009467505,-0.0013364181,0.1159039,0.022628628,0.039642677,0.12404596,-0.14230655,0.14856231,0.13826583,-0.04037773,-0.058669765,-0.15161781,0.018833414,0.16359308,-0.054595176,0,0.064714625,-0.039772682,-0.14327303,0.16082788,0.073828384,0.103877775,0.061992884,0.054276574,-0.004473351,-0.0085328035,0.1719745,0.19309899,0.057683818,-0.08849913,-0.14421539,0.030763451,-0.029259274,0.048841733,-0.050929144,0.026580947,-0.005771864,-0.21294336,0.07201766,0.4870547,-0.112008646,-0.035201788,-0.06824595,-0.12219901,0.11944707,0.09089078,0.0016707648,0.08799581,0.17664173,0.2161117,0.2663008,-0.031541333,-0.11937545,0.028626177,0.24166818,0.14230374,0.09795523,0.09606941,0.078213915,0.18871363,-0.08158404,-0.08298769,-0.010762364,-0.035024628,-0.010979194,-0.13088238,0.026039138,-0.009525683,0.03784712,-0.05229132,0.034698166,0.29036686,0.18446982,0.004492551,0.11730829,0.1402247,-0.19084713,-0.01138874,-0.0136908665,-0.0763336,0.017787628,-0.09182816,0.13017409,0.09709457,0.13437384,-0.12358211,0.1868903,0.035222687,0.21533361,-0.0579997,0.17249626,0.021409221,-0.054372963,0.11573313,-0.11979304,-0.04977246,-0.090679795,0.0036372654,0.11069411,0.20304781,-0.12019201,0.0871867,-0.08058733,0.086559914,0.04701618,-0.26080868,0.104950696,0.03649298,-0.04648836,0.12750481,0.029356696,-0.12807506,-0.12181818,0.0708462,-0.018653408,-0.21101357,0.12078563,0.013742538,-0.14297855,0.28379503,-0.10593185,-0.11475247,0.24968925,0.12015177,0.053662304,-0.087648794,-0.115611926,0.18063273,0.050606713,0.39032653,0.09160432,0.120495036,0.102182835,-0.2588074,0.16049154,-0.08840116,0.2298801,0.04927875,-0.026508793,-0.02991283,-0.122304894,0.15667312,0.22785604,0.18209901,0.14777611,0.17464082,0.01576459,0.23200491,-0.028307535,0.027705207
"(113.89679640371878, 22.603053318389595)",0.15470394,-0.25024903,-0.10934149,0.14511032,0.41675335,0.287786,0.24217625,0.13303949,0.3691749,0.2736953,-0.003798969,-0.28501332,0.16505313,0.19862393,0.021235146,-0.1201521,-0.21409176,-0.3288093,0.21152939,-0.1617802,0.29588115,0.0070223827,0.1439966,-0.35849714,-0.045180537,-0.11622621,-0.068501376,0.090540394,-0.049397934,0.14812377,0.09273028,-0.010782637,-0.053343877,0.38549048,0.03168293,0.16910495,-0.13010243,-0.0011146963,0.119660094,-0.03236204,-0.04541824,-0.3686171,-0.078237444,-0.062510066,0.027918361,-0.29918286,0.08274742,0.19921,-0.06379346,-0.25003752,-0.042911947,0.035348557,-0.039996143,0.0588235,0.16259462,-0.13945772,-0.12144604,-0.11118347,0.084347695,-0.18577087,-0.23492931,-0.11126869,-0.15375161,0.4005946,0.054653216,-0.09961728,0.2105446,0.16854697,-0.06587209,-0.14247365,-0.06394774,0.045676805,0.07329301,0,-0.08309474,0.07477592,0.15560865,0.09344811,-0.27289727,0.28020024,-0.051827762,-0.12747268,-0.18096933,-0.020960413,-0.06450647,-0.14873679,0.07891838,-0.32963422,-0.15445277,0.0683651,0,-0.09896519,-0.058746405,-0.5428873,-0.226482,-0.074610434,-0.020103198,0.05490295,-0.16007596,0.04383233,0.23958933,-0.04582279,-0.19765066,0.075998545,-0.20048615,0.13303079,-0.05465862,0.26394323,0.11581186,0.065968305,-0.08822249,-0.3171254,0.054695375,0.0861316,0.16135633,-0.14462815,0.39264178,0.19938064,0.16839343,0.038399193,0.21279563,0.22252974,0.21435311,0.27062446,0.06487354,0.16245744,-0.080464765,0.0018674564,0.1263392,0.3533058,0.057951335,0.02819748,0.18107471,0.03219273,0.17074582,0.35589442,-0.004135128,-0.13709576,0.051513158,0.20247373,-0.1316927,-0.04532249,-0.41616234,0.14900887,0.02092255,-0.35817704,-0.1180821,0.056454677,-0.028446576,0.35131875,-0.1672857,-0.0793832,-0.08857681,-0.10710943,-0.10707572,-0.51823187,-0.24137545,0.1550729,-0.06205874,0.27171332,-0.26717147,-0.02006787,0.4861961,0.23303238,0.39629123,0.23668993,-0.0030578282,0.114692606,0.1647955,0.042946056,-0.0020082146,0.05265414,-0.119043365,0.034883812,-0.098122835,-0.17244191,0.03029672,0.008347166,-0.031319484,-0.015079241,-0.14376959,0.0932887,-0.04081338,0.12138483,-0.26164234,0.0032437257,0.020030973,-0.11571388,-0.26803166,0,0.114216715,0.19000435,-0.020947596,-0.09453529,-0.13861628,-0.23055407,-0.28931728,-0.18231447,-0.26671302,-0.064644985,0.046723254,0.15326524,0.10655999,-0.0731581,0.10743326,0.07602131,-0.072875395,0.046468396,0.112366624,-0.08753786,-0.13771231,0.09136183,-0.17181592,0.1827074,0.63979715,0.16822018,0.05035814,-0.006871484,-0.025579296,-0.040218707,0.073785305,-0.21139385,0.10269444,-0.33242443,0.03923325,0.107239604,0.08345096,-0.04053814,-0.027307972,-0.06814893,0.030745309,-0.056792114,-0.14293836,-0.05861702,-0.34663552,0.036479928,-0.0995152,0.05067104,0.09028481,0.01787968,-0.02708339,-0.13636442,-0.15117896,-0.12160578,-0.27387416,-0.17799425,-0.20996273,-0.10826734,0.002282299,-0.16903315,-0.012689091,-0.17239663,0.025344342,0.025594834,-0.17313036,-0.06525945,-0.10747328,0.24857968,0.13948302,0.102851726,-0.24851325,-0.22986683,0.26215014,-0.13317257,-0.03812317,-0.072118014,-0.011970565,0.28373703,0.024259508,0,-0.11096686,0.24535096,-0.13924327,0.2681732,-0.0342817,0.08550587,0.15563409,-0.13766025,0.15628913,-0.1586677,0.16998687,0.23519921,-0.072438784,-0.13416308,-0.2771443,-0.093261026,-0.022880297,-0.05890652,-0.3350571,0.1310743,0.02572142,-0.4315675,-0.02427587,0.3839671,-0.17402065,-0.026560925,0.037178986,-0.3934809,0.19996803,-0.043687817,0.037109673,0.13316639,0.15434432,-0.15614067,0.34728855,0.1321551,-0.17592771,-0.06289951,0.37005723,-0.05020168,-0.08958612,-0.15120184,0.13874134,-0.056789022,-0.06526642,-0.22008102,-0.2533171,0.10888557,-0.13627908,0.020141743,-0.06705551,0.07304307,0.239012,-0.36924547,-0.18037406,0.35443813,0.14228743,0.2789938,0.10301329,-0.01250156,0.073753804,-0.17230624,0.1996676,-0.037671477,0.036586214,-0.043981448,0.09080868,-0.06575351,-0.09771318,-0.010170668,-0.03366079,0.06411174,0.22575477,-0.18240218,0.3603655,-0.0548521,0.059849057,0.3790237,-0.07091162,-0.049847383,-0.11741662,0.053212654,-0.2951428,0.33652082,-0.22597364,0.15568005,-0.20051932,-0.17324454,0.17666373,-0.2287745,0.21598661,-0.023691086,0.17572941,0.09555892,0.022823006,-0.22709766,-0.21743786,-0.15717442,-0.041828763,-0.24797292,0.20958784,-0.2123331,-0.24321035,0.48701993,0.11205017,0.2114658,0.40441105,0.080952175,0.049992625,-0.18564294,-0.2012424,0.1671425,0.042090658,0.35881174,-0.13605651,0.36008385,-0.03618843,0.000986171,0.03653247,-0.10568428,0.25740707,-0.29277754,0.094107896,-0.01583356,-0.14058119,-0.1100697,0.17520395,-0.053771183,0.3283886,-0.0085207485,0.069310546,0.09113579,0.06311354,-0.1948987
"(113.89804201151982, 22.55354177434892)",0.042328306,0.044437848,0.0047001354,0.004250793,0.26853365,0.252398,-0.057922367,0.052576356,0.18940401,0.19388427,-0.05227483,-0.11338803,0.16237515,0.008065373,-0.05457975,-0.02600107,0.15658854,0.03907516,0.08212324,0.10867226,-0.018016182,-0.040471613,-0.026428282,-0.037037447,0.044631284,0.036988724,-0.03404326,0.108128764,-0.059379254,-0.013772987,0.030525312,0.059650116,0.28979054,-0.08698065,0.06658116,-0.071821555,0.010275748,-0.055403635,-0.12256895,-0.066192,-0.13086972,0.10565833,-0.23344137,-0.07108921,-0.028793268,-0.05783575,0.0240627,-0.06816204,-0.15644862,0.012299137,0.018234521,0.12035558,-0.0026520453,0.050814245,-0.18064928,-0.114200026,-0.05796078,0.29673228,-0.063199535,0.04191345,0.05677511,-0.011996402,-0.087881744,-0.017449155,0.04636723,-0.111113854,-0.04116498,0.06478195,0.06212744,-0.061195303,-0.04082506,0.14239845,0.034104697,0,-0.12576361,-0.0020269938,0.023923982,0.035814933,-0.050422877,-0.06818903,0.123987615,0.039582387,0.046109337,-0.17532247,0.06698245,0.018531494,-0.07791348,-0.0686592,-0.09108191,-0.033210494,0,-0.14435327,0.026576735,-0.061041914,-0.06413516,0.06299499,0.03294691,0.13279466,0.15745686,-0.13502245,0.179871,-0.033801444,-0.027331758,-0.05794818,0.0597084,0.008362442,0.12506875,0.20194753,0.04751966,-0.023387171,0.011346149,0.037117027,-0.022122078,0.04531562,-0.11114694,0.05471073,0.031085936,0.14745381,-0.019841474,-0.11779791,0.11836539,0.07223795,0.006821125,0.22207889,-0.01634877,-0.09500462,0.067355365,0.037016585,0.05646258,0.06620442,-0.1228604,-0.06289288,-0.014600336,-0.05018677,-0.0373972,0.05634164,0.12628302,0.033190038,0.006623704,-0.001640657,0.22589177,0.07959477,0.029835641,-0.053503297,-0.15791821,-0.11283229,-0.017982619,0.0895112,0.22005188,0.10466258,0.12814538,0.09173266,0.062445402,0.10678804,0.11391297,-0.111007914,-0.033216953,0.02391743,0.09792834,0.11271079,-0.08978501,0.21498153,0.0720592,0.012929153,0.027115092,0.22748826,0.064524546,0.08363919,0.047936752,-0.14123735,0.010941895,0.09727699,-0.22391328,0.012839995,-0.1255856,0.044515174,0.07932232,-0.010433086,-0.01003582,-0.002376616,0.041798957,0.07459026,0.090871826,0.081550844,0.101547904,-0.08861935,-0.06524812,-0.029931305,-0.04010693,0,0.0441658,0.039302625,0.03443691,0.13788229,0.0077545866,0.081627786,-0.05183384,0.1093578,0.08386099,-0.07736335,0.02192962,-0.041451365,-0.01489612,0.05798608,0.118487984,-0.08530635,-0.018624827,0.058386326,0.10426941,0.09942257,-0.032382876,0.021100825,0.0043947734,0.10346234,0.099247836,-0.09777497,0.0012465846,-0.0067134574,-0.07183152,-0.11956574,0.028417662,-0.13051954,0.0948392,0.17623931,0.033707086,0.021727748,0.104769856,-0.015707282,0.15709326,0.052851815,0.1804779,-0.07113802,0.028464133,0.23459116,-0.016828999,-0.018006302,-0.08366993,0.07041611,-0.16639455,0.037026264,-0.08456998,-0.06520998,0.106896564,0.11127974,0.025027912,-0.13379654,-0.2714917,0.029108632,0.029190723,-0.23318593,-0.08356974,-0.2138095,-0.08500324,0.07087509,-0.090045206,-0.013581358,0.1924015,0.12983432,-0.092781305,-0.081877895,-0.070258096,0.14642519,-0.012081802,-0.03236521,0.0008355938,-0.0009960867,0.118081674,0.087969825,-0.0071772933,0,0.122256875,0.038762063,-0.04073805,-0.0943276,0.22314806,0.089820996,0.115812436,-0.19086163,0.17481008,-0.07482754,0.114572,0.08331599,0.14295077,0.046514936,0.0518119,-0.016466077,-0.15761822,0.030929867,-0.051802114,0.0424397,-0.078401774,-0.19167756,-0.24520779,0.2163938,0.14605603,0.18716452,0.100973755,-0.0634931,-0.014392601,0.118556336,0.0071837325,-0.02926118,0.01574175,0.21100672,0.27419895,-0.12133546,-0.12099773,-0.06995807,0.08656286,0.008953519,-0.09925604,0.2547913,0.024443883,0.1241537,0.12310614,-0.036613993,0.00020729005,-0.11092788,-0.07535361,-0.13676906,-0.097550854,-0.019364871,0.17721681,-0.008842573,0.09614707,0.24487545,0.13876578,-0.023284271,0.04656665,0.0795175,-0.11437699,0.08322556,0.040177397,0.06581634,0.019567855,-0.04905913,0.0904841,0.18294849,0.118968256,0.052466232,0.19373274,0.0387521,0.10629153,0.0053861346,-0.016600043,0.018712692,-0.22795424,0.14662655,-0.024414428,0.048024107,0.13583362,0.1098959,0.13410063,0.016254187,0.047901966,0.175267,0.020636544,-0.07672308,-0.054195903,-0.2006587,0.059094444,-0.004455557,0.08965166,0.060988225,-0.1297456,-0.10289803,0.07210962,0.16863592,-0.023105796,-0.21521588,-0.12913355,0.08534608,-0.15906957,0.29844007,-0.03909657,-0.21053039,0.10854654,0.21430421,-0.033559468,0.17130595,-0.09004147,0.06809823,-0.009634636,0.39270136,-0.043144256,0.13260803,0.17770827,0.062621,-0.06354456,-0.058017623,0.10945974,-0.03627895,-0.09401028,-0.12613873,0.15370774,0.06184236,0.02497023,0.24021219,0.037465386,0.025247935,-0.040272992,0.099288404,0.12521693,0.083532624
"(113.89865530487204, 22.59595841726773)",0.20453802,-0.13955279,-0.06806787,0.1496988,0.331717,0.0696176,0.2904411,0.11587103,0.24488105,0.2670489,0.0050776973,-0.06957361,0.049893513,0.047705844,0.0024546236,0.00072175637,-0.1583137,-0.2016344,0.07538395,-0.039026093,0.08040949,-0.05828546,0.09126986,-0.1809983,0.00086510926,-0.07453449,-0.13572262,0.07571397,-0.114191055,0.17864111,0.108207464,0.06763522,-0.13725758,0.2295322,0.111732654,0.09578321,-0.13151416,-0.01516892,0.09041184,0.07650926,-0.024744876,-0.11042068,-0.037632927,-0.08635708,0.05465471,-0.115498476,0.071866535,0.10536982,0.01045952,-0.18068112,-0.05846118,0.07049664,-0.033916045,0.014224589,0.21569368,0.07412912,-0.007569148,-0.1551128,0.013098249,-0.16993189,-0.22546907,-0.1072265,-0.089268446,0.24700801,0.04335407,-0.06497184,0.14758958,0.056930836,-0.024228796,-0.15237589,-0.00087299943,0.072152376,0.05234455,0,-0.09428275,0.0021543317,0.2537777,0.097456746,-0.1602102,0.19500875,-0.0020285882,-0.11647113,0.004885573,-0.08899389,-0.033263516,0.03916131,0.08672023,-0.33391386,-0.035945147,0.10099598,0,0.04759129,-0.06424668,-0.2563413,-0.08664055,-0.25834644,-0.03416923,0.05018191,-0.11783091,-0.0027332716,0.07318738,-0.021296822,-0.10837032,0.19153477,-0.029989563,0.13312985,0.008256808,0.2610868,0.13564323,0.08085497,-0.047484014,-0.17174283,0.08798004,0.031176388,0.120827146,-0.09063082,0.40008935,0.25199133,0.10903818,0.07228267,0.15820636,0.09239174,0.19896288,0.15770732,0.023176344,0.17143318,-0.09359333,0.026091918,0.119500235,0.3962149,-0.10627465,-0.019800762,0.084448926,0.028783351,0.049044706,0.16305242,0.1772053,-0.050894026,0.16776717,0.10724981,-0.05031538,-0.043813374,-0.18864161,0.12499928,0.035950866,-0.13969798,-0.14497359,0.13731095,-0.0567762,0.28558454,0.017592657,0.004434593,-0.04236187,-0.046119675,-0.0063488297,-0.19144544,-0.049857132,0.20272297,0.04965338,0.30291277,-0.1540258,-0.035384268,0.27236724,0.07297133,0.28768146,0.073858045,-0.027868832,0.16295266,0.07756135,0.0744377,0.035588123,0.11688446,0.10871163,0.08970261,0.00023719668,-0.010441259,0.095603004,0.055871855,0.0014680177,0.017246492,0.020287482,0.05107694,0.026262272,0.18991058,-0.12970245,-0.014010053,0.10565763,-0.027482806,-0.065422505,0,0.07232231,0.21101016,-0.043723024,-0.09765565,-0.04586784,-0.11809375,-0.01943452,-0.07826827,-0.1304068,0.023418061,-0.13271058,0.017740645,0.07788283,-0.15347081,0.018955775,0.07048701,-0.02205415,0.108443916,0.048481964,-0.00583879,-0.14619191,0.17274074,-0.15492862,0.13397592,0.46534196,0.19166702,0.076857336,-0.038527973,0.03344313,-0.022971615,0.07732619,-0.018763876,0.20391047,-0.19381416,-0.0014516674,0.09876859,0.042861145,-0.04591363,-0.0014016107,-0.0357657,0.05248988,-0.03886168,-0.039766427,-0.071497336,-0.2654859,0.10195269,0.0027264692,-0.01746463,0.04339634,0.07061865,0.15973547,-0.084125884,-0.07546111,-0.1292109,-0.11601679,-0.022909813,-0.2231711,-0.0043798275,0.010866553,0.1161886,-0.0026208386,-0.18742844,-0.049822643,0.10427434,-0.026092477,-0.0572555,-0.006302871,0.21204342,0.08293803,0.12392826,-0.13332006,-0.049992554,0.192089,-0.08593463,-0.088828176,-0.018241331,-0.11735147,0.19294855,-0.11412023,0,2.2236258e-05,0.08393591,-0.13138208,0.22869614,0.031605847,0.11428597,0.18524446,-0.04900684,0.03911554,-0.109725654,0.13962884,0.18146652,-0.03247437,-0.10490461,-0.32452083,0.021494659,0.07593013,-0.040900894,-0.20631605,0.06391516,0.08120079,-0.23031525,0.06425515,0.23226199,-0.10465101,-0.11814272,-0.10651259,-0.21789944,0.071032725,0.014829036,0.01820472,0.18475999,0.1945793,-0.023366317,0.19801329,0.037894554,-0.043481495,0.02744243,0.25630704,0.067105375,0.017528746,-0.10722655,0.1479418,-0.03964247,-0.07841927,-0.12654454,-0.22163731,0.14507532,0.04021235,-0.015532911,-0.015461981,0.06741808,0.10021373,-0.24169418,0.017171718,0.2555644,0.050800286,0.15050122,0.10531241,0.1318677,-0.065139785,-0.15739222,0.06368552,-0.10431563,0.1407145,-0.05712955,0.09872402,0.028584627,0.029198721,-0.1228904,0.019779034,0.0826235,0.19039908,-0.12991357,0.20464155,-0.0065771937,0.0992192,0.23668955,-0.06986332,-0.077861264,-0.17564058,0.024087396,-0.15675837,0.26002187,-0.13892809,0.071026914,-0.1451315,-0.022236686,0.14622474,-0.14940596,0.23398477,-0.008852592,0.06375013,0.14472508,0.14119458,-0.20013534,-0.16116422,-0.12747626,-0.059153363,-0.16106117,0.19521958,-0.08507191,-0.15593249,0.39484748,-0.03013091,0.16250601,0.3213971,0.03202839,-0.0053514056,-0.11679095,-0.2256133,0.13592298,-0.029928245,0.28615674,0.06274584,0.20342429,-0.07504648,-0.09980646,0.11408518,0.016740538,0.23439658,-0.17312807,0.138398,0.0013892353,-0.14756061,-0.06300275,0.22056355,-0.10542312,0.2856684,-0.028274972,0.058020923,0.20797238,-0.018152453,-0.13720357
"(113.89952345355896, 22.51333882110369)",0.04693905,-0.09360519,0.01104537,-0.07608787,0.14973778,0.32533467,-0.3309757,0.026508538,0.2638313,-0.04007435,0.024192557,-0.24284364,0.14168921,0.24078387,-0.0708561,-0.05294187,0.11153652,-0.009055756,0.3118798,0.006288696,0.18416405,0.029926617,0.07268875,0.0028447509,0.059467386,0.08768956,0.15861547,-0.042819824,0.16303682,-0.2131283,-0.060921486,-0.04938051,0.60485774,0.12672773,-0.10265566,-0.10970012,0.103022166,-0.08208135,-0.2320937,-0.13871339,-0.2248132,-0.046964876,-0.1827625,0.0026786476,-0.111003,-0.11131773,0.035317197,0.049746465,-0.2100107,0.12354678,0.10313192,0.09047131,0.08790243,0.07643214,-0.4905973,-0.4686766,-0.21802402,0.33667424,-0.0970754,0.038484525,0.056891415,0.034898326,0.017196953,0.115676686,0.137485,-0.3105975,0.01466085,0.21771121,0.11366755,-0.19992726,-0.079334855,0.09093973,0.13444859,0,0.09649069,0.013375763,-0.051807772,0.12514356,-0.04795879,-0.060507506,0.15000063,0.1569435,0.012751576,-0.21162818,0.041711908,-0.28416476,-0.11353947,0.07609331,-0.17555529,0.024431087,0,-0.35528067,0.016326547,-0.006810149,-0.11596417,0.6285202,-0.029241059,0.10000728,0.18998078,0.12284915,0.51138985,-0.0031072274,0.047797,-0.24370952,-0.11655709,-0.09467323,0.071252204,0.17719406,-0.05894544,-0.11018363,-0.029846385,-3.4272554e-05,0.00094635785,0.19931483,-0.037223667,0.15387657,-0.29068214,0.058283728,-0.07521118,-0.1751486,0.19054507,0.19189835,-0.059307333,0.2448107,0.053993247,-0.06712386,0.083223745,0.030593317,0.09186832,-0.025952853,-0.06532699,-0.0845728,0.1453898,0.06037508,0.0979909,0.22677593,0.07371076,0.060446944,-0.27724373,0.09250908,0.31185284,0.031978577,0.10789652,-0.21374461,-0.18113703,-0.3060838,0.058920123,-0.0771368,0.36671197,0.13090831,-0.18435343,0.051201425,0.32568067,0.118272565,0.20599957,-0.2001709,-0.04910697,0.0036949664,-0.06728383,0.016712137,-0.14667593,0.457127,0.17743298,0.04171284,0.07255715,0.21018013,0.29701796,-0.05674614,0.18826063,-0.26411453,0.049748473,-0.23943488,-0.602342,-0.14503442,-0.45593953,-0.048567995,-0.0010039061,-0.03419265,0.04735411,-0.20459622,-0.011898341,0.076264136,0.045720052,0.092911854,0.14244246,-0.30238762,-0.16441569,0.027007764,-0.19701973,0,0.0110209435,0.06520795,0.14709453,0.1621239,0.09795966,0.15825349,-0.1306488,0.097996555,0.14774275,-0.34431323,0.27112,0.0014199615,0.0042601605,0.17417976,0.23457497,0.01316981,0.027635857,-0.043109894,0.2474319,0.15985401,0.059849396,-0.2523178,0.059670985,0.089896716,-0.0052774474,-0.33406407,-0.03763666,0.11443186,-0.29258808,-0.06054409,0.040438756,-0.3644935,0.14750065,0.14313477,0.06874736,-0.14920454,0.23432401,0.108858146,0.18905011,0.08342693,-0.09126441,-0.014808376,0.08586741,0.35684502,0.15127657,-0.06908005,-0.14260086,0.2046439,-0.29151323,0.33195338,-0.13785487,-0.06876867,0.09122648,0.20811759,0.0036244355,-0.1927554,0.026028022,-0.044839744,-0.10574228,-0.6742275,-0.22082141,-0.17823707,-0.056091666,-0.051144265,-0.21869385,0.009951331,0.09403773,-0.03167078,-0.0035834908,-0.36002284,0.051077537,0.06713454,-0.031420488,0.022640415,0.14796764,0.025036927,0.24520606,-0.21697396,0.04802666,0,0.11646587,0.10943062,-0.14664912,-0.16242424,0.012874097,0.038485996,0.09297688,0.04916456,0.34940466,-0.21004654,-0.040183686,0.0468614,0.15191425,-0.007572472,0.29261968,-0.042058833,-0.28636533,0.1120421,-0.07174134,-0.013040407,-0.21135361,-0.30622673,-0.5294208,0.22820202,0.3358279,0.17082062,0.22342336,-0.2540005,0.11379127,0.017748632,0.18260114,-0.18839312,-0.06061976,0.0282311,0.1059476,-0.02997646,-0.20459652,-0.022890603,0.015092488,-0.17885119,-0.11183405,0.5074727,-0.010576166,0.2783107,0.20731153,-0.18624628,-0.007314086,-0.19782914,-0.19140665,-0.16274458,-0.10334839,-0.07649681,0.43522322,0.054316223,-0.16504684,0.14472577,0.34812003,-0.087813854,-0.17039068,-0.079433024,0.0826752,0.13148566,0.12061376,0.040731296,-0.28963777,0.040727474,0.12268628,0.11646526,0.060960956,0.23122956,0.112731524,-0.07609133,0.016408041,0.08929597,0.13421388,-0.060660847,-0.57543445,0.09122625,-0.11985704,0.074613705,0.35992408,0.11642419,0.046511367,-0.018893175,-0.023484848,0.35232633,0.056790054,-0.3969518,-0.17308822,-0.13743855,-0.07245704,-0.046332605,0.11846553,-0.039522085,-0.2465586,0.058412537,0.1274839,0.27088818,-0.13229448,-0.23483492,-0.29254934,-0.08420824,0.10784888,0.20645067,-0.033224784,-0.36811262,-0.039940674,0.217383,0.08284578,0.30292758,0.02801175,0.11635849,0.042365544,0.3623729,-0.18914212,0.14834835,0.3362026,0.33745113,-0.0572405,-0.20980217,-0.020725913,-0.017749324,-0.16985643,-0.13484448,0.43688023,0.15428726,-0.032447644,0.37038344,0.05011703,0.13140258,-0.059852142,-0.11098608,0.12349705,-0.028460167
"(113.89976719386534, 22.58325537097324)",0.15479583,0.029654535,-0.052587666,0.13133316,0.18281431,-0.15047832,0.31927556,0.09555343,0.10394585,0.2651025,-0.022784743,0.16133246,-0.116390996,-0.1276817,-0.08230692,0.081861004,-0.03863114,-0.03661128,-0.048596013,0.10260989,-0.052944012,-0.037936084,0.07827928,-0.036769405,-0.0048454516,-0.07875047,-0.110319346,0.089959346,-0.15764019,0.17138673,0.15036927,0.15022479,-0.31018767,0.103711806,0.23330554,0.020178774,-0.04941698,0.0006989762,0.12268227,0.14446467,-0.0049917176,0.19271103,0.009694174,-0.096898355,0.064030744,0.114410326,0.09503591,-0.034757096,0.05379977,-0.104838446,-0.07228021,0.06704298,0.00025766715,-0.058883816,0.28863218,0.33403847,0.09734944,-0.17273691,-0.07358673,-0.20328405,-0.16753502,-0.098379284,-0.06343052,0.051514015,0.0068112314,-0.027490001,0.11060865,-0.1340732,0.018812288,-0.08331241,0.056412406,0.07475981,0.008076549,0,-0.13669412,-0.04735412,0.26856026,0.033538215,-0.08369447,0.1440627,0.000447046,-0.10757364,0.1645828,-0.10741891,-0.034867268,0.15365984,0.08339253,-0.21123141,0.055791467,0.014793467,0,0.29007664,0.0062259957,0.07858389,0.06658745,-0.3612327,-0.0046669645,-0.0034534186,-0.10762351,-0.044529255,-0.115917526,0.06411768,0.0014571138,0.2890042,0.17030714,0.14423071,0.108910255,0.20775594,0.151722,0.03924577,0.112009384,-0.075197406,0.089607574,-0.11194719,0.06329674,0.031107739,0.35227308,0.24656433,0.024381898,0.1292128,0.2044331,-0.03295735,0.18618076,0.022561792,0.05570277,0.14529133,-0.16689382,0.056290794,0.07737986,0.36002022,-0.21258323,-0.04611186,0.09732208,0.098157346,-0.076721296,-0.13466795,0.3662016,0.08077204,0.23238823,0.04866848,-0.020000778,-0.07562137,0.048650056,0.11775673,0.15574592,0.09335192,-0.10809966,0.11417566,-0.0971012,0.27350396,0.14166425,0.061396644,0.01481016,-0.054873884,0.10914606,0.17168394,0.044577017,0.27401292,0.22149375,0.28961957,-0.07660422,-0.004985243,-0.025732473,-0.07453576,0.1602728,-0.068082176,-0.058719784,0.16116843,-0.05429624,0.06306621,0.051877804,0.18789966,0.34115687,0.12192924,0.2146464,0.12068826,0.16021375,0.12569588,-0.06627329,0.07405336,0.24464802,0.029247679,0.033268806,0.11667404,0.017642863,-0.019328829,0.1917915,0.047166817,0.13704221,0,-0.037216984,0.1572237,-0.005887313,-0.04210696,0.08387277,-0.11554589,0.2450353,0.030504324,-0.08375433,0.1668677,-0.24837759,-0.07257658,0.024594449,-0.17403291,-0.06707828,0.09732844,0.054032072,0.18206014,-0.01779557,0.007981624,-0.033267796,0.2471631,-0.06857604,0.05817558,0.2191135,0.22766942,0.09355416,0.016422972,0.15164536,-0.074117005,0.06602104,0.1328432,0.29704773,-0.072897404,0.015362192,0.121550515,-0.013441348,-0.08056389,0.019754805,-0.03994716,0.13717209,-0.064678825,0.024478668,-0.13682064,-0.1314947,0.21200012,0.1118418,-0.027557068,-0.06309937,0.08273711,0.22585228,-0.048413187,-0.014109952,-0.16107012,0.06687869,0.13309175,-0.19396737,0.14893752,0.055898547,0.39539716,0.013077125,-0.14829314,-0.055407107,0.18272185,0.17810827,-0.0068002194,0.105177574,0.10234277,0.031173766,0.1685459,-0.008451991,0.18254852,0.15247077,0.009892002,-0.060560543,-0.008669604,-0.1482124,0.095122844,-0.20231056,0,0.025238588,-0.06976576,-0.036389373,0.2418021,0.11350036,0.0814073,0.19630773,0.10686417,-0.07171685,0.03017426,0.12191863,0.15443443,-0.0032075755,-0.12165466,-0.24620906,0.12213288,0.17985955,-0.04364491,0.14771274,-0.055356696,0.13126019,0.012948416,0.15411922,0.0845031,-0.11517942,-0.2096214,-0.10491117,-0.05318609,-0.0883826,0.12518865,0.053672194,0.27871,0.21405151,0.04491079,0.02017374,-0.0073256884,0.018228505,0.199607,0.06548092,0.1268144,0.1371786,-0.12053971,0.1587888,0.08277242,-0.16670829,-0.042173944,-0.14120412,0.18199342,0.11547637,-0.04991801,0.15037233,0.03368916,-0.10917862,-0.045511708,0.23868898,0.094008006,-0.07320159,0.10990791,0.0958121,0.19147429,-0.08907053,-0.05913187,-0.10784469,-0.105578415,0.20350105,-0.10636095,0.098068774,0.12952624,0.19046596,-0.1344249,0.087364875,0.14056931,0.12923978,-0.10047957,0.0276341,0.01241646,0.12567729,0.0559106,-0.052766524,-0.016345385,-0.16176762,0.065749615,-0.01120545,0.12738252,-0.05177187,-0.033786096,-0.07986845,0.18958773,0.07710493,0.01577641,0.14430884,0.04926356,-0.11380415,0.22962834,0.19254006,-0.067759566,-0.15244439,-0.0811425,-0.083507344,-0.058657587,0.13037032,0.034421556,-0.07045761,0.22325563,-0.15313622,0.060177684,0.18965212,-0.053928796,-0.008030396,0.0129654,-0.18285619,0.10024223,-0.11969512,0.08347757,0.2780873,0.07276124,-0.09089721,-0.20268092,0.14543222,0.11974969,0.19062644,0.051407382,0.09022863,0.052697435,-0.20965576,-0.034414917,0.21224572,-0.0634383,0.18112972,0.036510725,0.12847354,0.28907558,-0.07613327,-0.050358385
"(113.90194549090532, 22.56929275925987)",0.14565492,-0.042734265,-0.122753985,0.076546125,0.2002376,0.0056500398,0.200132,0.12417346,0.22068249,0.1967525,0.02114202,-0.05069307,-0.21596242,-0.020497434,-0.15093479,0.06846744,-0.080528006,-0.16095755,0.0051922724,-0.14969338,-0.073448084,-0.06565038,0.11956663,-0.05411005,0.012830768,-0.08662833,-0.087084554,0.025760606,-0.08779867,0.13616529,0.08712849,0.14509481,-0.29413188,0.067686886,0.1334044,0.009819398,-0.0054503977,-0.08177008,-0.05794609,0.0799719,0.042955883,0.13695484,-0.032643884,-0.17931724,0.07290135,0.09770964,0.029004414,0.0009193979,0.0322363,-0.06136501,-0.13520317,0.10906184,-0.048342627,0.032268938,0.3284231,0.20521794,0.05088776,-0.086734705,-0.03680651,-0.17966619,-0.16196059,-0.053874772,0.09050538,0.10033676,0.060952645,-0.09115147,0.22399236,-0.06610993,0.060597472,-0.11360091,-0.04269392,0.17428425,0.020663634,0,-0.1419278,-0.03787503,0.26968437,0.16779596,-0.039641246,0.040345065,0.052701037,-0.0704531,0.11166948,-0.053669825,-0.042216685,0.13283725,-0.011512961,-0.19693905,0.045654573,0.12340486,0,0.2629107,0.026707612,-0.008274129,-0.082795106,-0.32948944,0.021525849,0.13579553,-0.023604399,0.044963796,-0.12331467,-0.05817461,-0.07083623,0.18950255,-0.042917714,0.07954422,0.029900566,0.1829336,0.032694332,0.1477798,0.07418359,-0.119306676,0.13848928,0.056522798,-0.03296932,0.013286055,0.28656024,0.18642664,0.04967858,0.14871973,0.18334614,0.043793626,0.08976657,0.043352105,0.10505568,0.16462108,-0.19021711,0.062065635,0.0774483,0.3249123,-0.14824632,-0.122709446,0.13960584,0.051470097,0.11490284,-0.13163935,0.26500276,0.03157979,0.21569732,0.032839336,-0.07091701,-0.00450404,0.08668925,0.12987149,0.17455298,-0.041792676,-0.13515279,0.14265077,-0.08131699,0.2905931,0.05175214,0.008061312,0.12285884,0.07023114,0.21328115,0.10627648,0.030280232,0.2457253,0.10498605,0.19448005,-0.07337333,0.041008264,0.21365982,0.05836657,0.24900536,-0.0728221,0.05602321,0.17866623,-0.0077703744,0.08495072,0.025962858,0.15803857,0.26211333,0.09069768,0.22414814,0.13457575,0.11577983,0.042612042,-0.089662775,0.079398535,0.10275048,0.025220998,0.06011876,0.14101864,0.047084518,-0.013295751,0.097573005,0.031229196,0.02834073,0,0.07148273,0.11800911,-0.005539125,-0.048871797,0.057705246,0.009461774,0.18389155,-0.011181407,-0.008123439,0.1412822,-0.1993287,-0.015004694,0.024179285,-0.14288749,0.07777072,0.13664609,0.1541334,0.1321438,-0.0032847673,-0.013474064,-0.07082328,0.27696607,-0.018527437,0.13229242,0.36839753,0.21065049,0.12086958,-0.097207345,0.065786235,-0.09077471,0.026816243,0.115833186,0.16346504,-0.07222104,-0.013196316,0.1322926,-0.08741397,0.09502053,0.04423354,-0.014841862,0.26787093,0.00842848,-0.10505227,-0.093650006,-0.22690229,0.052380413,0.062176112,-0.022363447,-0.010836676,0.10037174,0.3433616,-0.022936983,0.0046803374,-0.1939152,0.08017765,0.12435426,-0.26952022,0.089873105,0.0056903437,0.29062903,-0.0012000278,-0.20260176,0.0040649474,0.12970883,0.1033438,-0.0034601018,0.10414812,-0.013343088,0.07766467,0.22608146,-0.09382674,0.13958997,0.1604324,-0.02929113,-0.09487067,-0.1182846,-0.110897705,0.11061546,-0.10141548,0,0.053685434,-0.03240402,-0.100750215,0.1983175,0.062528625,0.083387606,0.11969878,0.10384111,-0.04218868,0.067224056,0.14728267,0.17666167,-0.009317949,-0.124892205,-0.2424581,0.046222456,0.07375332,0.02622493,-0.030460969,0.0040267576,0.066233635,-0.16125962,0.18735428,0.41922683,-0.18345451,-0.11251857,-0.13688834,-0.0779453,0.04953848,0.07721157,0.02332169,0.15506497,0.24496096,0.15114024,0.12921725,-0.0023334865,-0.060004216,0.09483282,0.19825658,0.07279491,0.1475102,-0.05119932,0.10795633,0.14068915,-0.05367984,-0.099380605,-0.01590395,0.11099805,0.072116405,-0.06836539,0.05938732,0.013370482,-0.07649124,-0.024083287,0.08590592,0.18005237,0.10297673,0.011248529,0.17303336,0.16438463,-0.1709364,-0.049629584,-0.035640188,-0.1097615,0.088897705,-0.06867214,0.103521325,0.06153054,0.14201283,-0.14538845,0.11409456,0.07567098,0.16795847,-0.061613783,0.12505096,0.03733465,0.052851666,0.10035341,-0.066472664,-0.12902962,-0.16503577,-0.014239181,0.01770702,0.22536176,-0.08959801,-0.009418004,-0.09391034,0.1910988,0.080320545,-0.1161256,0.16995934,0.03527493,-0.08582735,0.15163718,0.10885873,-0.18917613,-0.13408028,-0.05462138,0.01270022,-0.09576338,0.17816105,0.052760348,-0.12355735,0.20272666,-0.07486259,0.023666665,0.2362495,0.070695415,0.041231025,-0.108270556,-0.17191602,0.15702493,-0.018203013,0.21570654,0.1863369,0.051799957,0.0018271881,-0.24619731,0.28511178,-0.022272676,0.20820376,0.030405946,0.07821895,0.028776363,-0.22222534,0.08168766,0.21616243,0.04423777,0.16251634,0.16332404,0.04744721,0.29759407,-0.07668122,-0.036981784
"(113.90389888177236, 22.60229714422615)",0.07867809,-0.18914737,-0.101202294,0.11288791,0.41467285,0.33869934,0.20430125,0.13883547,0.37816224,0.30342478,-0.024405263,-0.2840295,0.1171979,0.1348311,-0.025278106,-0.1439004,-0.13111188,-0.2597054,0.20916118,-0.09377745,0.33232933,0.04736097,0.11670504,-0.38918892,-0.06651354,-0.11476277,-0.01830718,0.12580964,-0.1340532,0.11355357,0.08714563,-0.025825463,0.02698005,0.31852752,0.06005887,0.13823915,-0.13359535,-0.007861987,0.1346763,-0.081724115,-0.09815588,-0.2864714,-0.12917942,-0.09789269,-0.026016,-0.2837003,0.10942978,0.16125928,-0.14314102,-0.2283338,-0.027674638,0.031016229,-0.02334899,0.012262404,0.1471495,-0.14749993,-0.14836696,-0.044968545,0.06779821,-0.23009071,-0.1869117,-0.106244534,-0.1800475,0.33379352,0.050011575,-0.12234949,0.16955927,0.1388259,-0.03655168,-0.09135701,-0.047103167,0.054544896,0.07321323,0,-0.109532304,0.06573753,0.07449891,0.015513383,-0.3305671,0.2775454,-0.06337735,-0.11622743,-0.19433972,-0.029089697,-0.078750804,-0.21096677,0.073594615,-0.24365723,-0.22607917,0.005445771,0,-0.09208552,-0.030829184,-0.5596893,-0.23599252,-0.0397087,0.001911384,0.02936995,-0.15972991,0.009002764,0.25338957,-0.01230178,-0.19858356,0.033507824,-0.13782659,0.11265941,-0.0044046044,0.28417748,0.13715024,0.020412207,-0.003059173,-0.31039008,0.010661185,-0.00071749464,0.050495423,-0.10276022,0.33603644,0.17204288,0.13790068,-0.034821242,0.27558374,0.20684095,0.19625324,0.29748505,0.10212217,0.11844408,-0.05479624,0.005586898,0.070979655,0.3097103,0.02599681,0.0014570784,0.23614335,-0.011958763,0.12989664,0.30479023,0.03711974,-0.14634077,-0.01652931,0.18204021,-0.056317717,-0.021892972,-0.43139306,0.09923979,0.021240883,-0.4152732,-0.087477036,0.05299235,0.07816527,0.3765943,-0.20972033,-0.06265095,-0.06372316,-0.11093092,-0.07283278,-0.5399676,-0.3078188,0.1631077,-0.060358368,0.22922777,-0.33572447,0.047240943,0.41631734,0.1893422,0.35924995,0.25447074,0.026317185,0.07873277,0.10988705,-0.034530528,-0.019747408,0.05428811,-0.17278796,0.024558242,-0.053263143,-0.18775393,0.03925257,0.032507055,-0.079863176,-0.028747415,-0.080287054,0.11584889,-0.049079366,0.021384006,-0.22814828,0.005073089,0.019494938,-0.124569565,-0.22161788,0,0.08305344,0.11929109,0.022026775,-0.018370945,-0.08988664,-0.2754492,-0.31100422,-0.15805703,-0.24170811,-0.042413812,0.09726086,0.16141582,0.08189583,-0.048982285,0.1302987,0.052008852,-0.1052662,0.033450574,0.14800736,-0.10553762,-0.11147322,0.09391514,-0.1630556,0.15476678,0.557228,0.115883596,0.037495248,0.031421326,0.040850796,-0.106908515,0.07438764,-0.23741865,0.111100905,-0.30571154,0.106583,0.080910146,0.14360677,-0.063052304,-0.0037067272,-0.069660224,0.09215208,-0.09730032,-0.16079648,-0.013291383,-0.2879007,0.052268356,-0.12987171,0.11613698,0.023841284,-0.034781337,-0.13565397,-0.14954247,-0.15077819,-0.049914256,-0.26335284,-0.23685709,-0.2400226,-0.09653373,0.0328596,-0.24264853,-0.041023903,-0.17155004,0.034481987,0.043595992,-0.18154469,-0.053341046,-0.08124743,0.28474218,0.08362414,0.08814498,-0.26585665,-0.1757243,0.24575976,-0.114979796,0.010513175,-0.088353895,0.11720058,0.33240503,0.045727782,0,-0.14455226,0.20328146,-0.12212246,0.2826728,0.02169948,0.07347675,0.119079396,-0.17268807,0.16951716,-0.12773615,0.22255044,0.2774972,-0.01884821,-0.11196968,-0.16227847,-0.09418783,-0.08207232,-0.065564565,-0.20384106,0.11973585,0.01272545,-0.4211781,-0.07214959,0.37370357,-0.15765476,0.025861299,0.12059422,-0.38209412,0.19433306,0.009742569,0.028585935,0.11758052,0.10992442,-0.12577257,0.42634368,0.10420848,-0.22655281,-0.039817147,0.33172312,0.00034204498,-0.10438603,-0.09313755,0.12379732,-0.0027700088,-0.14099783,-0.18062201,-0.24467638,0.022543013,-0.22106713,-0.028281491,-0.0063309297,0.05288769,0.23351495,-0.35640436,-0.13415346,0.39500493,0.09751362,0.3409902,0.0976312,-0.04702232,0.109398335,-0.14349933,0.1992797,0.013296096,0.0077957436,-0.08243817,0.08718811,-0.021260032,-0.059897263,0.054498587,0.024047837,0.080676876,0.25664067,-0.20581865,0.34841084,-0.07771797,-0.0017043836,0.3521436,-0.07015282,0.044533823,-0.049668968,0.10214479,-0.22134334,0.3009183,-0.23693603,0.19736932,-0.17267707,-0.16068561,0.12868544,-0.23548998,0.13393381,-0.0055372473,0.17296065,0.12163771,-0.04307171,-0.12969126,-0.22454953,-0.08509688,-0.057973783,-0.2823389,0.16427672,-0.19597463,-0.28479046,0.5009489,0.08807108,0.13206634,0.3775579,0.07728457,0.06339404,-0.12685412,-0.17516477,0.15965638,0.06556463,0.4081379,-0.16751738,0.3835409,0.0026159885,-0.0030559404,-0.08351159,-0.10692099,0.25434548,-0.21686408,0.007996507,-0.034173608,-0.14252904,-0.07748271,0.12161052,0.05288793,0.28057384,0.013456475,0.08401524,0.06935477,0.11498671,-0.12524524
"(113.90561689579128, 22.579804983925)",0.15865329,0.021652238,-0.11974451,0.14122571,0.21117365,-0.15031132,0.41209728,0.13508087,0.12065321,0.31299365,-0.018183287,0.1238676,-0.21969682,-0.15346827,-0.15724012,0.12432401,-0.06921579,-0.08651655,-0.08155574,0.045528624,-0.09959967,-0.070976384,0.10573488,-0.032596365,-0.009360086,-0.085078046,-0.14979173,0.116253026,-0.22906296,0.23318923,0.153393,0.20694116,-0.44397905,0.061057657,0.27535516,-0.020015648,-0.09431579,0.0031551868,0.106671125,0.12998912,0.0055600926,0.27561727,0.035535738,-0.20154327,0.07923322,0.20160832,0.09784655,-0.061951075,0.09450077,-0.12069054,-0.1528239,0.10059527,-0.05016813,-0.08901726,0.4391975,0.45355174,0.0914658,-0.22609374,-0.094061345,-0.25625294,-0.21926183,-0.11020637,-0.009086896,0.024092942,0.025435418,-0.019004665,0.17827636,-0.18566254,0.04604544,-0.0875089,0.060686357,0.12740356,-0.020851508,0,-0.22121184,-0.04159272,0.33815727,0.08943961,-0.0784446,0.13491845,-0.0021152087,-0.13583279,0.20387599,-0.08536936,-0.068815604,0.23826173,0.0631374,-0.24415585,0.09881605,0.07472463,0,0.42050272,-0.0074051544,0.08201877,0.020267993,-0.52550745,0.04450869,0.019984081,-0.11188679,-0.045649927,-0.23165995,0.011417404,-0.005720582,0.38041085,0.20569207,0.12458789,0.1027599,0.22927317,0.14174925,0.09786251,0.1572211,-0.10662865,0.116123,-0.13529438,0.014558367,0.005644978,0.45235005,0.28307208,0.058769383,0.18140657,0.22816192,-0.07408012,0.17617889,0.01818873,0.12160448,0.18354017,-0.24724811,0.069855355,0.06545269,0.4367245,-0.26222232,-0.12124548,0.12262899,0.11352323,-0.013168037,-0.24810515,0.44577065,0.05834767,0.27844784,-0.00671562,-0.099974975,-0.062457856,0.077120915,0.16259357,0.24467474,0.13231361,-0.16259234,0.2122928,-0.17145577,0.3448362,0.16682293,0.07374186,0.011092886,-0.012960821,0.1555636,0.237001,0.048403487,0.34868556,0.25286213,0.29980648,-0.09490289,-0.05498922,-0.0011383146,-0.049347337,0.21397564,-0.13797216,-0.063934356,0.1740252,-0.1060143,0.14983937,0.024662444,0.25886348,0.45913202,0.1472198,0.36345303,0.19193259,0.19979997,0.14099258,-0.12486251,0.15075016,0.25590667,0.054459535,0.04783603,0.14001703,-0.00015149266,0.021816168,0.2266281,0.036192544,0.1549071,0,0.008769836,0.17740452,-0.042541444,-0.07826383,0.099903695,-0.15354097,0.31797546,-0.0028557405,-0.10185422,0.282554,-0.3305546,-0.05816917,0.017057223,-0.22159427,-0.041082278,0.15211485,0.07886878,0.18852204,-0.053322617,-0.032568686,-0.108269826,0.3658314,-0.0643927,0.06659576,0.25654152,0.2962705,0.1411959,-0.030958228,0.20127946,-0.08344477,0.07906583,0.18474922,0.2772067,-0.12552756,-0.026261937,0.16046004,-0.048434056,-0.04424274,0.017199479,-0.05361999,0.29602185,-0.08991907,-0.01955053,-0.18905109,-0.21219122,0.25407887,0.14574412,-0.06371375,-0.037364736,0.037334785,0.32394162,-0.03746669,-0.029920174,-0.28108823,0.11408006,0.16146016,-0.2905128,0.16105147,0.056775745,0.5256597,0.057840683,-0.21338029,-0.05445163,0.22453378,0.24629539,-0.017190464,0.10603587,0.060007334,0.008132458,0.29341877,-0.05662958,0.1997585,0.19370472,-0.005937308,-0.13876204,-0.096827105,-0.19819054,0.14252351,-0.25512964,0,0.021942183,-0.14205942,-0.08377349,0.31482315,0.12229149,0.13441142,0.15937272,0.15366147,-0.12192855,0.1252174,0.19353878,0.21925119,-0.0055175945,-0.1704218,-0.30918524,0.10565233,0.22286047,-0.04333875,0.15054075,-0.036955208,0.14530551,0.0020265356,0.26910377,0.206871,-0.21001375,-0.28313842,-0.21543883,-0.032496244,-0.076204136,0.1658664,0.012628878,0.3503906,0.29121453,0.14782569,0.049684424,-0.059183314,0.0072363205,0.22767186,0.10989201,0.16497612,0.19264552,-0.18327731,0.17097825,0.13095866,-0.22358252,-0.036879055,-0.13739842,0.19315144,0.14390881,-0.052506715,0.19500425,0.034436174,-0.20544775,-0.041557007,0.28788725,0.15190886,-0.09292946,0.1104248,0.2042962,0.266625,-0.1766287,-0.08934621,-0.1430277,-0.12172077,0.24936447,-0.17017937,0.11025976,0.1438234,0.23564267,-0.17804737,0.11087025,0.1741333,0.18017828,-0.14376897,0.015355885,0.040372647,0.20531465,0.053098563,-0.060550064,-0.09529117,-0.24027301,0.010238197,0.0017743409,0.2257629,-0.07555271,-0.04046108,-0.12226812,0.3382071,0.06644607,0.0061502606,0.20054495,0.03725504,-0.17592447,0.2637006,0.2334629,-0.14103891,-0.20840323,-0.10532032,-0.04222634,-0.060845584,0.23694956,0.071322165,-0.1455884,0.2161704,-0.16292906,0.088350594,0.21680424,-0.07830478,-0.007745024,-0.06830034,-0.18659382,0.09802821,-0.13809401,0.09106882,0.3247023,0.064554706,-0.13780534,-0.3373865,0.25654548,0.12674592,0.262526,0.06596628,0.11493321,0.0815938,-0.33561087,-0.01777941,0.24687825,-0.050070807,0.19394895,0.103509024,0.11156501,0.41579658,-0.1126825,-0.0012464905
"(113.90592732240836, 22.476993517246417)",0.22753972,-0.1610115,0.15101361,0.0037786309,0.03871797,0.12952374,-0.25508037,-0.0630151,0.17106235,0.018961422,-0.03919027,-0.025615398,0.37132478,0.2728751,0.0144991875,-0.11989306,0.018077344,0.10672765,0.42607212,0.35071105,0.5182315,0.038782492,-0.021961685,0.06591682,-0.004194144,0.10188143,0.11721829,-0.09763472,0.09388065,-0.16339651,0.01176697,-0.16126259,0.7819882,0.37986472,-0.0748727,0.021109411,-0.043276064,0.16912782,0.012362521,-0.00683105,-0.2965841,-0.18839645,-0.15233526,0.17378321,-0.19368291,-0.37205437,0.24129108,0.20440353,-0.2742362,-0.109283656,0.15854788,-0.061314203,0.17863189,-0.017043628,-0.59376425,-0.56181103,-0.26213947,0.12517095,-0.09207757,0.03199587,-0.051435973,-0.06462722,-0.13981564,0.3203686,0.058546435,-0.17558047,-0.20328434,0.31266847,-0.045440245,-0.35845795,0.06602683,-0.14004259,0.18943217,0,0.14827432,0.090276435,-0.0028211288,-0.066082425,-0.2305794,0.21619105,0.039303374,0.062491134,-0.09550534,-0.24907264,0.055356625,-0.55898,0.06949705,-0.061627783,-0.25615734,-0.08430975,0,-0.55198747,-0.12633216,-0.15116616,0.0762786,0.66370124,-0.14733064,-0.06405355,-0.008687278,0.01872303,0.6897322,0.2548362,-0.009500194,-0.13434863,-0.05207193,-0.042161703,0.117489725,0.21616471,0.13699886,-0.38145024,-0.20073655,-0.036661502,0.01373782,0.029943932,0.17814684,0.13318114,-0.14434777,0.07026822,-0.15670343,-0.25727493,0.18362378,0.19988474,0.13757603,0.21521106,-0.037328266,-0.036328495,0.20630741,-0.024993494,0.1096732,0.17746913,-0.04605237,0.1168732,0.20325994,0.09211016,-0.043336727,0.5614352,0.05083826,0.008360993,-0.3818893,0.06636875,0.30870923,-0.087640345,-0.2017915,-0.22867131,-0.3218427,-0.3437323,0.08117334,-0.05492154,0.46846622,0.16651024,-0.12908112,0.064032964,0.130932,-0.09204036,0.05151846,-0.47426555,-0.049968928,-0.019301482,-0.12603313,0.1897961,-0.2410661,0.32868835,0.10544452,-0.16197482,0.06521021,0.10163761,0.24867569,-0.13156109,0.20316306,-0.2819947,0.076103464,-0.2395285,-0.603827,-0.13808042,-0.7178337,-0.23007077,0.07011041,-0.017480835,0.17374629,-0.44841683,0.10766576,0.10851284,-0.010780621,0.019749384,0.0059155747,-0.4166082,-0.08224746,0.024105383,-0.26715267,0,-0.12860739,0.23199841,0.14283994,0.060115118,0.074451916,-0.13759911,-0.2772256,0.0028951392,-0.08192168,-0.46079013,0.4018833,-0.016109198,0.025727635,0.14547777,0.16462755,-0.020409614,-0.26384383,0.09569802,0.2674705,0.13432486,0.026873603,-0.44370413,-0.16965407,0.07671637,-0.16079411,-0.4029373,-0.16863269,0.35487115,-0.3732307,0.05108604,0.10868661,-0.4969497,0.3551304,-0.0029875971,0.086096644,-0.18827051,0.5846602,0.028219553,0.08830049,-0.018326715,-0.48597682,-0.2644207,0.31305087,0.31588688,0.1742434,0.13546616,-0.16695186,0.23135728,-0.22780584,0.3941516,-0.37911797,-0.16609134,-0.032967232,0.27569577,-0.13853505,-0.26554272,0.35457164,-0.08258864,-0.020776063,-0.79000014,-0.23846397,-0.081654176,-0.13793807,-0.12435954,-0.31483123,-0.091948114,-0.09196379,0.16017774,0.0149858,-0.5928527,0.09714156,-0.034198828,-0.00934267,-0.025465794,0.2411782,0.07562719,0.24793088,-0.15890062,-0.086584896,0,0.042758252,0.22376221,-0.092172876,-0.1429572,0.07111572,0.020598315,0.12406774,0.0012206398,0.33278325,-0.42364636,-0.17389967,-0.0075636012,0.0067937225,-0.055045515,0.28508106,0.06513243,-0.05906544,-0.027810335,-0.15958698,-0.05563642,-0.18571903,-0.13750325,-0.8150505,-0.19301212,0.5063938,-0.049942516,0.36123767,-0.40914115,0.14092356,-0.043033704,0.36282873,-0.08044031,-0.20223527,-0.26125896,-0.051933233,0.038236767,-0.17170691,0.074606106,-0.10938051,-0.03038007,-0.18795127,0.3874296,-0.004374765,0.029627157,0.012383431,-0.09629469,-0.2961737,-0.15076926,-0.15773472,-0.12587002,0.050715085,-0.015891548,0.6495598,-0.18749309,-0.14343059,0.14850666,0.2165192,0.04872237,-0.38254488,-0.09244695,0.21516606,0.015388617,0.17943734,-0.035890654,-0.18423545,-0.039502688,0.17808983,0.044405762,-0.029188573,0.27336636,0.040337674,-0.04994423,-0.01136145,0.04865724,0.21414974,-0.12052101,-0.4343855,0.14623429,-0.19105765,0.261142,0.34424073,0.20796709,-0.06086448,-0.058242016,0.0011502355,0.43808895,0.0267587,-0.66480464,-0.09829711,-0.1809871,0.007574588,-0.103900455,0.15149857,-0.015467176,-0.07070542,0.17235613,0.10421046,0.30563554,-0.3485539,-0.294387,-0.38724604,-0.31661993,0.33120948,0.43958783,-0.02746358,-0.2299987,-0.0080010705,-0.015022691,0.018212501,0.38383877,0.05644169,0.026868168,-0.04420474,0.32096973,-0.33091885,0.3881225,0.17130615,0.489998,-0.37766007,-0.03259174,-0.084553055,-0.17503704,-0.1887433,-0.16904187,0.56542605,-0.053432055,0.005756513,0.1683196,0.15119204,-0.17952716,0.073473826,-0.30018988,0.06981526,-0.1897192
"(113.90707194722218, 22.591664246736883)",0.12565735,-0.066715084,-0.09607023,0.1392791,0.27405572,0.035759334,0.26344568,0.108210295,0.19956934,0.2844465,-0.020211343,-0.035239954,-0.057404503,-0.0018329062,-0.052939642,-0.034258228,-0.11092891,-0.15722662,0.023540277,-0.077256545,0.049978785,-0.017669778,0.08496172,-0.18566594,-0.013128888,-0.12107995,-0.103145614,0.07495209,-0.104844734,0.16257578,0.13841885,0.07995005,-0.28076136,0.1873057,0.15963364,0.12041706,-0.02985102,-0.050327554,0.10856725,0.07868772,0.05902534,-0.042182274,-0.06356895,-0.06549259,0.07985666,-0.08213238,0.06307955,0.032879066,0.002393715,-0.16975746,-0.09252895,0.06149543,-0.0529073,0.052179728,0.30034807,0.16919443,0.04973562,-0.12526742,0.063312426,-0.20338818,-0.1861129,-0.100141816,-0.06758,0.18368964,0.0046812613,-0.015626077,0.17242137,-0.023593146,-0.027145717,-0.07678671,-0.029606447,0.105214395,0.02387388,0,-0.16886735,-0.011025149,0.21186008,0.041542478,-0.16220863,0.18682915,-0.005083788,-0.11941154,0.01120941,-0.06441009,-0.0381846,0.07686372,0.08252786,-0.27580866,-0.04075274,0.009795241,0,0.15645303,0.011988394,-0.18895237,-0.063097306,-0.31804118,-0.022487741,0.06593406,-0.116490014,-0.0041931383,-0.029290758,-0.015507303,-0.11468439,0.18318881,-0.052408673,0.16146035,0.046046004,0.20998314,0.14062177,0.09802847,0.024342839,-0.20290022,0.063251264,0.0010653771,0.06934368,-0.003168269,0.4135559,0.23863837,0.091167755,0.10896002,0.21407191,0.11625115,0.2048612,0.1337257,0.029394219,0.13756621,-0.13156429,0.03349189,0.09059647,0.32531342,-0.07119383,-0.005340347,0.12536544,0.023272596,0.020791754,0.054240078,0.14746723,0.0016747676,0.22139135,0.11357043,-0.10847847,-0.03134423,-0.1269322,0.19325763,0.11155022,-0.124097854,-0.11281087,0.047465082,-0.08549768,0.30930668,0.047358427,-0.028382197,-0.045625404,-0.08224058,0.052936856,-0.08926757,-0.05191745,0.17679438,0.12078314,0.27804083,-0.14664194,-0.022343561,0.22706302,0.08564815,0.26415002,0.06952995,-0.068448246,0.2188897,-0.0022067279,0.04578656,0.032251008,0.18837301,0.20195714,0.10652572,0.10297382,-0.013784669,0.09493843,0.04637325,-0.072547786,0.08363991,0.070812084,0.029754564,0.014218811,0.11089153,-0.0707323,0.0088995285,0.10920746,-0.022021772,1.3232231e-05,0,0.041650694,0.08902451,0.009065339,-0.057743922,-0.06456652,-0.105273925,0.02314765,-0.035944812,-0.14916627,0.0830785,-0.14586616,0.0341151,0.0519344,-0.13319752,-0.032557845,0.06829378,0.034949332,0.13944907,0.040843524,-0.03446673,-0.056152105,0.22205685,-0.057640046,0.15589686,0.45399013,0.25031072,0.09267767,-0.027542688,0.10456337,-0.108168006,0.01829092,0.045601793,0.190746,-0.14506395,0.031812105,0.17964889,-0.023008388,-0.046894707,-0.017167747,-0.042168535,0.12380445,-0.03027251,-0.11913613,-0.12765822,-0.2435256,0.06546779,0.019829717,-0.027412523,0.03687577,0.026300773,0.13856287,-0.083886296,-0.058978543,-0.14611197,-0.09405495,0.05800365,-0.27739376,0.056714565,0.010555025,0.23789902,-0.003878452,-0.1235197,-0.020825371,0.13412604,0.038589202,-0.00012117624,0.05044636,0.15320024,0.10196318,0.170762,-0.14556216,0.016769089,0.21243823,-0.048316404,-0.058115173,-0.046984386,-0.117243946,0.23544633,-0.043527395,0,-0.027256839,0.09087714,-0.036870733,0.24849308,0.04276645,0.0743924,0.17683634,-0.023020856,-0.014778949,-0.06145099,0.14648835,0.16074525,-0.03030216,-0.10659334,-0.3011248,0.024285484,0.09257372,-0.044498235,-0.058820404,0.03503736,0.08482297,-0.16093944,0.16025521,0.2744411,-0.2080783,-0.08413754,-0.024998983,-0.17175594,0.032265022,0.0563747,0.0036655497,0.22788444,0.18920131,-0.010958254,0.21670468,0.08437822,-0.050830435,0.025224663,0.25547045,0.06525517,0.034300882,-0.1688002,0.15877157,0.023028104,-0.108597025,-0.11346483,-0.12821537,0.15553835,0.012786467,-0.0052607507,0.002762787,0.051607978,0.008475501,-0.17056817,0.0432745,0.2091581,0.06664374,0.16579425,0.09811464,0.100180715,-0.053354207,-0.050094686,-0.014132272,-0.0573349,0.15758869,-0.06625349,0.09398646,0.051150393,0.050441302,-0.14587726,0.057844378,0.09210094,0.17416136,-0.12567921,0.16291483,0.0018974394,0.15426308,0.21241249,-0.059572197,-0.01701114,-0.17481607,0.06250459,-0.0950014,0.1793471,-0.11888302,-0.020311706,-0.13832499,0.061915,0.16950026,-0.15226239,0.15270722,0.060702033,0.006077541,0.16616575,0.11153194,-0.15188278,-0.19623286,-0.12460309,-0.034247916,-0.15864977,0.18083179,-0.063966565,-0.18512315,0.32701787,-0.0403618,0.101747856,0.33131665,0.048300248,0.019052241,-0.12270333,-0.18594737,0.15783264,-0.02247841,0.20468707,0.13998646,0.19581456,-0.03563068,-0.20701802,0.105128154,-0.009096476,0.25698277,-0.07934178,0.075651616,0.019752428,-0.20286384,-0.05730725,0.2523499,-0.05065719,0.23474964,0.03247573,0.11487095,0.19765985,-0.011583336,-0.09298342
"(113.90942884362366, 22.54658663539341)",0.056184366,0.21093214,0.047635514,-0.028780201,0.0060542845,-0.032013927,-0.21706639,-0.019387636,-0.013236731,0.17027949,-0.09859861,0.20895451,-0.0033479035,-0.09116249,-0.31831646,-0.017775442,0.283832,0.32693782,0.13294235,0.4305086,0.108109124,-0.07754888,-0.09428995,0.26470372,-0.023916934,0.123441085,0.06259913,0.03708551,-0.103238285,-0.19420756,0.0079755485,0.12355757,0.4687665,-0.16888545,0.16064863,-0.30472562,0.0955918,0.09006746,-0.17548674,-0.054300636,-0.28515851,0.55144,-0.24332613,-0.07394529,-0.16513735,0.054299958,0.16296992,-0.22012316,-0.30329296,-0.021963118,-0.023210019,0.1004584,0.029745664,-0.08119303,-0.38539788,-0.04385889,-0.09004941,0.3325187,-0.21329992,0.043823883,0.13041049,-0.027579177,0.0066231303,-0.16467424,0.0046210103,-0.078310855,-0.27174377,-0.048568025,0.119265586,-0.18527344,0.065232016,0.13879569,0.018452093,0,-0.2281741,-0.0031628124,-0.020380523,-0.076788284,-0.14121157,-0.053533114,0.16674621,0.1342653,0.2893064,-0.29880726,0.0869766,-0.04233923,-0.11376808,0.07926888,-0.13741624,-0.14076522,0,-0.05448956,0.01798252,0.32635984,0.16990367,0.17578882,0.008336854,0.012238815,0.21574296,-0.15184563,0.16570342,0.1723206,0.12552388,-0.011730745,0.24372832,-0.0962749,0.38854682,0.23806706,0.08232654,-0.31120723,0.06545147,0.08951568,0.061216243,-0.1948733,-0.18568277,0.3078978,0.0072613372,0.17504026,-0.2600629,-0.22625315,0.2536084,-0.019824957,-0.019477475,0.18607424,0.091279246,-0.15291372,0.08612582,0.056180146,-0.03764198,0.12900305,-0.35466483,-0.10853311,0.13077134,0.03907296,-0.18861383,-0.15248261,0.39442396,0.1113264,-0.10149798,-0.19095236,0.349836,0.047088943,0.356301,-0.14555553,-0.15287733,-0.078765064,0.023692718,0.1109426,0.49014103,0.22633156,0.27448916,0.20657629,0.25249612,0.04948066,0.33288145,0.29488102,0.15963654,0.07092301,0.28379178,0.11716837,-0.20138115,0.44910505,-0.3345,-0.32552105,-0.08250332,-0.04148978,0.22103205,-0.037522927,-0.14424868,-0.25181895,0.04178948,0.14799936,-0.2620122,0.004028797,-0.2275895,0.15357077,0.1760801,0.035419233,-0.027158417,-0.18484628,0.49073252,0.09659018,0.17160133,-0.048619725,0.31088248,-0.38318968,-0.014926426,0.0957799,0.1573,0,-0.119998306,0.027983822,0.15041915,0.22837827,0.24093062,0.058499023,0.18969117,0.17296109,0.099706665,-0.12075129,0.10047111,-0.1468496,-0.11660441,0.010752337,0.13977088,0.04391338,-0.10365231,0.2212727,0.15005746,0.19242182,0.008656278,0.007890498,0.1744415,0.006339566,-0.4773114,-0.369354,-0.04875593,0.257708,-0.1517807,-0.15255511,0.06967674,-0.13703002,0.3159679,0.34205237,0.07870282,0.023361713,0.43048882,0.0035604462,0.25816897,0.0039569214,0.09920485,-0.3379722,0.2844974,0.25677603,0.29778284,0.26411515,-0.03154372,0.14200076,-0.39137757,0.21915951,-0.23852351,-0.14437272,0.14486067,0.15200607,0.2191799,0.030472152,-0.069528475,0.19276185,0.040205188,-0.23120801,-0.1922561,-0.20226192,-0.18745027,0.07718688,-0.0046630576,0.033204146,0.25894123,-0.07209157,-0.20624194,-0.35206333,0.112245,0.45380923,-0.05903181,0.07093377,0.12327711,-0.102151856,0.16769108,-0.09878859,-0.21290618,0,0.20248052,-0.09619371,0.04524686,-0.22511202,0.3620677,0.058554195,0.044793714,0.082582936,0.1725406,-0.11391881,0.019060805,0.021708619,0.19134688,-0.042623155,0.33603987,0.08614172,-0.010248434,0.021847207,0.32644975,-0.17355901,-0.23793542,0.19183676,-0.6015493,-0.0619001,0.37876797,-0.041687675,0.21493992,0.032756828,-0.08593999,0.27657622,0.18957229,0.106984496,-0.065999165,0.32174516,0.016827874,-0.25000626,-0.1323467,0.20562664,-0.18745476,0.21884647,0.06375997,0.5224907,-0.032209612,0.3181863,-0.031010136,0.10373958,-0.086811334,-0.27097198,-0.027158145,-0.25742176,0.16885129,-0.13031374,0.178427,0.24429569,0.34010002,0.12359704,0.048333667,-0.10946885,-0.14864987,0.11046432,-0.18323277,0.2703205,-0.18804437,0.110037185,0.06363726,-0.19959438,0.21317276,0.31790686,0.32357514,0.123753965,0.3578579,0.104460485,0.08158387,0.07436825,-0.15266842,0.020816222,-0.29314336,-0.08605428,-0.15769401,0.28953105,0.3863409,0.24524795,0.38694543,-0.15475382,0.1787667,0.31968483,0.112743095,-0.14001678,-0.25951812,-0.1634484,-0.08214616,0.030534426,-0.13063897,0.10553403,-0.12232802,0.15515815,0.14535847,0.49820808,-0.17776535,-0.26111874,-0.30590883,0.055288978,0.06650601,0.2197802,-0.18385619,-0.58168006,-0.10639867,0.04318243,-0.010162067,0.45205438,0.09223266,-0.0022853576,-0.12669632,0.319824,0.015129879,0.23712899,0.2330071,0.041652024,-0.28958887,-0.011188929,0.069825016,0.246049,-0.30805874,-0.1875142,0.41093498,0.14188927,0.052371852,0.47667843,-0.09919857,0.026552979,0.053600032,0.036008008,0.0077725723,0.17599377
"(113.91064645130498, 22.58087459052972)",0.1812191,0.03942509,-0.07810745,0.15665953,0.23397359,-0.1174739,0.32098687,0.089182146,0.09235269,0.29660434,-0.03908837,0.12268761,-0.027569294,-0.096497655,-0.075580575,0.05814478,-0.05530028,-0.07704366,-0.092133865,0.0146631785,-0.15776095,-0.12362796,0.04118059,-0.002807796,0.0019734614,-0.07327604,-0.20499498,0.1038991,-0.09574555,0.20006211,0.14112279,0.20603475,-0.38789752,0.006329635,0.20927343,0.014239872,-0.01834903,0.0058493167,0.03289191,0.136866,0.07333528,0.17156938,-0.034474775,-0.092811756,0.12920862,0.06542335,0.02364596,-0.078149006,0.07714874,-0.15844187,-0.13726369,0.10826455,-0.08565676,0.042905368,0.3023804,0.35709372,0.14884064,-0.09881615,-0.028354246,-0.060643204,-0.13377556,-0.08689108,-0.03224444,0.04210776,-0.023213174,0.081565484,0.094574854,-0.11581044,-0.013304599,-0.06855278,-0.002386868,0.14428514,-0.039349183,0,-0.23809355,-0.019007195,0.29125693,0.09598357,-0.019659907,0.05498112,0.05609433,-0.10353021,0.176351,-0.08032073,0.022742052,0.33263272,0.020667523,-0.304417,0.120561324,0.0536963,0,0.27342412,0.0067834333,0.048571087,0.04843461,-0.5203726,0.01818125,0.103602335,-0.012120819,-0.111637935,-0.22591586,-0.03194774,-0.035403203,0.28323877,0.0761385,0.1483075,0.10679892,0.17734031,0.10486805,0.115015626,-0.0059019653,-0.064828075,0.12274594,-0.022445366,0.07708994,-0.023987971,0.47679585,0.27329805,0.05566635,0.16898555,0.08322972,-0.011092203,0.15545464,0.05607514,-0.001866674,0.10973422,-0.14433636,0.053024787,0.099801265,0.34465423,-0.15912873,-0.021964418,-0.04434158,0.06764087,-0.039745092,-0.13140433,0.23882166,0.050758194,0.37701645,-0.0030368958,-0.11166404,-0.014209468,0.088873744,0.21535671,0.10052623,0.1342706,-0.14944871,0.17155488,-0.16823934,0.20755133,0.3263905,0.05403757,-0.07429619,-0.007123217,0.061933342,0.20959517,0.12767982,0.17521185,0.26718754,0.29036582,0.003643535,-0.091219366,0.048672922,0.0029359274,0.16542168,-0.009059472,-0.12633528,0.24200656,-0.053755805,0.1498241,0.03644024,0.33405927,0.3768464,0.17715776,0.21371417,0.16660309,0.14870648,0.043191317,-0.041416936,0.1554124,0.15244982,0.009690605,0.09723559,0.19238085,0.010485701,0.025963832,0.13804105,0.012814252,0.10753898,0,0.053368185,0.14668593,-0.072878055,-0.073421575,-0.038570277,-0.0027206969,0.21357252,0.011936195,-0.09540659,0.17684439,-0.30655256,-0.060790062,0.020171044,-0.1943898,-0.057038277,0.06710251,0.0866853,0.21691704,-0.08616317,0.02631333,-0.09685637,0.33320853,0.0008905083,0.119016096,0.3021736,0.2700288,0.10593209,-0.07962678,0.0864869,-0.054145597,0.032867335,0.197449,0.15652287,0.0033150576,-0.06505823,0.24108775,-0.10336751,-0.0568823,0.04215672,-0.030806497,0.23507738,-0.055290964,-0.00347413,-0.1548904,-0.24191548,0.13926786,0.10897891,-0.13505372,0.04288633,-0.0041122213,0.2700009,-0.051130928,0.03200917,-0.2208062,0.060497846,0.19669011,-0.32494736,0.1460732,0.0594665,0.49394864,0.07222148,-0.1723223,-0.060981736,0.16582894,0.16135672,-0.0034760013,0.15240125,0.06622955,0.028998896,0.23573905,-0.075126044,0.15884742,0.1478765,-0.0374498,-0.15558413,-0.057311866,-0.26906532,0.17693807,-0.16545753,0,0.09914995,-0.0026531275,0.017448487,0.12326869,0.16846529,0.10269352,0.18585153,-0.012082096,-0.08381031,0.032774348,0.1287961,0.090283945,-0.026385434,-0.08714536,-0.36685956,0.061660565,0.20341489,-0.037535645,-0.04225129,-0.002455322,0.09112124,0.0113109425,0.20882848,0.20244594,-0.17188348,-0.13598195,-0.17860381,0.03462019,-0.08317675,0.113904536,-0.025345555,0.28392392,0.24432817,0.18336526,0.091425985,-0.045219496,0.04941996,0.06683321,0.1757523,0.12801227,0.124023646,-0.15817705,0.13638735,-0.00050357194,-0.015481576,-0.020726182,-0.07342732,0.19448268,0.1961546,-0.010720693,0.007414043,0.04264787,-0.14416456,-0.025322497,0.24498644,0.13343528,-0.020011641,0.0108187795,0.18520516,0.23711523,-0.25200614,-0.018663181,-0.124284185,-0.0691743,0.3141726,-0.08640259,0.10099698,0.108464845,0.14647165,-0.23771794,0.11305954,0.13518053,0.14494881,-0.06584652,-0.022937164,0.08938801,0.25922316,0.1291155,-0.020711638,-0.10497696,-0.2119657,0.024432357,0.019685179,0.14943579,0.03169339,-0.09793099,-0.09480821,0.2346852,0.1317665,-0.099306986,0.24766874,0.05270762,-0.08179173,0.16868263,0.18836841,-0.26244962,-0.09827875,-0.10562408,0.03629143,-0.06455036,0.20110092,0.098151244,-0.18618089,0.22846973,-0.062043868,0.08898646,0.26359603,0.047699463,-0.054723706,-0.0898657,-0.2211651,0.09066765,-0.1099576,0.13500792,0.26707527,0.08034082,-0.093412645,-0.27965444,0.21588829,0.07800192,0.25407398,-0.032244466,0.13552038,0.0030453056,-0.20737892,-0.05070126,0.25164804,-0.09202579,0.15786377,0.0012606271,0.0726798,0.3303696,-0.08545769,-0.0374853
"(113.91107610424166, 22.761267159527428)",-0.16871887,0.23058677,-0.1375764,-0.013385052,-0.22449034,-0.28543067,-0.22180797,-0.008340023,-0.2415626,0.04085067,-0.001399748,0.2865814,-0.6205852,-0.072840646,-0.34039503,0.032808457,0.22215666,0.381007,-0.0368368,0.11844809,-0.22122371,0.095754206,-0.018105522,0.32482523,0.15308009,0.071055844,0.15839282,-0.09760741,0.029609416,-0.21426788,0.09041852,0.07449192,-0.07646924,-0.08916742,0.28560725,-0.17760344,0.39028016,-0.2487575,-0.043361325,0.012661308,0.10209102,0.6276292,-0.06686798,0.110558964,0.022910662,0.3513931,0.074484564,-0.40411338,0.02089835,0.26996443,-0.1297085,0.15139888,-0.054961223,0.09672577,-0.11777101,0.36087313,0.07911388,0.10912938,0.06124272,-0.30452713,-0.047111016,-0.021443624,0.27679494,-0.34775764,0.02195669,-0.054507263,0.06351473,-0.24189655,0.19577903,-0.07866712,0.005396001,0.27130774,0.027767204,0,-0.29530555,-0.1840881,0.070633054,-0.08027745,0.04026425,-0.00041974336,0.25006798,0.1680633,0.522326,-0.44841385,-0.012149196,0.23063293,0.061864197,0.14262378,-0.04154849,-0.1967844,0,0.3036254,0.13745865,0.8587127,0.23666465,0.18027045,-0.09486828,-0.012748316,0.17569941,0.27064452,0.0074872375,-0.0055614486,0.37981698,0.11929105,0.213666,-0.04087606,0.3820171,0.10346383,0.13373913,-0.028843224,0.3060462,-0.021997474,-0.1423038,-0.047144882,-0.14645295,0.7628331,-0.0021961317,0.4157046,-0.14392439,0.03288048,0.51601624,0.13415205,0.10846907,0.15077451,0.024244824,-0.11144948,-0.17159058,0.09423269,0.0303834,-0.07548655,-0.3996174,-0.20338176,0.19147299,0.17486016,-0.27396676,-0.39029676,0.39995903,0.45466247,0.0035545938,-0.06380562,0.12369801,0.020832874,0.8017882,0.019522123,0.22145319,0.05096057,0.07950758,-0.3646755,0.12922291,0.33966425,0.16426165,0.12690622,0.35649478,-0.05254115,0.6606018,0.86373323,0.45090285,0.016907468,0.5092103,0.15777208,-0.13089466,0.51641166,-0.4498846,-0.219789,-0.11415075,-0.21172518,0.007981462,0.32800323,-0.437065,-0.2745966,0.15077177,0.03937839,0.057874158,-0.011945665,-0.22173788,0.15103537,0.18614067,0.103043444,-0.18152717,0.1973741,0.5603027,-0.022376277,0.097759604,0.1408009,0.49785236,-0.4619254,0.141498,0.24357691,0.5235432,0,-0.18069412,-0.36950245,0.37874776,0.19504282,0.116642244,0.3487945,0.63754,0.47839344,0.23153503,-0.06782428,-0.14678869,-0.118772864,-0.107069366,0.03803011,-0.38860935,0.10272278,0.2398794,0.111407384,0.2977471,0.27928454,0.2361008,-0.015293503,0.5607432,0.12147649,-0.5120918,-0.11122303,0.16886286,0.27067637,0.099218614,-0.3123406,-0.17155212,0.12311954,0.5161089,0.4097423,0.04819869,0.11260658,0.16435318,-0.007805316,0.10126219,0.13794637,-0.076620296,-0.012858962,0.031412125,0.06663231,0.48228145,0.09244287,0.16149867,-0.047731996,-0.46613467,0.45974764,0.05326234,-0.034000374,0.16821752,-0.005123973,0.22056639,0.48739073,-0.18107985,0.34660104,-0.39721748,0.31948274,-0.2937228,0.080675334,-0.3211841,0.34261042,0.39211154,0.2806072,0.35250688,-0.2934662,-0.031587556,-0.3453609,0.29047656,0.46536046,0.076777115,0.32892066,0.11083354,0.072112486,-0.1540282,-0.36399695,-0.06248377,0,0.16858923,-0.23882791,0.03794851,0.027326971,-0.18286237,0.16449448,0.13509443,0.67880183,-0.041070454,-0.1852085,-0.13045739,-0.13510269,0.3221956,-0.0920659,0.23248325,0.15798953,0.09159069,0.10788818,0.79709136,-0.23997645,-0.17994913,0.4581629,0.02953364,-0.11601197,0.13736442,-0.20723057,0.08533476,0.0068487525,-0.2926397,0.30141538,0.07871276,0.40700495,0.018989265,0.20201693,-0.2011855,0.010832144,0.12142676,0.14828713,-0.11631864,0.016448341,0.10471286,0.33434635,0.23987767,0.71149,-0.13781749,-0.1025014,0.12054298,-0.044515442,0.07989259,-0.08465018,-0.0046466514,-0.13538289,0.014943514,0.44779748,0.21982834,-0.21557859,0.3411163,-0.1656701,-0.43654835,0.17454207,-0.03639056,0.6344064,-0.6492935,0.081950925,0.0046372265,-0.11841742,0.22042769,0.5157083,0.36152375,-0.15687075,0.21603242,-0.053273015,-0.13360628,0.066415824,-0.31007767,0.026771396,-0.26053026,-0.24357289,-0.27882665,0.2906052,0.24026106,0.15878622,0.33734927,-0.4872939,0.06844885,-0.04670741,0.048622757,0.030668888,-0.2112974,0.06400217,-0.4097373,0.20721774,-0.38322946,0.17298621,-0.015909836,0.46647266,-0.09329035,0.2577829,-0.2616067,-0.19228105,-0.26009798,-0.08418863,0.26633263,-0.20307255,-0.53397506,-0.7818596,-0.17553985,0.00074118003,0.08823727,0.39636117,0.26438183,0.17010282,-0.16678888,-0.24133538,0.6077051,-0.012977388,0.3961892,-0.39236158,0.058076143,-0.12460594,0.26364622,0.47103226,-0.32875335,0.019534543,0.39403456,0.12664364,0.4247892,0.4056827,0.027574092,0.32885432,0.15760928,0.050533645,-0.021610789,0.19501476
"(113.9112302940396, 22.538966393985053)",0.0536814,0.15636241,0.0030460171,-0.02815594,0.0725926,0.04107767,-0.16019753,0.01519319,0.05867973,0.17138048,-0.08098039,0.07952866,-0.028717145,-0.07089805,-0.27453637,0.0019653775,0.23000485,0.19621298,0.08995093,0.24078129,0.034255333,-0.06903355,-0.03402567,0.16934061,-0.0004359223,0.06432143,0.036079504,0.041410487,-0.07232727,-0.11661416,0.028140102,0.13189761,0.29252613,-0.14081523,0.14818564,-0.22178945,0.10865981,0.012644932,-0.18349709,-0.03736802,-0.18308058,0.43746167,-0.2309986,-0.11267033,-0.09260183,0.073058166,0.101833105,-0.18134388,-0.2304467,0.0021984,-0.04227464,0.11416681,0.0066382103,-0.022211432,-0.21576297,-0.010729466,-0.05559188,0.30321425,-0.16295344,0.02211041,0.105076075,-0.014868925,0.019876149,-0.12032534,0.024231773,-0.103587545,-0.12528066,-0.055158935,0.11085375,-0.14064972,0.009674616,0.16203286,0.010133721,0,-0.21187292,-0.0047782473,0.030797485,-0.0020741597,-0.08726317,-0.08189964,0.14203571,0.09153561,0.21175292,-0.22094874,0.066771105,0.00097655505,-0.12963763,0.046846084,-0.08189412,-0.10148648,0,0.011249118,0.057012126,0.23045431,0.076587066,0.07806884,0.03521138,0.08601101,0.19357078,-0.12792546,0.088832155,0.09027069,0.045452405,-0.0041115656,0.1512476,-0.048027396,0.2797772,0.20022087,0.04777094,-0.17403501,0.08774907,0.054094404,0.06479683,-0.0938737,-0.18319945,0.2305786,0.016296001,0.1448955,-0.1846045,-0.13357677,0.22474135,0.0048848777,-0.031049188,0.14553447,0.08482245,-0.1099329,0.019610498,0.06062014,-0.009100355,0.11399405,-0.26171312,-0.11456042,0.13092364,0.018992774,-0.08923152,-0.17159216,0.32708767,0.107036114,-0.019207798,-0.12314641,0.25686693,0.055728544,0.2868508,-0.06745783,-0.08696427,-0.04840657,0.0010856222,0.1051275,0.34142876,0.20985574,0.21940263,0.1405631,0.2318193,0.09097348,0.3168179,0.2176021,0.08056152,0.09821951,0.22929686,0.10213919,-0.12911397,0.3599276,-0.1597967,-0.1815824,-0.018477947,0.010263624,0.1858071,0.013829246,-0.07221238,-0.18878052,0.028216345,0.15117669,-0.1462125,0.0033162385,-0.085183844,0.15845388,0.14360423,0.015965603,-0.059629835,-0.09453196,0.34345627,0.07505987,0.14258298,-0.020512044,0.26540938,-0.2547074,-0.03585098,0.06444601,0.08315947,0,-0.05983504,0.026787408,0.11385268,0.18614133,0.18565503,0.07117876,0.16371639,0.14465547,0.09458852,-0.039129928,0.04042393,-0.115299284,-0.09096762,0.029811995,0.15689805,0.0374154,-0.018810108,0.18131797,0.10558135,0.13436842,0.023316436,0.067765065,0.13257307,0.052229926,-0.22640526,-0.21431221,-0.010469975,0.134265,-0.110328905,-0.16624874,0.044022527,-0.08941088,0.23953883,0.27685362,0.05515473,0.056754183,0.24208897,0.050694436,0.20894864,0.015975542,0.21249072,-0.22448951,0.14544119,0.21329236,0.16302367,0.1421421,-0.021890786,0.111384735,-0.3048928,0.16539744,-0.09183959,-0.094386205,0.13919538,0.07755971,0.20409584,0.012380414,-0.16331422,0.16365063,0.044543277,-0.14246295,-0.13908958,-0.21959797,-0.11815129,0.08092653,0.0077955797,0.031197958,0.25985068,-0.07872527,-0.13890351,-0.18666705,0.036066525,0.39016154,-0.032454398,0.036931157,0.07134341,-0.114513904,0.1285975,-0.03744942,-0.13801542,0,0.17700133,-0.06170363,0.021529838,-0.14370942,0.3215966,0.0486769,0.06790611,0.031530377,0.12917063,-0.03297079,0.06268744,0.059815254,0.15083247,-0.041357324,0.21186481,0.061443754,-0.047779117,0.039939184,0.22734822,-0.1149666,-0.16224226,0.043121994,-0.40437695,0.13314377,0.22054085,0.021445327,0.17484164,0.017583415,-0.058879852,0.23580873,0.13181965,0.058726452,0.0052658916,0.30672047,0.082330376,-0.19463675,-0.14368007,0.13950576,-0.089576975,0.1246356,0.053387467,0.38594246,-0.021296792,0.29612657,0.01718475,0.045253463,0.010224372,-0.1871484,-0.0410755,-0.22183466,0.11362036,-0.09970422,0.09673807,0.20422554,0.2522491,0.14624788,0.10378241,-0.10862395,-0.031608596,0.107096046,-0.18453744,0.21671027,-0.12443558,0.073816165,0.03318461,-0.15298438,0.16819628,0.25858775,0.2812229,0.08275367,0.31831422,0.09428384,0.08746843,0.06509927,-0.10420033,0.030332431,-0.24411982,-0.027737182,-0.1035993,0.16425227,0.26114193,0.18198366,0.3212574,-0.06886815,0.12989148,0.23305595,0.06869109,-0.027383264,-0.16939402,-0.17574789,-0.030018859,0.040840663,-0.10389085,0.1090614,-0.11163587,0.030488119,0.096282594,0.37866166,-0.10189997,-0.22891414,-0.23202512,0.100522794,-0.011344008,0.20741352,-0.13543585,-0.45221055,-0.024899054,0.107397914,0.0034421869,0.32383043,0.04445551,0.0385996,-0.09103384,0.31041047,0.04227358,0.1694228,0.21381299,-0.010141118,-0.11484885,-0.033374246,0.07273441,0.19542812,-0.22641689,-0.12728591,0.23781386,0.14805157,0.06600361,0.41600063,-0.07541888,0.097709134,0.0378494,0.11261935,0.008642044,0.16736427
"(113.9113488646957, 22.515326072163145)",0.014476031,-0.036822036,0.05696628,-0.04678598,0.24262486,0.3595456,-0.28535914,0.026720157,0.2593814,0.012564585,0.014600955,-0.2013658,0.24857432,0.17090955,0.04266485,-0.080730975,0.1538785,0.028404646,0.23211153,0.06040797,0.08222889,0.018599788,-0.0030077808,-0.059740096,0.06847054,0.09316082,0.09660006,0.027049206,0.11496118,-0.18667783,-0.05645218,-0.054965973,0.6290253,0.022801155,-0.10034474,-0.0758282,0.068571225,-0.10883869,-0.19232032,-0.14021397,-0.2100991,-0.08993744,-0.22407487,0.045395933,-0.08751507,-0.16958818,-0.018710248,0.02443501,-0.21576148,0.11680332,0.14749926,0.105523296,0.073896095,0.10379965,-0.5143717,-0.44780263,-0.15229194,0.38509628,-0.0545307,0.10045789,0.10236454,0.038027298,-0.07180989,0.064942,0.10047141,-0.24355084,-0.06256713,0.22933242,0.0917781,-0.10453774,-0.076919556,0.0982326,0.12354316,0,0.09568209,-0.013987612,-0.105846465,0.058548994,-0.03925349,-0.093541,0.16627216,0.15061067,0.0027658157,-0.223959,0.08320561,-0.17270917,-0.08521266,0.02829989,-0.18697879,0.009887107,0,-0.41832832,0.018329643,-0.07987326,-0.10183869,0.53063935,-0.042677276,0.10529883,0.20825826,0.03888895,0.48575428,-0.0335996,0.04612491,-0.28054553,-0.08270098,-0.05270958,0.08906065,0.19124,-0.026106253,-0.06535207,-0.068939105,0.058071267,-0.056173608,0.18864143,-0.051446684,0.094622254,-0.24378394,0.08497259,-0.035623323,-0.22300485,0.09751807,0.18110177,-0.04266462,0.2944591,-0.0413452,-0.107486114,0.17563017,0.022499602,0.087969355,-0.07718896,-0.060167257,-0.03763275,-0.014573469,-0.028566964,-0.007730037,0.28347793,-0.0029331818,0.02741782,-0.19325715,0.10878187,0.3753532,0.07671364,0.05363837,-0.21635339,-0.27364674,-0.30228546,0.056693017,-0.06952956,0.37747806,0.021485427,-0.0975716,0.07005409,0.21604243,0.10575387,0.08175652,-0.23764907,-0.03192818,-0.083067864,-0.052551754,0.022599258,-0.11409788,0.39596957,0.13570079,0.04012311,0.011209533,0.33247337,0.19204955,0.008037463,0.17340533,-0.27701837,0.05544986,-0.18058431,-0.61275256,-0.08583979,-0.4737411,-0.06770004,-0.023739621,-0.034433033,0.095089115,-0.15327004,-0.056936212,0.048868157,0.06908508,0.12257794,0.11816747,-0.22304964,-0.15642938,-0.00064441,-0.11986177,0,0.035604443,0.013243966,0.11242486,0.19174136,0.013293758,0.22481064,-0.19229122,0.1312167,0.19448532,-0.35859087,0.22171849,-0.0074718595,0.020283489,0.13994357,0.15559247,-0.09818624,0.007979572,-0.06422706,0.22996125,0.19577202,0.03820417,-0.2210887,0.046279512,0.07957265,0.041493483,-0.3079906,-0.041622013,0.05673509,-0.21819541,-0.06242603,0.026791539,-0.2979562,0.08059455,0.20904842,0.09174438,-0.1326333,0.18830568,-0.0049442938,0.2027627,0.113931745,-0.1103764,0.042687874,0.07996556,0.37550303,0.12437995,-0.1184192,-0.16319919,0.16340147,-0.24648678,0.2087363,-0.19237307,-0.068679,0.11544876,0.3077119,-0.06847292,-0.21092239,-0.08125207,-0.05768766,-0.07860149,-0.62346727,-0.19731265,-0.14732261,-0.07153155,-0.023523046,-0.24733254,0.01539617,0.13326523,0.12589177,-0.040326282,-0.3332449,0.02206897,0.030330323,-0.06347731,0.011688523,0.11896649,0.12407209,0.24294198,-0.10968387,0.09260275,0,0.13293636,0.1281728,-0.10056869,-0.21177809,0.053337917,0.04615087,0.12535211,-0.13380803,0.3460087,-0.25468442,-0.0031743385,0.01298694,0.19858184,0.103379,0.22156782,-0.054754414,-0.32810807,0.09344354,-0.12813124,0.036123417,-0.17549598,-0.28934988,-0.46541935,0.13618669,0.34825498,0.29873505,0.19259468,-0.17411664,0.064056456,0.006202452,0.07436384,-0.20510328,-0.084002465,0.05879888,0.22673698,-0.043601252,-0.13532099,-0.13140324,0.071340576,-0.12588644,-0.17068347,0.49837965,0.008016743,0.14564635,0.25831115,-0.1405913,-0.01723352,-0.20078287,-0.16254205,-0.14192873,-0.22015034,-0.04592037,0.43025213,0.0012160912,-0.115271114,0.17293188,0.27312675,-0.050682336,-0.14979725,-0.07854155,0.05854931,0.11343181,0.13680509,0.083402924,-0.19552633,0.09324274,0.08177583,0.13725941,0.0154275,0.16856371,0.10890534,-0.08326868,0.043719694,0.07618063,0.09445782,-0.04393457,-0.5191065,0.13750432,-0.06578601,0.100858554,0.33283812,0.13021682,0.05619368,-0.06818263,0.0036429241,0.2880403,0.08137089,-0.41017982,-0.12119747,-0.1568299,-0.06096465,-0.027461817,0.2189136,-0.053823628,-0.25666505,0.03988336,0.16532215,0.20958816,-0.080341294,-0.21556796,-0.25522298,-0.033800088,-0.0073682554,0.24332541,-0.01826311,-0.3033409,0.014157023,0.27899727,0.02588119,0.27874476,-0.075175986,0.10819401,0.08149465,0.42564526,-0.18625261,0.11847642,0.32003736,0.34123376,-0.15689269,-0.18035887,0.013519213,-0.07203876,-0.122175485,-0.18246809,0.44029057,0.11800406,-0.05809629,0.2881489,0.054964542,0.018647242,-0.091917485,-0.12664852,0.19810563,-0.029748231
"(113.91147242932524, 22.518505124136148)",0.029963162,-0.06042762,0.054070633,-0.03352941,0.27093017,0.38172245,-0.25966024,0.028514497,0.27625233,0.0185612,0.016750269,-0.23622856,0.29041803,0.19146708,0.08640363,-0.08379854,0.12539507,-0.011679582,0.21561351,0.009505067,0.052660055,0.0074343565,-0.0039621666,-0.0824683,0.07950632,0.081802055,0.06226068,0.02944566,0.1356261,-0.15034325,-0.048190866,-0.05796942,0.58316,0.02814726,-0.11472287,-0.03212554,0.062302936,-0.118578255,-0.1895535,-0.1263631,-0.1634709,-0.15977746,-0.22327444,0.059652276,-0.05350472,-0.19978611,-0.04298182,0.04489022,-0.1838645,0.104374915,0.14160115,0.10723212,0.057650313,0.14175002,-0.47604415,-0.447307,-0.13167606,0.37599024,-0.02336891,0.12817799,0.09235741,0.038984146,-0.07736386,0.0928736,0.09567626,-0.21516329,-0.039099246,0.248586,0.068476364,-0.09234889,-0.094903275,0.09933626,0.11894296,0,0.096501626,-0.0059598945,-0.08448656,0.07944252,-0.013581678,-0.10243589,0.16507924,0.13264033,-0.031275395,-0.1997316,0.09331052,-0.13705567,-0.08074038,-0.015736334,-0.16085166,0.027207684,0,-0.43341875,0.015473291,-0.13206641,-0.121042706,0.47843665,-0.042576823,0.13707258,0.20764369,0.027724762,0.4639131,-0.067050725,0.014820125,-0.27632105,-0.12544161,-0.03149739,0.050311044,0.17363195,-0.030057319,-0.018925667,-0.10678193,0.055414848,-0.05781532,0.2363016,-0.024231993,0.05283148,-0.21273763,0.08443345,-0.001380451,-0.19421145,0.050375387,0.19777161,-0.034598045,0.29176012,-0.07591553,-0.10180941,0.17959599,0.017362423,0.10783962,-0.080696814,-0.012682082,-0.013839299,-0.059122257,-0.04088024,0.014318921,0.3227617,-0.066972725,0.016432922,-0.14782017,0.123372056,0.33382955,0.08582522,0.0092430115,-0.17951068,-0.2857044,-0.28689277,0.045622543,-0.06312616,0.31968582,-0.012051603,-0.0744649,0.050705962,0.16468562,0.11393114,0.042321432,-0.286458,-0.03431037,-0.10944545,-0.07194508,0.030904248,-0.07443538,0.33351985,0.20264433,0.091695875,0.024643585,0.36422282,0.15272868,0.041690066,0.20086612,-0.24073651,0.052282333,-0.15892078,-0.5798919,-0.07379478,-0.46554685,-0.07803036,-0.03538333,-0.05666773,0.11024035,-0.1203643,-0.13002467,0.038914353,0.06754035,0.15391421,0.08665701,-0.17579916,-0.16751787,-0.01957086,-0.15242979,0,0.067076415,0.019800194,0.08431453,0.16330044,-0.04324185,0.24152952,-0.22618617,0.11825057,0.18249057,-0.34930152,0.19949694,0.0048543066,0.03450806,0.14277263,0.14424792,-0.12135358,0.020737737,-0.070154905,0.2063745,0.18578336,0.024828874,-0.21169575,0.026409253,0.10640164,0.12937671,-0.25612247,-0.03676665,0.010652438,-0.22281554,-0.0461419,0.0139555875,-0.2793411,0.036086068,0.19624388,0.06704281,-0.1093279,0.13336347,0.000745588,0.18310311,0.11908153,-0.102579996,0.07587933,0.048654314,0.36168495,0.058327973,-0.16698238,-0.16503777,0.12863113,-0.18569192,0.17600426,-0.15730426,-0.056046106,0.11528963,0.28918493,-0.0968152,-0.21349856,-0.11134094,-0.07807681,-0.07764565,-0.59157383,-0.1694169,-0.14142904,-0.062176794,-0.030073179,-0.25801057,0.0071453825,0.12547912,0.14713389,-0.017092481,-0.28812885,-0.008147806,-0.018031098,-0.058210503,-0.011332296,0.08753082,0.13304086,0.20345956,-0.071243495,0.122596495,0,0.13580287,0.16435042,-0.096063174,-0.2132231,0.04283321,0.05170343,0.13602026,-0.18733178,0.33193126,-0.25506088,-0.0024750168,-5.707424e-05,0.17516674,0.119867094,0.1528789,-0.06842281,-0.32374442,0.09098624,-0.21977796,0.07151818,-0.1539467,-0.32507277,-0.40522516,0.17630807,0.30848986,0.3282488,0.1667086,-0.17162989,0.07310888,-0.022314548,0.045410186,-0.21730137,-0.07184295,0.053682923,0.2542095,-0.024204815,-0.117287084,-0.18847644,0.12063785,-0.14935228,-0.19445717,0.43872085,0.012333222,0.09014113,0.30061322,-0.1490399,0.00350371,-0.16443661,-0.14280288,-0.1118338,-0.2757057,-0.024275672,0.42462635,-0.035149,-0.14838141,0.18596283,0.29305452,-0.0605527,-0.1174756,-0.07077125,0.04138018,0.09273906,0.16239166,0.07265395,-0.17451577,0.11751015,0.06735355,0.10917315,-0.02478318,0.13346349,0.08397474,-0.09623893,0.040808044,0.07771847,0.10321878,-0.029744327,-0.47143832,0.1805623,-0.04315839,0.05428211,0.2787252,0.10344392,0.024144456,-0.046680965,0.006422706,0.24701084,0.06530984,-0.3960911,-0.0721746,-0.18170696,-0.017346673,-0.031266056,0.25001815,-0.06983392,-0.24024904,-0.028189108,0.16472778,0.15609513,-0.046325598,-0.20501254,-0.22290152,-0.026196932,-0.037435085,0.2561699,0.016332781,-0.2356923,0.057096813,0.30767938,0.011111189,0.22103308,-0.107520595,0.112216756,0.093199275,0.42811313,-0.19149958,0.1066,0.30202124,0.32980746,-0.114694536,-0.18100335,0.02262222,-0.13023621,-0.07952015,-0.17933953,0.4065352,0.09450914,-0.046848666,0.23224857,0.07275007,-0.0005086623,-0.1057277,-0.11686639,0.20262837,-0.05049693
"(113.91197751366715, 22.53204277849828)",0.0902186,0.047472335,-0.00199702,-0.008194545,0.18010277,0.17653564,-0.15534772,0.019019917,0.12827867,0.14085908,-0.05544129,-0.07999298,0.1480053,0.058404393,-0.126385,-0.015704509,0.15201975,0.0641338,0.108628646,0.088066384,-0.02263593,-0.09041193,-0.021269046,0.09522717,0.052827444,0.06403239,-0.027832918,0.038458835,0.042587068,-0.06888582,0.01610481,0.09377381,0.30563647,-0.08777112,0.052861232,-0.12783937,0.09412648,-0.035667405,-0.21838413,-0.04490368,-0.10939244,0.17888421,-0.23604578,-0.051716752,-0.019101694,-0.038690396,0.02023989,-0.10320331,-0.1566267,0.010133894,-0.019679293,0.13220268,-0.022853944,0.093967795,-0.2547253,-0.13219953,-0.055316962,0.33217773,-0.08223815,0.1182722,0.0818883,0.00024730247,-0.001783926,-0.020661786,0.04404205,-0.09484845,-0.060047,0.063633114,0.06533094,-0.1398927,-0.059505686,0.16516653,0.022750847,0,-0.15624349,0.015614618,0.057211358,0.091824494,-0.0059717596,-0.116739616,0.16783118,0.08267179,0.11474311,-0.19674593,0.099443,0.048423454,-0.13408823,-0.060124464,-0.04391764,-0.027530342,0,-0.14194071,0.031075895,0.07861594,-0.01287147,0.1100837,0.022653326,0.17058335,0.22917281,-0.11086944,0.16209307,-0.028717294,-0.004279416,-0.058806434,0.007820979,-0.022680178,0.15691216,0.17020904,0.00559076,-0.05858846,-0.044791803,0.05062153,0.040863432,0.096562535,-0.08193171,0.12128509,0.019416513,0.15119982,-0.082101114,-0.09304753,0.10301502,0.08446302,-0.030905772,0.19343504,-0.014499893,-0.11090009,0.05511189,0.042599402,0.07052129,0.06435299,-0.13169459,-0.06552162,-0.0045036515,-0.0030060261,-0.00877513,0.014847217,0.12850636,0.077860594,0.024903078,-0.051887386,0.19835505,0.07963455,0.17670521,-0.027151324,-0.17100635,-0.06545834,-0.017126756,0.08275656,0.22949775,0.10689383,0.21469107,0.095473014,0.13443543,0.13251568,0.19913432,0.029048521,0.070308745,-7.023662e-05,0.14396709,0.109946534,-0.041861854,0.26518652,0.052919194,-0.012845572,0.017724141,0.15781827,0.117866635,0.079429224,0.05402024,-0.13068639,0.02760352,0.1160945,-0.22667333,-0.0048048943,-0.20140256,0.101181276,0.08522852,-0.053845625,0.010589771,-0.037140414,0.09067837,0.05834972,0.13511981,0.11139952,0.1753309,-0.18255207,-0.105797045,0.010691779,-0.0583468,0,0.039110463,0.059840105,0.049037844,0.12496646,0.027427666,0.16298257,0.023422882,0.12248758,0.09341332,-0.11647556,0.035292327,-0.074875474,-0.040732015,0.07429179,0.1481949,-0.03316085,0.009526938,0.11216429,0.09433059,0.14605184,-0.017784,0.005706867,0.09067414,0.12459184,0.002776377,-0.15570709,-0.0055937413,0.019407026,-0.19545087,-0.10113722,0.016652822,-0.12884298,0.11546288,0.25346392,-0.016852465,0.061968654,0.1244961,0.06332787,0.1808213,0.05401711,0.16190112,-0.106844135,0.084617384,0.24567813,0.0346552,-0.013269544,-0.059585746,0.042683333,-0.18665679,0.1403707,-0.038905896,-0.067927785,0.14818989,0.068240985,0.099202186,-0.044610538,-0.2152728,0.06818369,-0.0031309873,-0.22329856,-0.10275843,-0.22261831,-0.11190607,0.039218396,-0.07810601,0.00543838,0.22533625,-0.021776743,-0.0776488,-0.15851995,-0.020345263,0.21433505,-0.033402044,-0.02123312,0.0025637113,-0.05237899,0.045972064,-0.015301645,-0.039776962,0,0.19887316,0.057185717,-0.016124068,-0.19369984,0.23716167,0.07806488,0.108549476,-0.09845643,0.17738971,-0.09701154,0.036351927,0.013386597,0.12043426,0.010422666,0.07742201,-0.005897234,-0.10971262,0.058716383,-0.06833053,-0.007191552,-0.15060924,-0.122578464,-0.3387234,0.23508999,0.1959799,0.13634384,0.111052305,-0.03405998,-0.016313734,0.12927774,0.06619003,-0.026395433,0.016348843,0.2660399,0.15619767,-0.14364839,-0.114350036,-0.0469693,0.047446746,-0.012298241,-0.05408481,0.3238188,-0.010391101,0.17889498,0.19972561,-0.034666263,0.045781016,-0.11982681,-0.019353393,-0.1458959,-0.10141148,-0.052633535,0.18518507,0.10297882,0.09348092,0.18243226,0.22253162,-0.15647322,0.005294501,0.100963175,-0.19129762,0.16895364,-0.023299672,0.05858633,0.01622039,-0.054334693,0.1322803,0.18867011,0.14991328,0.035473276,0.22620478,0.028834736,0.05879067,0.08223358,-0.060167998,0.051045984,-0.23503304,0.10430161,-0.059063308,0.028847892,0.1866397,0.10824303,0.19281128,-0.020023033,0.120495714,0.19139302,0.033439584,-0.10191998,-0.08240577,-0.23453403,0.0681958,0.0011825953,0.025899215,0.027985046,-0.12393541,-0.14034353,0.12703913,0.25379002,-0.029301174,-0.22420262,-0.18909058,0.08745847,-0.06635412,0.2454688,-0.040021382,-0.31739718,0.05777922,0.22312671,-0.02707715,0.21283603,-0.019332577,0.060040962,-0.049556993,0.35312027,-0.0232597,0.1422985,0.21990246,0.060550176,-0.0034279525,-0.08858493,0.08230718,-0.0010561496,-0.12146889,-0.13811241,0.2579512,0.09538766,0.07250019,0.29581878,-0.007746853,0.05418839,-0.04073864,0.091059014,0.05351828,0.092923306
"(113.91288498475856, 22.584608628659428)",0.1695582,0.004022682,-0.07125668,0.141121,0.27613446,-0.014983539,0.27277732,0.0855927,0.11238131,0.3048488,-0.043171123,0.04841454,0.02899459,-0.05156432,-0.05795417,0.029057804,-0.043205082,-0.07668399,-0.03998637,0.03426673,-0.111710064,-0.10842951,0.017015167,-0.035942048,0.026666652,-0.05412404,-0.197168,0.10587325,-0.11147542,0.18189156,0.12638663,0.15464371,-0.24162608,0.022750432,0.1812928,0.023715826,-0.047731183,-0.012804553,0.018796202,0.09724293,0.032091506,0.11102722,-0.08958624,-0.08077814,0.09904925,-0.0038378518,0.039685816,-0.05678718,0.03471049,-0.14640725,-0.11677247,0.11163795,-0.081570774,0.050704136,0.21089676,0.24725679,0.09121184,-0.036926858,0.0015170481,-0.07388962,-0.14246449,-0.091533564,-0.056169856,0.06453107,-0.005622875,0.04138262,0.07357013,-0.050457966,-0.0135001205,-0.095464975,-0.015259929,0.14849971,-0.01628083,0,-0.23974773,-0.019106563,0.25979626,0.08470773,-0.049683645,0.075037666,0.074765936,-0.09408078,0.13046272,-0.12893817,0.025409233,0.2553221,0.028987683,-0.31671348,0.049292147,0.04183143,0,0.15125321,-0.019988209,-0.029731473,0.0042108484,-0.42122287,0.005003483,0.11268653,0.0031721685,-0.12045874,-0.10395126,-0.0510249,-0.050311897,0.23330365,0.06230475,0.12520278,0.0961365,0.21108198,0.11863614,0.09223175,-0.027777914,-0.07640598,0.07650644,0.0025803521,0.05714763,-0.011464871,0.442356,0.28980306,0.064173944,0.10601875,0.11489394,0.031040533,0.160954,0.12605572,-0.026113069,0.07197629,-0.10078919,0.041656677,0.1083895,0.32547456,-0.16211173,-0.032818235,-0.04164043,0.0202032,-0.041454718,-0.030160325,0.20479351,0.037362244,0.2955173,-0.0010644589,-0.05788643,0.0015718676,0.021506205,0.17405114,0.030733932,0.041477956,-0.14173481,0.1535395,-0.09378956,0.22139752,0.2823313,0.06046875,-0.09087397,0.0064151585,0.06744832,0.076176435,0.09420365,0.13897324,0.22714302,0.2968253,-0.053746924,-0.04235576,0.09876989,0.019261781,0.16176139,0.047966704,-0.111354485,0.24380139,-0.04057397,0.091530606,0.0295196,0.292335,0.23835881,0.14789158,0.09511055,0.10548717,0.146271,0.025767095,-0.03312082,0.13021174,0.10420382,0.0362565,0.08972159,0.20065573,-0.0008080676,-0.010211896,0.106259264,-0.010619005,0.05717684,0,0.063868836,0.13572407,-0.057711177,-0.0530792,-0.06738491,-0.005015081,0.1312575,0.029613428,-0.083795026,0.10281565,-0.24926624,-0.05031237,0.022323273,-0.15044561,-0.043674767,0.019218668,0.027024418,0.183391,-0.020532928,0.036583483,-0.12181996,0.2545244,-0.027213765,0.14695325,0.3102652,0.20631512,0.0881501,-0.0702954,0.04808397,-0.07021113,0.025778238,0.105461515,0.16757159,0.008147176,-0.059749227,0.19819859,-0.03146016,-0.056399167,0.044971444,-0.018033266,0.1981303,-0.07275221,-0.008781086,-0.074588746,-0.21432063,0.10519688,0.053691264,-0.10695693,0.014048651,0.008899339,0.1843009,-0.07171103,0.028988631,-0.16852298,0.010481473,0.11314759,-0.34330833,0.09775016,0.028757777,0.32559043,0.02876237,-0.19386417,-0.10081525,0.15810315,0.0905809,-0.025475666,0.13940467,0.1256705,0.0075804144,0.15256438,-0.09764247,0.11627757,0.13894911,-0.05625292,-0.14202918,-0.03982421,-0.21413362,0.18796772,-0.13530177,0,0.09303,0.0183099,-0.02250839,0.10076657,0.15585372,0.13285258,0.18209141,-0.06628834,-0.023555197,-0.03515732,0.13011624,0.09700849,0.005332891,-0.06993282,-0.3223942,0.039183564,0.13576669,-0.03481362,-0.095822155,0.03344228,0.056964595,-0.061413616,0.11643603,0.20918128,-0.10811362,-0.08600465,-0.13948327,-0.038646206,-0.058105886,0.10167073,-0.03206005,0.24524271,0.19637245,0.17126666,0.16844301,-0.05223725,0.011041809,0.0052593723,0.19910611,0.10777759,0.042795215,-0.09591927,0.13481496,0.011245785,-0.0007908046,-0.044983275,-0.10199493,0.14360122,0.14100432,-0.025399365,-0.04835637,0.043778017,-0.029938858,-0.08726941,0.19201922,0.20106253,0.03944855,0.021635726,0.1417782,0.22871155,-0.22733827,-0.01537334,-0.085891254,-0.04833453,0.26687092,-0.09352062,0.10939629,0.12951167,0.12059156,-0.20121479,0.11951364,0.113682516,0.1470923,-0.07960392,-0.0023424923,0.07018932,0.17609519,0.17793787,-0.040206753,-0.077226095,-0.17170641,0.03462791,0.007761821,0.13821682,0.009496726,-0.0286251,-0.09942821,0.13740747,0.11083064,-0.16223507,0.23394185,0.023596087,-0.030599253,0.1497861,0.13623929,-0.25015798,-0.09069797,-0.06565681,0.0041021975,-0.13886042,0.14996582,0.057592608,-0.19796175,0.30633944,-0.069052525,0.041316405,0.27401084,0.083895266,-0.0643557,-0.06291731,-0.18247546,0.096832484,-0.09442476,0.22600146,0.19564173,0.13023981,-0.043977164,-0.23014429,0.1528121,0.042724926,0.26297227,-0.08814396,0.08843534,-0.026089624,-0.12621841,-0.058615185,0.24703674,-0.05012685,0.18322279,-0.017459113,0.04325295,0.28220394,-0.0329907,-0.021071166
"(113.91290241651932, 22.568168126969024)",0.13676214,0.12407696,0.0014958419,0.029000415,0.03449475,-0.1544471,0.021314874,0.03989231,0.052067667,0.18292537,-0.03983058,0.1858046,-0.18346474,-0.14694744,-0.23272914,0.086416855,0.110641286,0.1504204,-0.0061282404,0.19824328,-0.024659656,-0.08341181,0.0033440366,0.16718861,0.0020128898,0.024448667,-0.02018448,0.007305258,-0.15107031,0.0048580915,0.08230339,0.15239358,0.037322886,-0.070086986,0.21444097,-0.13657609,0.042220082,0.0012972429,-0.061000664,0.09835418,-0.08218632,0.4422227,-0.10108867,-0.13722646,-0.035559326,0.15246837,0.113619104,-0.12238121,-0.10386972,-0.027320785,-0.06925681,0.093937,0.0092768185,-0.061787143,0.06989538,0.1913285,0.033531137,0.03462366,-0.15698093,-0.089105,-0.012764972,-0.04639267,0.061649065,-0.07119106,0.022138774,-0.064709514,-0.036850616,-0.123846665,0.093844354,-0.15294133,0.07827442,0.11684962,0.019903384,0,-0.15620722,-0.03692313,0.18360305,0.004173167,-0.08136162,-0.010193668,0.07056244,0.012488455,0.24176097,-0.17099349,0.021992538,0.07177095,-0.029975869,-0.03606435,0.01776021,-0.029939063,0,0.19800913,0.033906925,0.25324103,0.13109362,-0.16997442,-0.0013634888,0.040550753,0.052789964,-0.06828512,-0.07127689,0.1216835,0.021258432,0.1640137,0.18995582,0.025494397,0.22803211,0.19820154,0.11601751,-0.090648085,0.11896298,0.042089928,0.11598242,-0.12707442,-0.12626222,0.18304189,0.13562807,0.17496324,-0.1471777,-0.024381492,0.19879998,-0.05330351,0.044916857,0.018132351,0.08270968,0.035837024,-0.05543552,0.06923832,-0.0014155135,0.2611158,-0.2958766,-0.10728076,0.16288431,0.043406375,-0.094959095,-0.22345354,0.4228864,0.10730842,0.10415365,-0.100406885,0.171579,0.006978944,0.25300646,0.0033897087,0.03377836,0.06322855,-0.051239647,0.167896,0.18128856,0.22957943,0.2030299,0.116370924,0.22181869,0.0503702,0.31331474,0.30435055,0.12096687,0.21535191,0.2027838,0.17352627,-0.06982809,0.1991305,-0.1452862,-0.22043115,0.046302527,-0.15364113,0.13659221,0.060572192,-0.08264838,-0.07406685,0.060424708,0.15798768,0.18018602,0.049372107,0.080269955,0.20749134,0.16993974,0.08495172,-0.038821526,-0.06446106,0.3942639,0.027575038,0.12672514,0.028405055,0.21603292,-0.16967252,0.08835128,0.11376557,0.17856425,0,-0.07293028,0.090155475,0.08060442,0.07435052,0.21867618,0.016969165,0.3053785,0.103555135,0.08963816,0.09811141,-0.10597752,-0.14218569,-0.055356357,-0.084445246,0.061312713,0.09986104,0.026114553,0.20791104,0.040810317,0.1054214,-0.0016677529,0.17584996,0.031623363,0.032868624,-0.11727748,-0.026954211,0.041046694,0.09434187,0.020045333,-0.11769934,0.06502144,0.08448363,0.33563012,0.14543596,0.04599886,0.06592952,0.16330072,0.0556456,0.11820096,0.004621111,0.16684271,-0.1582169,0.12331339,0.06921595,0.059616044,0.18392046,0.07718955,0.05307433,-0.20244522,0.18664101,0.1486347,-0.03830131,0.07788339,-0.0076393634,0.21165597,0.11087518,-0.12519673,0.19200678,0.051142346,0.17979671,-0.08381189,-0.17824149,-0.10600023,0.13757995,0.11821781,0.026954822,0.20370314,-0.041787386,-0.064949766,-0.031554095,0.051111706,0.36691007,0.015546668,0.042264797,0.020592492,-0.083211236,0.013514981,-0.006565854,-0.22380131,0,0.15271956,-0.1256411,-0.0198553,0.040222764,0.2482683,0.056730546,0.10410702,0.13107142,-0.035806097,0.008142386,0.068224,0.0913124,0.084972486,-0.07235403,0.017648507,0.15624101,0.09532352,0.018723313,0.23222278,-0.1299257,-0.015870754,0.11356221,-0.14741454,0.07624601,0.10414935,-0.14462772,0.031553417,0.042418867,-0.06923939,0.2099438,0.11895932,0.14758393,0.10057461,0.23042594,-0.024477668,-0.13746853,-0.02709752,0.2280379,-0.072123736,0.2086434,0.1583052,0.1947523,0.03657244,0.20925854,-0.123474225,0.06750082,-0.034387648,-0.0452586,0.07512078,-0.17741235,0.20459068,-0.047400486,-0.042703357,0.14555717,0.27962017,0.092021175,0.0048774257,-0.06717539,0.009813367,0.17696556,-0.18594833,0.08987026,-0.15177965,-0.063834794,0.10765039,-0.14465472,0.15149863,0.21386203,0.2863207,-0.04687533,0.24265167,0.099874355,0.10421972,0.034757905,-0.056232825,0.031499058,-0.072222546,-0.0725738,-0.10460204,0.090633035,0.05440701,0.11175601,0.25883114,0.010499291,0.06441816,0.11179874,0.021858811,0.10966605,-0.05533307,-0.09494932,0.034320906,0.06557686,-0.15988122,0.18322754,0.09318487,0.03180474,-0.002198875,0.22871698,-0.12760371,-0.13088354,-0.08994598,0.08651695,0.054468006,0.18138173,-0.2032058,-0.25335598,0.029647108,-0.020399023,0.0039245375,0.20312306,-0.05788656,0.05487078,-0.10686251,0.1912852,0.18924962,0.08818312,0.065995805,-0.13738395,0.010345429,0.09113101,0.08250744,0.2099017,-0.07546036,-0.030610025,0.03233648,0.12931506,0.15795231,0.21144228,0.0058404803,0.07750587,0.09449658,0.21757439,-0.093228914,0.09427687
"(113.91298959557597, 22.56381993172756)",0.15516591,0.1318115,-0.02824599,0.03303881,0.0051047676,-0.20740637,0.07104996,0.043061364,-0.008531287,0.23646383,-0.062265277,0.22131777,-0.25643176,-0.17901388,-0.3233198,0.12501068,0.11677481,0.1954372,-0.007674068,0.2814452,-0.008434735,-0.100431606,-0.005273387,0.23564318,0.011257973,0.046762433,-0.040786557,0.014066932,-0.2397193,0.037619203,0.10212353,0.17854533,0.019695811,-0.07837419,0.28865826,-0.18974909,-0.0017036349,0.03873927,-0.040602226,0.10384173,-0.11655604,0.5755338,-0.09793249,-0.19274804,-0.058788046,0.22330333,0.18154189,-0.16612212,-0.09594346,-0.043994784,-0.12652546,0.10470826,-0.0104103945,-0.12578309,0.11531492,0.28769654,0.00047022942,-0.008641295,-0.18753773,-0.16092837,-0.06766266,-0.07859486,0.08488999,-0.11395849,0.0304509,-0.0613968,-0.045262232,-0.17327796,0.11051446,-0.21096168,0.12302957,0.12902892,0.0051315427,0,-0.25135836,-0.032456663,0.24794933,-0.0025110468,-0.10873842,0.03292369,0.06974207,-0.008294463,0.30356073,-0.22513218,-0.0030882843,0.078831136,-0.017016947,-0.05333806,0.023689426,-0.04318195,0,0.27095407,-0.002951473,0.3297598,0.15773678,-0.23974504,0.016983807,0.014006749,0.039187677,-0.09735854,-0.10052276,0.14042646,0.045612175,0.27194428,0.30416417,-0.0035596937,0.27284843,0.2382201,0.16354078,-0.13697489,0.16900499,0.028253704,0.112152584,-0.20840558,-0.15658514,0.23941997,0.2076928,0.24078655,-0.16972858,-0.02217862,0.28055763,-0.09803382,0.06883196,0.02029578,0.1228221,0.032051146,-0.10698521,0.07575604,-0.012686051,0.3444528,-0.39618438,-0.16602282,0.22179331,0.06704431,-0.11164224,-0.3031529,0.55568576,0.13297674,0.07623117,-0.18226932,0.15365249,-0.008041877,0.28965425,0.010884784,0.07504468,0.11492599,-0.07671487,0.23004802,0.1818025,0.3258884,0.25464514,0.16015273,0.21563299,0.054985717,0.4008756,0.37504017,0.14925838,0.28360853,0.27177534,0.22628964,-0.12347822,0.20625901,-0.22017525,-0.28564882,0.044945717,-0.2560548,0.13734613,0.05351062,-0.16193818,-0.05609197,0.048821405,0.20624793,0.250562,0.047187746,0.11587635,0.25110543,0.24502037,0.11471219,-0.08579656,-0.04523459,0.49439153,0.07031763,0.13452086,0.029446028,0.23379824,-0.21887653,0.1347658,0.12479545,0.21355794,0,-0.096245885,0.1195279,0.08422027,0.05729404,0.266124,-0.065325215,0.40385365,0.11868157,0.056366954,0.16397956,-0.14909913,-0.16897151,-0.082492046,-0.096044056,0.047437962,0.1331275,-0.031368375,0.24566485,0.05454088,0.09501768,-0.05251336,0.2011187,0.023125067,0.034699917,-0.22742912,-0.033700183,0.055045992,0.14290094,0.035039984,-0.1384485,0.082777545,0.074131645,0.43218395,0.12927952,0.011410076,0.07076974,0.25293365,0.070048265,0.10872991,-0.014670216,0.22575615,-0.26469955,0.16245817,0.06632028,0.09323393,0.28634202,0.108059496,0.04256939,-0.25363094,0.2131168,0.15079501,-0.05252993,0.06551373,-0.087336466,0.27036506,0.12409838,-0.1453905,0.22426735,0.038186196,0.23447764,-0.08924944,-0.23116004,-0.17648123,0.18785891,0.18742108,0.0077282563,0.20854679,-0.071032636,-0.11969583,-0.04587903,0.060610242,0.43125919,0.033626627,0.04657021,-0.00915261,-0.14291184,-0.017936125,-0.017659947,-0.32486138,0,0.15731594,-0.21317865,-0.058674764,0.09029356,0.28017735,0.12063282,0.08499941,0.21780999,-0.07055765,0.034880597,0.08561393,0.12608859,0.098235376,-0.13522762,0.033702593,0.185675,0.16805685,0.00117293,0.32189083,-0.15281142,-0.026882026,0.1803519,-0.17094651,0.048528213,0.118294485,-0.2737229,-0.004611669,0.023781352,-0.10120343,0.27976263,0.13829896,0.25024834,0.11529663,0.29022598,-0.06483293,-0.20319739,-0.03817683,0.30110523,-0.12175438,0.2623901,0.17884696,0.18386216,0.051465064,0.29540944,-0.22965766,0.091521166,-0.081962615,-0.055352733,0.095009625,-0.20211712,0.29414272,-0.05730893,-0.06727287,0.15329874,0.36502525,0.12514535,-0.011448927,-0.071593314,0.009332075,0.26762864,-0.23648675,0.10519153,-0.23125857,-0.07780905,0.14681712,-0.25193807,0.1938318,0.28625417,0.3675864,-0.051029045,0.286393,0.14168024,0.11018408,8.77101e-05,-0.11640589,0.038439706,-0.044060644,-0.10535042,-0.1512202,0.10014109,0.03689986,0.10664345,0.30102772,0.02427975,0.06911238,0.16051945,-0.0066569597,0.18143792,-0.107741855,-0.1027676,0.04757662,0.044377215,-0.25469413,0.23843133,0.14345872,0.049916536,-0.046891764,0.2891554,-0.18617319,-0.18191718,-0.09951142,0.07621705,0.07743661,0.21214011,-0.2817175,-0.31987274,0.00053913146,-0.09693049,-0.012887221,0.23946187,0.023020338,0.026781712,-0.1830053,0.17357375,0.24195823,0.1310763,0.039830767,-0.22688703,0.02568397,0.13473955,0.12428408,0.24340864,-0.12211205,-0.00786452,0.017420553,0.114929266,0.21253735,0.25653633,0.01582411,0.10280964,0.11084677,0.2937032,-0.13329759,0.16698729
"(113.91306504326968, 22.66713210095159)",0.18077372,-0.189259,-0.06305765,0.21553646,0.42497706,0.16744621,0.3945129,0.10319149,0.24286363,0.42337495,-0.094708405,-0.098924085,0.32428145,0.10737348,0.019353457,-0.14228699,-0.17785831,-0.20706466,0.20020546,0.14748394,0.4242056,0.014639385,0.09149023,-0.34540316,-0.09874436,-0.11010499,-0.11416868,0.18638417,-0.16781394,0.20619848,0.17085503,0.009378336,-0.05291608,0.44407496,0.16586667,0.15656622,-0.21292865,0.16163999,0.31874797,0.00045793504,-0.13593313,-0.29307145,-0.07710043,-0.014412403,-0.008438602,-0.33653563,0.2095156,0.15298532,-0.09275754,-0.391487,-0.028891616,-0.015887061,-0.02266283,-0.062164858,0.12947208,-0.0116977915,-0.12884003,-0.18455026,0.040941577,-0.21163487,-0.25720108,-0.18814531,-0.34509823,0.3805049,-0.016883105,0.0038338453,0.061678603,0.10239898,-0.13623524,-0.1500882,0.04521247,-0.055869542,0.03532246,0,-0.18916728,0.119496375,0.15967464,-0.061322376,-0.39760825,0.4426288,-0.12534851,-0.19375741,-0.15803522,-0.072199464,-0.063133985,-0.16561306,0.16093822,-0.3833487,-0.17986435,-0.08218425,0,-0.081000336,-0.107882805,-0.53870815,-0.08956622,-0.1564152,-0.015112574,-0.091196254,-0.2564847,-0.12233147,0.25259945,0.0985536,-0.16883671,0.21897684,0.03539823,0.18599066,0.05945301,0.32265702,0.26686427,-0.11236185,-0.06810226,-0.3330015,0.016797155,-0.15070254,0.25722697,-0.13832296,0.57201767,0.28326884,0.13235864,-0.0014214404,0.28030312,0.14742064,0.33382598,0.29885408,0.05173845,0.11723671,-0.06690046,-0.012348186,0.112201616,0.4562604,-0.009139696,0.10874842,0.18854398,0.08474331,-0.0022461787,0.3669376,0.10951129,-0.12651554,0.04638375,0.16358307,-0.13856223,-0.120325506,-0.5365908,0.17974257,-0.008872062,-0.25275517,-0.10971458,0.08749001,-0.019207127,0.41928026,-0.02339838,-0.017461538,-0.2678126,-0.2601344,-0.22370785,-0.5318127,-0.27676824,0.1994054,0.09108614,0.40770763,-0.34778374,-0.085605465,0.25697806,0.09711194,0.3419452,0.24428251,-0.12455666,0.06799814,0.09159243,0.04107798,-0.010370223,0.17126258,-0.059991106,0.07010031,-0.10352075,-0.20499748,0.112636514,0.07610045,-0.04630559,-0.029268645,0.025289392,0.15021041,-0.06595755,0.05100808,-0.33937055,-0.020969432,0.10460403,-0.1422373,-0.22430047,0,0.009353887,0.26599857,-0.037897192,-0.09960573,-0.12812212,-0.4805628,-0.2861123,-0.19408089,-0.4594875,-0.010349706,0.03362281,0.120748036,0.088082924,-0.09822944,0.011214428,0.054148987,-0.2700312,0.14648505,0.09732602,-0.11228515,-0.15611519,0.08565139,-0.23863801,0.12961884,0.46982858,0.16807097,0.004014265,0.15456575,0.027319789,-0.039315067,0.13487855,-0.26807818,0.23962073,-0.37847653,0.04848728,0.1482626,0.25349435,-0.21676248,-0.054430887,-0.14256197,-0.028207745,-0.26921523,0.0025831733,-0.110494584,-0.28486407,0.27391064,-0.07358533,0.0506775,0.04493606,-0.05032786,-0.2535846,-0.21404266,-0.20119157,-0.15326233,-0.3001311,-0.21930274,-0.1625508,-0.055401046,0.09077628,-0.11449914,0.018061161,-0.1665486,-0.054089054,0.06835925,-0.121818,-0.09965577,-0.12956133,0.36573172,0.054837003,0.040128805,-0.2245245,-0.18831739,0.2890166,-0.1349935,-0.018317778,-0.058248132,-0.045278862,0.34961095,-0.113612026,0,-0.16410223,0.23309454,-0.061339147,0.3193317,0.096517175,0.107013814,0.20181938,-0.17791006,0.1456823,-0.18706521,0.18108365,0.2508292,-0.09558595,-0.18511117,-0.270023,-0.04785346,0.12836489,-0.16895713,-0.17825192,0.08049688,0.049637515,-0.26073834,-0.15207478,0.082241714,-0.12371003,-0.17326361,0.11247228,-0.41375774,0.08505125,0.047503725,0.08901185,0.3237052,0.11465046,-0.23128794,0.2869408,0.08618271,-0.16557702,0.056919973,0.24570397,0.03866238,-0.1225737,-0.2591576,0.17304683,-0.11107819,-0.23295046,-0.14011256,-0.43831944,0.15183896,-0.12883519,0.030385755,0.07683662,0.088271335,0.22579153,-0.435543,0.0064681545,0.35430387,-0.048707552,0.41829765,0.059682123,0.035028987,0.11993404,-0.17855678,0.12734869,0.0019717831,0.20293172,-0.17552266,0.12008285,0.009166559,-0.036361642,0.03410824,-0.018789314,0.18315294,0.22454791,-0.26268595,0.2599159,-0.074204564,0.20247075,0.38697845,-0.07545099,0.09146203,-0.102719545,0.1611406,-0.32111603,0.28945497,-0.17458102,0.20169917,-0.22589643,-0.16987057,0.1595662,-0.17482904,0.23630592,-0.031094333,0.12805529,0.19156115,0.099426925,-0.15760075,-0.26594892,-0.12752281,-0.14947388,-0.29107624,0.16763875,-0.26177514,-0.24958569,0.60504293,0.07314087,0.23029792,0.392554,-0.07404463,-0.013422217,-0.07015143,-0.15786484,0.07844122,-0.10045443,0.27653292,-0.11208034,0.51428884,-0.1588488,0.013769959,-0.1633321,0.037672304,0.28434998,-0.3108013,0.052728474,-0.009116314,-0.1400319,-0.27381036,0.18512507,-0.11007923,0.3469049,-0.15597734,0.17111112,0.10134531,0.056741796,-0.16944328
"(113.91322690118284, 22.58582447638819)",0.17042693,-0.00733923,-0.07335765,0.1443122,0.29832816,0.0053613447,0.2725774,0.09100267,0.12450777,0.3114,-0.03763947,0.027703512,0.027087018,-0.04796511,-0.0479967,0.022270415,-0.05348228,-0.08824561,-0.041588504,0.015609819,-0.116608374,-0.11396706,0.010170061,-0.05477649,0.032086473,-0.052668046,-0.205728,0.10557424,-0.12400594,0.18592517,0.1221658,0.14661148,-0.22715905,0.019310327,0.17527843,0.032418855,-0.05957987,-0.029414803,0.016536783,0.09206303,0.037253536,0.0901771,-0.09975222,-0.085913256,0.099957146,-0.024028828,0.030792303,-0.049159814,0.029535942,-0.14983194,-0.11799848,0.11852662,-0.09165946,0.060740937,0.2183311,0.23290187,0.08831185,-0.038138025,0.019272028,-0.0784227,-0.14977932,-0.09272859,-0.05390892,0.07376893,-0.00219813,0.039352186,0.07720485,-0.035317384,-0.01310968,-0.09679453,-0.019004382,0.1570734,-0.01103925,0,-0.24072729,-0.0231256,0.25962365,0.084777735,-0.060246825,0.07525129,0.07752626,-0.09541441,0.12077297,-0.13340408,0.025408868,0.25936595,0.03360434,-0.3341008,0.037487447,0.054214682,0,0.13279866,-0.026227497,-0.06566205,-0.01244612,-0.43407828,-0.002382747,0.1216158,0.002532998,-0.11566448,-0.09738131,-0.06718582,-0.06370278,0.22442003,0.045108795,0.12641999,0.090325385,0.22302243,0.124212764,0.10929307,-0.03970988,-0.083212025,0.07072046,0.01595376,0.046182938,-0.020411491,0.45579362,0.2996566,0.07504595,0.09405272,0.10876386,0.04231668,0.16259053,0.14383635,-0.03581745,0.076524734,-0.08828837,0.039760657,0.10807041,0.3303278,-0.16349383,-0.037226096,-0.049120188,-0.004921399,-0.038380995,-0.0055261496,0.18979853,0.020960327,0.3007715,0.0014443453,-0.052100178,0.014239062,0.0020520985,0.17661262,0.016345032,0.013191707,-0.15043156,0.16095777,-0.08534003,0.22086938,0.27341446,0.055762254,-0.09380771,0.010665551,0.06161085,0.048329365,0.091841176,0.12955296,0.20900542,0.29849887,-0.06263566,-0.0473698,0.12787302,0.029396016,0.17309962,0.060906336,-0.11275254,0.25738055,-0.037225917,0.08947184,0.030834688,0.2902861,0.22745018,0.15049395,0.07743115,0.0972072,0.13998903,0.022002198,-0.025179692,0.13223773,0.08635536,0.032032095,0.0955966,0.2139068,-0.010356985,-0.0042104386,0.102660485,-0.014891988,0.05810966,0,0.07916777,0.1277928,-0.05963047,-0.056460895,-0.08341876,0.009228243,0.113005444,0.025282376,-0.07070862,0.09371706,-0.25018802,-0.044605255,0.027722036,-0.1577899,-0.0461521,0.009519383,0.021412954,0.17198388,-0.00980971,0.041810714,-0.13941376,0.2604403,-0.03469955,0.15575378,0.3413814,0.20938021,0.09303075,-0.08586084,0.053234555,-0.07299484,0.02337717,0.10820932,0.1622502,0.0027237497,-0.056677606,0.19762956,-0.029531864,-0.05644556,0.04136338,-0.0100412145,0.19380961,-0.059555974,-0.024729991,-0.064960904,-0.22835867,0.08406533,0.044097546,-0.11144403,0.02654992,0.0013482124,0.18907627,-0.07185821,0.024375381,-0.15569282,-0.011495803,0.102178775,-0.36890006,0.08375096,0.018523343,0.31725878,0.02430347,-0.19740248,-0.10669862,0.16146804,0.07245024,-0.025753178,0.13611339,0.15027265,0.008873761,0.153676,-0.11622698,0.09487247,0.14076124,-0.0647093,-0.15109077,-0.03455899,-0.2111361,0.21164858,-0.1255207,0,0.09543446,0.024349818,-0.036693815,0.10477221,0.14621821,0.14192277,0.18182866,-0.0901465,-0.02324412,-0.054927785,0.14016975,0.100410976,0.014047276,-0.057245508,-0.34275332,0.032774266,0.1193654,-0.032463573,-0.1304149,0.049232647,0.056960102,-0.082919,0.12721774,0.22368896,-0.11054846,-0.06950172,-0.15049016,-0.046237536,-0.04493618,0.0938033,-0.053659916,0.23729323,0.19706039,0.17758757,0.2031415,-0.051576056,0.015097443,-0.0221864,0.23038284,0.117597215,0.03133877,-0.091261595,0.13816175,-0.0048434306,0.0010146499,-0.048162468,-0.107378185,0.13434517,0.13766079,-0.02470579,-0.074600875,0.04915748,-0.015457999,-0.10994825,0.17456496,0.22514491,0.04990963,0.0265079,0.14457001,0.22888565,-0.2351804,-0.025590932,-0.07517645,-0.049057886,0.268028,-0.08644978,0.10771088,0.12790398,0.105420895,-0.21739914,0.11814966,0.1045356,0.1617922,-0.08437437,0.013963401,0.07059835,0.18010153,0.1944793,-0.043679856,-0.08170318,-0.1830592,0.026791167,0.00440453,0.1485695,-0.0036874786,-0.024558265,-0.10669007,0.12238999,0.12494976,-0.18894103,0.23897064,0.024610067,-0.008721622,0.14466709,0.13604799,-0.26006404,-0.09533534,-0.072371766,0.008219165,-0.15275323,0.16507801,0.049872376,-0.21770188,0.32673398,-0.06910055,0.0496677,0.29538092,0.09678252,-0.06750856,-0.08405922,-0.19391094,0.10479942,-0.07787194,0.25865105,0.18475579,0.13748081,-0.040703915,-0.23830727,0.1458832,0.03471216,0.277237,-0.106241144,0.09744154,-0.032158926,-0.12638083,-0.053974494,0.25820932,-0.056970656,0.19594,-0.026588123,0.032659728,0.2812373,-0.02455888,-0.021052696
"(113.91322851993492, 22.771450215000964)",-0.09308065,0.22696623,-0.05792816,-0.06851827,-0.22200969,-0.15353318,-0.38596755,-0.048789423,-0.1914118,0.008690983,-0.01918076,0.24992058,-0.39596587,0.0049304515,-0.38171467,0.0127067305,0.29598302,0.4541494,0.10762414,0.299819,-0.10101094,0.008599336,-0.110211566,0.45491537,0.13184799,0.18985826,0.15045926,-0.10489839,0.023680557,-0.31187457,-0.010009278,0.056603123,0.3876415,-0.20122395,0.1686363,-0.32012323,0.29418406,-0.111147836,-0.2248946,-0.07120299,-0.10954832,0.6792238,-0.16939986,0.076334186,-0.10472446,0.23563255,0.124239385,-0.36759868,-0.14053404,0.2332609,-0.10024142,0.15856561,-0.026091281,0.04987645,-0.45398036,0.07651493,-0.05518035,0.31763014,-0.062061686,-0.112817116,0.038961966,0.0008637095,0.28457728,-0.33344257,0.046062395,-0.075714104,-0.15539262,-0.09131953,0.21011451,-0.19762512,0.01953154,0.26994526,0.04989613,0,-0.2805806,-0.12439221,-0.00044858083,-0.047294118,0.026364475,-0.08881119,0.32844272,0.24554706,0.51135826,-0.49803144,0.06024014,0.10023385,-0.03451983,0.15757293,-0.11781443,-0.13400671,0,0.020524897,0.03919752,0.79135466,0.22756505,0.36851868,-0.075402126,0.024717554,0.318407,0.15231867,0.19665113,0.029082231,0.38026896,0.0005531609,0.21969943,-0.1832357,0.4308344,0.15805674,0.068239324,-0.19628218,0.14869757,0.08432014,-0.08764585,-0.045859426,-0.20666625,0.70487785,-0.112207904,0.35006323,-0.23417437,-0.1455767,0.41552144,0.107118174,0.010211582,0.23239113,0.03404043,-0.20259646,-0.003847357,0.07651677,0.008495383,-0.05798503,-0.45313674,-0.22265296,0.12170568,0.13118052,-0.2438778,-0.24770238,0.38434312,0.35392076,-0.17061196,-0.21572196,0.30004734,0.0751054,0.7873894,-0.15446445,-0.012743071,-0.066584155,0.079402365,-0.18928963,0.41261882,0.27523535,0.2436931,0.22458786,0.38049155,0.06400673,0.6527065,0.71229446,0.48935658,-0.061573226,0.42271164,0.10318491,-0.19051251,0.6257951,-0.4636147,-0.32111868,-0.1735461,-0.20701294,0.16725652,0.18246455,-0.38990855,-0.325495,0.114230834,0.025719984,-0.28037024,-0.041266665,-0.45698065,0.1549576,0.20529737,0.030552324,-0.082161196,0.00079827756,0.55485594,0.053129233,0.17501724,0.12654397,0.5273948,-0.59435177,0.039447643,0.21755764,0.3998746,0,-0.14540496,-0.2560992,0.33230832,0.24650523,0.17114386,0.37473705,0.49071622,0.44008458,0.28601903,-0.23210984,0.02129793,-0.14676532,-0.13854843,0.07400112,-0.17022218,0.0652612,0.095556036,0.13397035,0.32076886,0.33450723,0.10513895,-0.13508432,0.50859696,0.09996572,-0.7391875,-0.4158606,0.065795705,0.31615224,-0.13171566,-0.22683781,-0.10647541,-0.05459445,0.44049793,0.51619065,0.015100289,0.010513,0.4212443,0.068553485,0.23211828,0.12606329,-0.09493451,-0.18465747,0.22079824,0.26708752,0.53381306,0.15246692,0.05047935,0.02509752,-0.5166434,0.48005804,-0.1278438,-0.09006799,0.2140072,0.120423034,0.25894532,0.340287,-0.078384414,0.27127844,-0.33098778,-0.08553968,-0.33663613,-0.033275366,-0.36932778,0.22202246,0.20487686,0.1837152,0.32955638,-0.2821332,-0.1573047,-0.5458687,0.29948822,0.49136475,-0.026999284,0.25970942,0.12726875,0.0025731064,-0.007865116,-0.39797083,-0.12634328,0,0.26288116,-0.22452465,-0.00068494596,-0.23372775,-0.01638797,0.18939915,0.033431176,0.53775686,0.11928787,-0.24992514,-0.1535082,-0.15464576,0.34360832,-0.053449214,0.42967638,0.11321797,0.020121276,0.11921954,0.5911933,-0.21765542,-0.33826932,0.42768043,-0.39893663,-0.13353568,0.4238989,-0.14247921,0.1126876,0.016909316,-0.19408156,0.2935097,0.15460162,0.25910768,-0.09856939,0.34974778,-0.15689813,-0.15709224,0.029266749,0.12059523,-0.18600991,0.10915732,0.054561388,0.628737,0.11043401,0.6564573,-0.015120223,-0.013625719,0.043224663,-0.2554766,0.066334516,-0.18067724,-0.014838204,-0.17287448,0.2382786,0.43835056,0.25003913,-0.082460046,0.34833482,-0.27885354,-0.4553727,0.18710664,-0.15270497,0.6012657,-0.53144264,0.12176078,-0.030094773,-0.16257527,0.27261084,0.50696874,0.36057228,-0.025526296,0.30736625,-0.06826889,-0.098269835,0.12405558,-0.3105741,0.04336503,-0.43626127,-0.22304256,-0.30600065,0.32357866,0.4323172,0.17521095,0.44565886,-0.45394135,0.1681749,0.18599552,0.12695937,-0.17101909,-0.35832298,-0.072962925,-0.3293514,0.087646104,-0.30475026,0.06811281,-0.12268975,0.41146764,0.097315095,0.49120292,-0.2642348,-0.2734692,-0.37668216,-0.06383028,0.29549083,-0.0765641,-0.44439062,-0.91051126,-0.255553,0.05068777,0.040429164,0.515721,0.29019448,0.086876065,-0.14944765,0.02806942,0.32932302,0.08422834,0.4527941,-0.18795212,-0.12782693,-0.15114845,0.19655684,0.3940572,-0.42608166,-0.14580013,0.6681473,0.1803762,0.2803392,0.5546081,-0.04366198,0.21830739,0.040746126,-0.044786744,0.011339806,0.21574304
"(113.9138585719534, 22.49023858767504)",0.31815985,-0.0037419777,0.074769154,0.04214318,-0.06387654,-0.12943019,-0.22225894,-0.10512033,-0.096630126,0.032765493,-0.06912421,0.32534754,0.34044158,0.26244313,-0.2317701,-0.06984849,0.07951282,0.21258005,0.4440289,0.56680286,0.28793615,-0.13121009,-0.08546121,0.4481645,-0.00045219436,0.15604883,-0.021631263,-0.096871465,0.23105952,-0.26093146,-0.046848837,0.060545888,0.599202,0.18850337,-0.064027734,-0.29782423,0.047354735,0.3232048,-0.28086236,0.0041213855,-0.4354285,0.2604002,-0.14754215,0.18616182,-0.18405339,-0.18608543,0.25794423,-0.04047196,-0.23186451,-0.15275651,-0.015016258,0.023124477,0.11638509,-0.03499767,-0.872903,-0.33432707,-0.16883977,0.27380058,-0.21592414,0.15918958,-0.07835357,-0.085625306,0.0015951805,0.12888362,0.00999653,-0.088818215,-0.38002992,0.19922909,-0.0034461804,-0.513064,-0.01747004,0.05720506,0.08678712,0,-0.12733759,0.019494224,0.090201005,0.11233618,-0.044729024,0.13079146,0.313002,0.15628012,0.344163,-0.462,0.13831863,-0.19638997,-0.062233925,-0.20334068,-0.17529297,0.00924667,0,-0.40191448,-0.20137253,0.4185594,0.24350953,0.5166517,-0.12999909,-0.009961501,0.23885523,-0.06247763,0.55923176,0.20514655,0.2924636,0.0010859221,0.047623083,-0.17415723,0.32674754,0.2553445,-0.040613838,-0.49526033,-0.33368388,0.016256515,0.18321103,-0.009473611,0.28811765,0.28078783,0.11217913,0.27247715,-0.2660883,-0.14253135,0.2310497,0.09856859,0.119689316,0.2428236,0.004928896,-0.104325,0.07528296,-0.0001687482,0.18402943,0.3176517,-0.35363135,0.0023861732,-0.029418364,0.25331458,-0.14542592,0.2740858,0.28049472,0.14623019,-0.22158685,-0.16444393,0.24114731,-0.13696112,0.40692925,-0.23668107,-0.2806585,-0.19683802,-0.025229627,-0.028103646,0.47176647,0.2884894,0.345517,0.25912428,0.13434838,-0.015720144,0.22213444,0.20453045,0.45380056,-0.042791422,0.32378876,0.3077463,-0.27994856,0.5149286,-0.26714545,-0.3624235,-0.022461042,-0.12341086,0.22477524,-0.010617301,-0.071989074,-0.18702072,0.076962195,0.03776537,-0.62493944,0.025352716,-0.79208344,-0.019069925,0.21622722,-0.084365346,0.13864613,-0.4142438,0.3942105,0.15319923,0.13379812,0.20943388,0.2381536,-0.7597559,0.0010320172,0.10199856,-0.0906803,0,-0.14566587,0.32991317,0.067639336,0.060544927,0.11987648,0.08838969,0.08750546,0.1226146,-0.12217243,-0.58122677,0.16296214,-0.16098338,-0.05802721,-0.062485486,0.14661448,0.095329836,-0.18565546,0.3374946,0.18285224,0.2616078,-0.08524905,-0.31902027,0.15849732,0.088180795,-0.5499397,-0.58851343,-0.14905576,0.38872197,-0.5977995,0.09697418,0.08103144,-0.39266917,0.37188065,0.29382738,-0.1171515,-0.029345796,0.6395261,0.005604107,0.29502726,-0.09463831,-0.40677854,-0.474835,0.59878105,0.16546118,0.37207347,0.45677382,-0.08032839,0.06522769,-0.39463335,0.55419403,-0.32595688,-0.31269702,0.12734263,0.014271617,0.12546319,0.1968027,0.30834138,0.105323106,-0.06942185,-0.50602645,-0.26754954,-0.22386545,-0.29615372,-0.092552215,-0.123425506,-0.11957318,0.06750063,-0.15466341,-0.10152583,-0.75726855,0.3150031,0.3049408,0.027026597,0.030832484,0.12572275,-0.03823328,-0.117250875,-0.45094827,-0.34277642,0,0.23792681,0.0776102,0.007037186,-0.4917374,0.17903328,0.09814202,0.12125732,0.3081204,0.41744408,-0.42551458,-0.28758582,-0.15271527,0.009056121,-0.21522406,0.29930422,0.045403205,0.19034028,-0.011870325,-0.00674963,-0.20337856,-0.40344605,0.2108321,-1.0047812,-0.27537987,0.65607876,-0.29715905,0.080315545,-0.23063913,-0.021215605,0.037049994,0.45379838,0.19075885,-0.10738386,0.07201345,-0.30546337,-0.16223496,-0.14762259,0.2250506,-0.22242175,0.07593363,0.027640965,0.62482095,0.011976264,0.23497581,0.22769018,-0.09995035,-0.38792068,-0.1310804,0.17263709,-0.16476521,0.025708273,-0.12900385,0.61723757,0.123430885,0.23395166,0.017661884,0.22340545,-0.24857813,-0.43980667,0.15431583,-0.16381982,0.22486225,-0.16311663,0.046738483,0.06780415,-0.15228042,0.32660428,0.1803544,0.18433017,0.13168898,0.20630428,0.07301421,-0.049860775,0.084689714,-0.056776926,0.0099527985,-0.37521523,0.028967734,-0.3009867,0.22264875,0.47946957,0.2371044,0.08686733,-0.17295173,0.23200226,0.4244723,0.09615956,-0.613528,-0.36515716,-0.12874384,0.12973393,-0.18355785,-0.12969339,-0.06413067,-0.08805794,0.050951377,0.25605157,0.46286577,-0.2901152,-0.27881512,-0.34614348,-0.18574534,0.35895202,0.3061838,-0.099577315,-0.5662056,-0.12062165,0.02439053,-0.055948537,0.5153619,0.20094778,0.006488178,-0.24394691,0.28936222,-0.10079026,0.36205965,0.21337087,0.31345323,-0.23082048,-0.1304475,0.09506755,-0.059279308,-0.31083107,-0.3082834,0.847525,-0.06027957,0.13313,0.26762876,0.12211704,-0.16111502,-0.0036375783,-0.19786257,-0.07299215,-0.1811414
"(113.9143648616294, 22.56969432277832)",0.12946746,0.10963868,-0.028429661,0.043542698,0.07237539,-0.13180728,0.0877309,0.05957887,0.0698089,0.22225766,-0.04769925,0.15253213,-0.19045666,-0.15242797,-0.23903164,0.0857967,0.08879967,0.10583853,-0.018111952,0.16537936,-0.02064722,-0.07715756,0.02536837,0.119029224,-0.0071536936,-0.0021569692,-0.037366427,0.035738394,-0.17616588,0.049127504,0.10013337,0.16561837,-0.053145,-0.050481915,0.23641494,-0.11720114,0.022348717,0.00391113,-0.03020366,0.09261689,-0.06666141,0.42052984,-0.09299272,-0.16517389,-0.018699467,0.16021441,0.11723147,-0.11918113,-0.083238296,-0.05221443,-0.09255098,0.0946945,-0.0073907264,-0.069273904,0.15300164,0.23948732,0.033991173,0.003785707,-0.14544408,-0.12370967,-0.04011556,-0.05884272,0.04191957,-0.057343766,0.020923663,-0.057302043,0.008022606,-0.14365841,0.08476649,-0.13424444,0.071844734,0.122246064,0.005275905,0,-0.19099067,-0.026874732,0.20353518,0.012803212,-0.096098885,0.01677648,0.047642034,-0.019625098,0.21814154,-0.14453399,0.0016862415,0.08875686,-0.024542533,-0.06143295,0.024985217,-0.030854493,0,0.24815449,0.036911666,0.20164108,0.09875857,-0.24097238,0.02141061,0.042663857,0.022847334,-0.08076769,-0.10878939,0.10363906,-0.003146436,0.20139036,0.19417848,0.04419093,0.20854479,0.20346656,0.123899095,-0.062580615,0.14272198,0.0031578839,0.11285635,-0.14071235,-0.12068144,0.15212429,0.19592285,0.18577218,-0.11343348,0.009229727,0.21962051,-0.0557784,0.062756255,0.022130925,0.10283098,0.051739246,-0.0967084,0.06999819,0.0011687651,0.28824338,-0.27954745,-0.11300441,0.17966054,0.050298735,-0.06922001,-0.24402799,0.4270954,0.09480792,0.13039264,-0.08835342,0.113251686,-0.0006709099,0.20278727,0.044360332,0.07820867,0.07195704,-0.06823368,0.1817059,0.12177263,0.2655306,0.19449054,0.10241536,0.18037853,0.039528877,0.29245758,0.27209607,0.075753674,0.24666715,0.21423525,0.1905535,-0.08387801,0.1546324,-0.10937478,-0.1784106,0.08156711,-0.1398484,0.10427433,0.071969524,-0.08719684,-0.038226917,0.04396101,0.1921189,0.23349114,0.060837694,0.15830797,0.2038089,0.17762361,0.09209097,-0.074734725,-0.019111216,0.36930317,0.041152053,0.10902192,0.022220854,0.17436445,-0.123279035,0.10241089,0.0889395,0.15768793,0,-0.057766255,0.09848463,0.0618297,0.0552389,0.19953015,-0.039599366,0.29400617,0.07727537,0.038585655,0.15272012,-0.13424294,-0.11925927,-0.04950044,-0.09352944,0.061148882,0.11004768,0.026173994,0.20787081,0.02325999,0.06347742,-0.016392156,0.22051205,0.013567608,0.043628022,-0.0418965,0.037028123,0.057222694,0.07403781,0.057470523,-0.12998003,0.06756362,0.08929398,0.31874585,0.09109849,0.03801011,0.09477497,0.12583417,0.044971555,0.09776084,-0.012298055,0.23159058,-0.16406739,0.07996034,0.027388295,0.0030355603,0.19408973,0.0831645,0.042093582,-0.17553161,0.13950112,0.16097769,-0.040970713,0.055939674,-0.065868035,0.19851549,0.098893754,-0.1734316,0.18772076,0.06533957,0.22936618,-0.053997107,-0.19450921,-0.08826481,0.15256141,0.13835025,0.019278772,0.19182006,-0.030060899,-0.05843337,0.041870333,0.010249004,0.34461477,0.050389986,0.026865173,-0.0051801987,-0.11064443,-0.005698949,0.04472962,-0.22109792,0,0.11956219,-0.12406752,-0.024405055,0.099614084,0.2487429,0.06691598,0.10588272,0.11798993,-0.051688634,0.049621273,0.107953735,0.12967888,0.066843055,-0.096734196,-0.028866213,0.13961442,0.1101276,0.003970325,0.22941387,-0.11074673,0.010175493,0.07787,-0.07886225,0.13169743,0.027765147,-0.15929765,0.014570402,0.024075098,-0.06619047,0.21763027,0.09928581,0.18320997,0.13348499,0.22604127,0.01178442,-0.12885304,-0.04508507,0.22892183,-0.038452808,0.19674152,0.15777677,0.11521982,0.052209295,0.20900019,-0.1537226,0.053025417,-0.039889187,-0.012549177,0.061928276,-0.16183038,0.21877536,-0.036080446,-0.084229305,0.11250917,0.28209248,0.1213287,-0.0105210915,-0.024568379,0.06424931,0.18724939,-0.18463545,0.06517857,-0.14487436,-0.062431477,0.12900007,-0.16652122,0.14445147,0.20392878,0.2844385,-0.054202195,0.23439625,0.12469553,0.12517747,-0.0026490446,-0.04475102,0.032283247,-0.017446037,-0.042275634,-0.091670066,0.0633309,0.0052121617,0.101520374,0.22355111,0.058502786,0.03926664,0.094031006,-0.010295276,0.17050342,-0.03339257,-0.09364919,0.06044025,0.06494201,-0.167389,0.20575348,0.10439956,-0.008063092,-0.048743263,0.18351792,-0.10790259,-0.13454947,-0.03884033,0.08968871,-0.0033832137,0.19977814,-0.18607439,-0.20095994,0.06916633,-0.027351033,0.0056021996,0.15388417,-0.06635727,0.059440527,-0.114290796,0.18259388,0.20063156,0.10302256,0.033139385,-0.18273735,0.048864305,0.093914375,0.11513506,0.19036315,-0.05853422,-0.0064209253,-0.05523012,0.104436964,0.16830502,0.19283038,0.025942087,0.09727335,0.10470785,0.26239634,-0.09229309,0.10028974
"(113.91545524979657, 22.48742829867185)",0.33743083,-0.07344991,0.10263994,0.05888851,-0.0073171905,-0.09038979,-0.20773806,-0.096705735,-0.03731963,-0.016887903,-0.02168575,0.26785818,0.39927495,0.30941346,-0.08400258,-0.065035835,0.01645647,0.14172405,0.4331766,0.47612762,0.24286613,-0.11770985,-0.07262051,0.36960408,0.037733313,0.15312777,-0.037112944,-0.114225574,0.27759844,-0.23573211,-0.05298951,0.0067659095,0.61998457,0.24687794,-0.12527353,-0.20577687,0.02245672,0.25484347,-0.24932678,0.030725852,-0.3828539,0.07306484,-0.111141086,0.2428031,-0.14310628,-0.24630104,0.19818988,0.042573463,-0.17239729,-0.114954084,0.04724136,0.021910017,0.13167284,0.018378079,-0.8707907,-0.40722308,-0.1466849,0.22254863,-0.1620402,0.17251904,-0.105135515,-0.072939046,-0.017703343,0.20013158,0.030041937,-0.1117082,-0.33076978,0.27371797,-0.02058722,-0.49351725,-0.02961532,0.026416967,0.12538764,0,-0.00046034716,-0.0019547455,0.101346254,0.13714904,-0.006675929,0.12836543,0.3040344,0.15090059,0.28409597,-0.44690633,0.14430149,-0.19336279,-0.015220866,-0.25035217,-0.15989935,0.07036197,0,-0.4920122,-0.21418133,0.3231219,0.20772442,0.560023,-0.17537345,-0.0011065751,0.20951183,0.0025761612,0.62151,0.15895963,0.27395788,-0.041998327,-0.027068928,-0.13500515,0.23772554,0.24425781,-0.039553635,-0.40582398,-0.38982067,0.03290805,0.15606984,0.09891103,0.35254785,0.21159261,0.0653266,0.26683226,-0.19797257,-0.13241673,0.14880477,0.14061713,0.13690692,0.2451415,-0.07041567,-0.061254233,0.11811063,-0.009748809,0.22532731,0.2855696,-0.28772777,0.041528367,-0.102421716,0.22383067,-0.13335079,0.41464218,0.17915648,0.12613174,-0.20232767,-0.072142355,0.26115826,-0.13370678,0.32162443,-0.24826536,-0.32488644,-0.22302896,-0.025366964,-0.06742789,0.41540635,0.1968531,0.2617327,0.22277078,0.11604771,-0.014907345,0.13273087,0.08858712,0.4429074,-0.083775036,0.22034949,0.30688578,-0.21932983,0.45636824,-0.15305,-0.29065228,-0.0031030779,-0.048595764,0.1917698,0.027219906,0.02156441,-0.17682822,0.10480754,-0.061367735,-0.6504358,0.016657293,-0.8719746,-0.06937325,0.15830351,-0.08600258,0.2151874,-0.4075629,0.25736555,0.111004315,0.115556866,0.29402936,0.17912218,-0.69978344,-0.006825939,0.099302396,-0.117524415,0,-0.10811007,0.33807507,0.048987173,0.023762036,0.053222917,0.16180968,0.019637987,0.118944384,-0.06556831,-0.6406257,0.15431815,-0.14688995,-0.0056782723,-0.06146539,0.09548865,0.048578396,-0.15072088,0.2611751,0.19475093,0.28882855,-0.08492024,-0.3724498,0.09592372,0.098841205,-0.39407107,-0.53754866,-0.13863622,0.32090977,-0.5883448,0.14850782,0.072644144,-0.3765194,0.34191397,0.2530259,-0.11330965,-0.080037594,0.56009704,-0.015066413,0.25855,-0.05033537,-0.532526,-0.33156404,0.5597447,0.18140173,0.31555974,0.34677017,-0.0908943,0.04491487,-0.32343084,0.56818515,-0.25265017,-0.27169093,0.1141862,0.07777004,0.03320622,0.16132346,0.32310957,0.04184602,-0.11120986,-0.53151727,-0.26367718,-0.17956486,-0.28234482,-0.10379984,-0.17502522,-0.11992925,0.025985368,-0.06031196,-0.037803993,-0.7435717,0.3119571,0.17475623,0.017593082,0.020115435,0.11342834,0.0755976,-0.13683477,-0.45479485,-0.27979228,0,0.23579457,0.13048637,-0.03944739,-0.4681342,0.06937347,0.09802017,0.16908403,0.25095394,0.4221926,-0.49608743,-0.31192997,-0.17722224,0.0076953247,-0.1510702,0.20475884,0.043677907,0.13476445,0.0053807423,-0.15419587,-0.1483256,-0.34625974,0.12020163,-0.9120155,-0.29477453,0.6578728,-0.22803256,0.030732544,-0.26257032,0.0030005407,-0.054328144,0.4065847,0.11439043,-0.1032546,-0.02553226,-0.2823918,-0.09073281,-0.080857605,0.13214551,-0.14756693,0.015160747,-0.022134472,0.59313756,0.040603988,0.12916277,0.29392916,-0.14873886,-0.38874966,-0.07572092,0.18875426,-0.11657008,-0.09454301,-0.08621751,0.67127633,0.039385103,0.11515842,0.0015943795,0.2556439,-0.23778915,-0.45803005,0.12254,-0.1008576,0.15144785,-0.08435086,-0.00043285452,0.029284246,-0.044224687,0.28218302,0.12756544,0.08881671,0.08958049,0.10886908,0.006009957,-0.0666209,0.09492026,0.011888102,-0.004717976,-0.39712363,0.076116815,-0.27352008,0.16270377,0.41583925,0.19003849,-0.014990091,-0.15897134,0.18054837,0.37608564,0.088735595,-0.6897072,-0.28469416,-0.10822843,0.14847371,-0.18765917,-0.022543656,-0.09920697,-0.06105181,0.030796334,0.26055735,0.34263197,-0.27777806,-0.23409994,-0.3087835,-0.21539088,0.3726863,0.30872592,-0.08376338,-0.4379782,-0.0773633,0.06344712,-0.060170036,0.4499681,0.10728367,0.03848212,-0.18606955,0.293094,-0.11227451,0.29602972,0.20315279,0.38539293,-0.18999156,-0.13159947,0.07244987,-0.1546045,-0.20274554,-0.29417217,0.8457755,-0.0742367,0.13205867,0.13410941,0.1892085,-0.20854077,-0.036728095,-0.23629963,-0.041314915,-0.2681843
"(113.91582893182232, 22.487218862591085)",0.315825,-0.08618981,0.10436395,0.051408216,0.01912541,-0.034320492,-0.26096785,-0.092289746,0.021685272,-0.06904472,0.001702413,0.20534354,0.43539792,0.35055903,-0.030229278,-0.09420878,0.0032389313,0.08018651,0.43068305,0.3502673,0.21293977,-0.11336812,-0.047462255,0.31487462,0.031240012,0.13202,-0.01702752,-0.12573886,0.37353373,-0.26632097,-0.074766785,0.0011372194,0.60171264,0.24569316,-0.19008273,-0.17265445,0.08245537,0.20737651,-0.29420188,0.015015587,-0.33303577,-0.0321547,-0.11204061,0.27045053,-0.10979388,-0.28766093,0.122649744,0.0675102,-0.16947386,-0.09483224,0.07473384,0.026969021,0.12774909,0.091303445,-0.88487685,-0.47947922,-0.11970778,0.26722252,-0.13290995,0.24138978,-0.053730708,-0.038126986,-0.007857751,0.23279263,0.029854868,-0.116538145,-0.2916686,0.30799532,-0.025344867,-0.44365817,-0.08365987,0.03850449,0.12869228,0,0.062406994,0.00089709833,0.055044074,0.17234716,0.029176265,0.06842091,0.31026345,0.17555206,0.23905477,-0.38683134,0.16348086,-0.17156135,-0.05065227,-0.22986078,-0.14662486,0.09495525,0,-0.52697444,-0.17014644,0.2677045,0.16554615,0.6073326,-0.17756712,0.043870553,0.23962529,0.045113344,0.61740947,0.11628462,0.24766502,-0.13461794,-0.15064816,-0.11590715,0.19355598,0.2006076,-0.100178204,-0.3399808,-0.42788485,0.03280224,0.17148477,0.19309962,0.36799118,0.16668041,0.009133073,0.21066386,-0.17251813,-0.11461896,0.078081936,0.18580654,0.096823394,0.24360216,-0.08848991,-0.054516375,0.14052051,-0.010180619,0.23476848,0.20632234,-0.19151221,0.075394996,-0.14274895,0.21281132,-0.08409642,0.45040712,0.058925517,0.10557747,-0.16104509,-0.006067762,0.24668705,-0.10988493,0.32023114,-0.23103169,-0.33861354,-0.25963515,-0.010391289,-0.11562112,0.39063978,0.12303438,0.21955,0.17471638,0.14257655,-0.0021957308,0.07846138,0.057175223,0.4206503,-0.13823786,0.16678417,0.24836157,-0.160645,0.45136628,-0.06187831,-0.20456232,0.015574992,0.037753448,0.20067568,0.03782092,0.09374978,-0.17386255,0.111106545,-0.09266324,-0.69678485,0.013858438,-0.8786526,-0.08432698,0.08767514,-0.121344194,0.24157408,-0.40024427,0.15788929,0.07096974,0.117764965,0.3024171,0.16985193,-0.65044624,-0.061696634,0.08983395,-0.15827008,0,-0.068233505,0.30448782,0.04522287,0.033682603,0.008880295,0.2534855,-0.050366864,0.09896871,-0.03368068,-0.67852354,0.18425173,-0.114726186,0.014136806,-0.046521522,0.12285605,0.041301265,-0.073433995,0.22427526,0.17587072,0.29539248,-0.04351014,-0.36791477,0.13315369,0.107588254,-0.2782785,-0.5178416,-0.13566077,0.26066682,-0.61068326,0.16006424,0.05170137,-0.3579923,0.23746286,0.26850593,-0.09660347,-0.06258544,0.4521746,-0.0014145225,0.26931256,-0.029097073,-0.53890836,-0.22808316,0.500632,0.17826375,0.26914442,0.24017762,-0.10994987,0.042773888,-0.27150768,0.54646575,-0.2215468,-0.250861,0.13060467,0.11531772,-0.0022348203,0.1645878,0.3139031,0.018521246,-0.112629406,-0.5581347,-0.2508706,-0.14506045,-0.21240775,-0.14658128,-0.22453499,-0.09082144,0.032389767,-0.07953944,0.017232686,-0.70411503,0.29040238,0.12218288,0.008361239,0.015734106,0.12361799,0.09838261,-0.12742007,-0.4486898,-0.18391237,0,0.24191025,0.20748788,-0.010544923,-0.5100131,0.034020245,0.045609765,0.17698044,0.19438252,0.44674405,-0.4973948,-0.31950703,-0.20451427,-0.004128091,-0.10749793,0.18013205,0.0036732662,0.067303754,0.033403877,-0.2417742,-0.12624784,-0.348132,0.0481548,-0.86581475,-0.2087611,0.6147352,-0.114964895,0.05009465,-0.23798047,0.039397255,-0.10720171,0.38003168,0.026758887,-0.09499659,-0.04632996,-0.2449975,-0.038327277,-0.07755229,0.061269183,-0.08421993,-0.050574884,-0.025761683,0.59828615,0.023057312,0.081099525,0.40307885,-0.18013954,-0.31626707,-0.066788286,0.17167342,-0.09247216,-0.1813312,-0.08456124,0.66702396,0.060053237,0.02667258,-0.026445031,0.2977881,-0.25662795,-0.43160474,0.047385067,-0.08109157,0.15579276,-0.026696734,0.015002275,-0.010567248,0.047652848,0.24819712,0.063161835,0.023929924,0.08349894,0.07696072,-0.03177405,-0.06947458,0.13352989,0.061278895,0.00092326105,-0.41201144,0.1037931,-0.23324585,0.12539165,0.42566,0.1794957,-0.044145733,-0.153189,0.17754161,0.3291973,0.10383995,-0.72155803,-0.23822954,-0.112442,0.14060667,-0.16163482,0.04620631,-0.15152292,-0.11084897,-0.015433907,0.29426274,0.29064372,-0.20468076,-0.19114865,-0.28464606,-0.19554733,0.33717293,0.25942746,-0.005896056,-0.3920557,-0.049772646,0.14453807,-0.03523336,0.39655644,0.045388024,0.069333285,-0.118357204,0.30148646,-0.1482854,0.25391477,0.23610239,0.4354445,-0.1548622,-0.19084285,0.046483286,-0.1742918,-0.15758921,-0.30501938,0.8412735,-0.044065587,0.09717336,0.11708184,0.17017604,-0.19307685,-0.057548385,-0.27785257,-0.018797353,-0.31593892
"(113.9163334124771, 22.669616477953607)",0.21184862,-0.16401148,-0.017080765,0.20524837,0.39203247,0.12201522,0.33823705,0.07216268,0.17868729,0.40807867,-0.103263065,-0.030004885,0.36736614,0.09254258,0.024242483,-0.12222366,-0.13518481,-0.12182387,0.20546114,0.25977418,0.40320498,-0.0098662805,0.043663897,-0.25652984,-0.06939201,-0.060357485,-0.12406769,0.16691758,-0.1712091,0.1731952,0.16208787,0.0030510202,0.084473915,0.40985847,0.17085889,0.113970004,-0.21693149,0.173938,0.29168698,0.020591058,-0.18087587,-0.22514367,-0.10256967,0.0146745145,-0.033670507,-0.3323844,0.22746232,0.12786792,-0.11397308,-0.36629707,-0.0027684048,-0.00882533,-0.0039444603,-0.07626715,0.0027800277,-0.042436097,-0.13438065,-0.14265028,0.014631666,-0.17188665,-0.23704068,-0.18917833,-0.34890404,0.33957118,-0.01678544,-0.0052057356,-0.024377607,0.11688697,-0.12800013,-0.20034623,0.07390379,-0.06681537,0.04707653,0,-0.17962639,0.103725895,0.16369793,-0.08044303,-0.37865153,0.42232502,-0.08928467,-0.16448404,-0.10240327,-0.15046202,-0.031038739,-0.16927119,0.16179265,-0.3809518,-0.18312135,-0.09662335,0,-0.15224066,-0.13491514,-0.44484982,-0.025301732,-0.09318544,-0.043379962,-0.10335721,-0.21440564,-0.154669,0.30950612,0.12949376,-0.1267667,0.21430449,0.10074516,0.16257349,0.10288515,0.3416382,0.28725648,-0.1737948,-0.096748136,-0.265591,0.007279262,-0.16234088,0.2564369,-0.09205266,0.527376,0.3106468,0.08048,-0.055296507,0.2675324,0.12378781,0.32702887,0.30216712,0.00748712,0.078171164,-0.0147309415,-0.014084285,0.11859129,0.45227703,-0.07847939,0.1057723,0.14823729,0.06916587,-0.074103236,0.3859044,0.15618193,-0.09307602,0.014204219,0.12014329,-0.04253069,-0.11908968,-0.47177473,0.12407937,-0.09069631,-0.21797812,-0.0999349,0.09681179,0.05769764,0.38552687,0.04339457,0.029970743,-0.24581735,-0.2421063,-0.18981841,-0.48037216,-0.2029776,0.17419645,0.11704696,0.4270835,-0.3345087,-0.03277604,0.16650632,0.009751283,0.27284935,0.22067201,-0.10714952,0.059350163,0.083712384,-0.006754307,0.010646824,0.1526181,-0.11266279,0.05858572,-0.21911909,-0.18393633,0.13514687,0.07780421,0.000543952,-0.079485305,0.0858581,0.14830166,-0.03590696,0.08086929,-0.28233424,-0.097573444,0.101211205,-0.111415975,-0.18820786,0,-0.022907717,0.28635263,-0.02776018,-0.07984902,-0.0987263,-0.43344507,-0.24063225,-0.13820037,-0.40345982,-0.07024737,0.037200466,0.058638737,0.07189975,-0.08622462,-0.008877233,0.020211369,-0.31646132,0.16409658,0.12284217,-0.04591099,-0.16206793,0.021678163,-0.24170804,0.11599652,0.334752,0.08099211,-0.02092032,0.19165416,-0.025534742,-0.025784582,0.14311056,-0.28577963,0.31038985,-0.29234448,0.035513703,0.107128955,0.33371684,-0.22570364,-0.030163288,-0.12209842,-0.1046236,-0.3035547,0.09695377,-0.03623122,-0.1869472,0.2997347,-0.07262157,0.051689386,-0.017656624,0.016267978,-0.2814605,-0.21910904,-0.16442238,-0.09377493,-0.26581162,-0.21693051,-0.12263406,-0.04029553,0.076271415,-0.16706677,-0.021333426,-0.18027633,-0.12513582,0.072336495,-0.13055512,-0.10978677,-0.09749291,0.3751338,0.01043839,-0.08092416,-0.16231942,-0.13286754,0.23340619,-0.12259143,-0.0052404515,-0.0145951435,-0.046783045,0.2778784,-0.16863596,0,-0.10372596,0.20184104,-0.068955496,0.23905978,0.13270894,0.12568519,0.21916693,-0.1713322,0.16343185,-0.2506082,0.13105443,0.20278525,-0.060501426,-0.16145752,-0.22211973,-0.008298788,0.13076445,-0.16236189,-0.16071281,0.0532213,0.020378776,-0.19557595,-0.27291143,-0.04185278,0.010643028,-0.18685144,0.11770798,-0.39452565,0.041507192,0.06305579,0.11238322,0.3103372,0.07107311,-0.20334782,0.2284133,0.034762688,-0.13578756,0.06807579,0.17383844,0.06640501,-0.13999589,-0.15498582,0.16051704,-0.10264781,-0.20911056,-0.11055969,-0.4613881,0.116471976,-0.09158876,-0.000905402,0.06751396,0.077008426,0.28480244,-0.40405947,0.054339327,0.33250645,-0.043229528,0.3528065,-0.013307043,0.0730066,0.09030904,-0.14906578,0.09411016,-0.003960533,0.20905043,-0.1836502,0.14045952,0.0649028,-0.0013251975,0.037963,0.010347903,0.17566255,0.19012056,-0.22492097,0.19726916,-0.0705535,0.139174,0.34840152,-0.098931886,0.12744392,-0.048704237,0.1796987,-0.26383674,0.21837291,-0.12312689,0.24681145,-0.1922281,-0.23525555,0.11500379,-0.18324012,0.22594896,-0.047608376,0.11998813,0.18545751,0.10726665,-0.11881459,-0.2051591,-0.046289142,-0.20505477,-0.3122772,0.07469151,-0.2550962,-0.17334124,0.62084186,0.013024686,0.14306648,0.3328489,-0.080862686,-0.047117364,0.030102257,-0.11817968,0.052198593,-0.13772461,0.29702607,-0.10358545,0.5091194,-0.1315207,0.065555945,-0.21734536,0.06906986,0.25045916,-0.3006078,0.022824243,-0.037527435,-0.013388641,-0.266963,0.1908474,-0.09089149,0.32960615,-0.20621772,0.15417191,0.077948555,0.050053995,-0.14332715
"(113.91634798280722, 22.582312766338774)",0.18142784,0.03532903,-0.033542473,0.124280475,0.26535088,-0.005374778,0.19564162,0.057896372,0.075041145,0.30192733,-0.0655953,0.07369971,0.11750865,-0.05156769,-0.07317753,0.025521543,0.016135976,-0.0033098236,-0.017891072,0.1330373,-0.09718426,-0.13885158,-0.025217853,0.033508748,0.03149097,-0.0023522377,-0.19545898,0.10914734,-0.104008004,0.13391173,0.106972516,0.1601367,-0.07424246,-0.030655889,0.17633021,-0.04068713,-0.043029986,0.020339906,-0.028348524,0.07721787,-0.030494548,0.17202315,-0.13751101,-0.07073829,0.06457597,-0.021395242,0.051519714,-0.09051199,-0.020005219,-0.14365302,-0.09547217,0.12242241,-0.07695107,0.040737458,0.063710414,0.18194476,0.06162081,0.055377014,-0.03835517,0.006687343,-0.083987415,-0.08440884,-0.074523225,0.025238946,-0.009483293,0.042750426,-0.022794694,-0.027927168,-0.0066569187,-0.12732182,0.0016112849,0.1446796,-0.01959356,0,-0.25444865,-0.0035916455,0.22726998,0.06795723,-0.05021742,0.03465154,0.10389008,-0.05556488,0.16036607,-0.17586367,0.06423305,0.24548534,-0.0069870204,-0.29169336,0.036773793,0.014680404,0,0.063588046,-0.034296885,0.01512737,0.04274213,-0.34059167,0.006650788,0.11181979,0.06868323,-0.17811055,-0.047579825,-0.026387446,-0.02880745,0.19804592,0.11040783,0.09136325,0.14826694,0.22616576,0.12075139,0.018047757,-0.0615738,-0.019614082,0.07409509,-0.01518251,0.038981237,0.011563131,0.39686334,0.2919872,0.011789434,0.03544286,0.090548694,0.012891913,0.12693906,0.15539517,-0.04573705,0.009849638,-0.036992934,0.039589748,0.09942096,0.29857793,-0.1976326,-0.030607844,-0.07481092,0.008092612,-0.0835495,-0.015786106,0.21957386,0.04223376,0.25319818,-0.05249258,0.025991816,0.020172967,0.06270875,0.12751514,-0.06436028,0.056538366,-0.12566069,0.18368047,0.0027770177,0.18522435,0.35452345,0.1022977,-0.07594739,0.028980404,0.07514709,0.09086789,0.12400694,0.10141469,0.25018397,0.28896844,-0.05001563,0.014938414,0.02588217,-0.038360987,0.101531416,0.07062519,-0.07985999,0.2017286,-0.031954095,0.047508106,0.031540878,0.29780033,0.13603464,0.1297995,-0.006435327,0.12710175,0.15519364,0.011541712,0.0012833104,0.0811894,0.144313,0.049103655,0.12638465,0.19747043,0.038787805,-0.069068,0.066735506,-0.0047255177,0.051352233,0,0.05043294,0.15250951,-0.05445435,-0.015215335,-0.044677608,0.02252219,0.12289694,0.05613456,-0.05412974,0.051254734,-0.20395532,-0.0870167,-0.000963871,-0.11754137,-0.012747392,-0.008087888,-0.030143932,0.19868425,-0.0048214197,0.08682782,-0.13377227,0.20615502,-0.011667481,0.13071409,0.17814496,0.09811737,0.053977594,-0.031326137,-0.025540374,-0.061799645,0.043133117,0.053846784,0.18194549,0.094423294,-0.067920014,0.17785339,0.053673077,-0.06144938,0.089274965,-0.0069875643,0.1797856,-0.13385198,0.07540696,0.014023131,-0.13915916,0.12933068,0.03399859,-0.091070674,-0.040570334,0.030276716,0.10118443,-0.0868197,0.0662215,-0.11040841,0.04111762,0.07605458,-0.32192016,0.10379872,0.040471382,0.21483576,0.0049587786,-0.22228014,-0.14623936,0.13889185,0.05210135,-0.032950982,0.17350575,0.11855984,-0.051300704,0.049051948,-0.069538094,0.16424718,0.0821491,-0.058641233,-0.12666036,-0.037571184,-0.18259874,0.15021987,-0.16803202,0,0.1484912,0.015953796,-0.010871072,-0.0037017167,0.23146726,0.13951647,0.17574596,-0.1076092,0.0229524,-0.07295935,0.10584585,0.062487822,0.038349383,-0.045538493,-0.24403916,0.041842144,0.11307989,-0.029978545,-0.100432366,0.016273575,-0.0011351294,-0.02369856,-0.04645562,0.13772471,0.013100341,-0.060393475,-0.097881384,-0.01084692,-0.07989454,0.13199376,-0.011544166,0.21403526,0.14653629,0.22915195,0.15247951,-0.12175312,0.003116984,0.0027242973,0.13933894,0.124753885,0.016320426,0.018499818,0.09610603,0.018289817,0.04447891,-0.005046673,-0.11113706,0.075621456,0.14084475,-0.061567135,-0.05648102,0.022686504,0.02541675,-0.04458797,0.23316449,0.20805053,0.04143814,-0.034301236,0.107949376,0.23943937,-0.2656878,0.025794806,-0.09425127,-0.017779587,0.27134907,-0.11217946,0.12871036,0.17302145,0.14952016,-0.1604333,0.1656324,0.118240245,0.13089071,-0.040417008,-0.061729476,0.07963803,0.11529297,0.16022195,-0.047377758,-0.037801806,-0.08203821,0.06584634,0.07468504,0.090999834,0.074734844,0.04490015,-0.065147795,0.074699484,0.0560321,-0.19512743,0.22748974,0.008145073,-0.020384537,0.13025847,0.10083044,-0.2432156,-0.016448796,0.039701287,-0.018551081,-0.17379083,0.059046052,0.0766919,-0.17269695,0.33066565,-0.07516218,-0.054771706,0.21753594,0.09849882,-0.09099291,0.032841776,-0.14393015,0.057969045,-0.12140144,0.2756308,0.1472139,0.1614139,-0.007986568,-0.15859112,0.073625654,0.05104748,0.22871846,-0.08365314,0.042186663,-0.07166086,-0.0009710267,-0.046656005,0.21562915,0.017096238,0.13453367,-0.05848002,0.020267729,0.25502282,-0.023945041,0.023665488
"(113.91710509431527, 22.577553273739746)",0.1581572,0.07519952,-0.026000772,0.10381002,0.1897983,-0.061896387,0.17037754,0.059879817,0.07862672,0.28903997,-0.0526354,0.13536838,-0.028182626,-0.105277695,-0.13780245,0.031408686,0.036400214,0.057081275,-0.020969924,0.17174815,-0.060419135,-0.11829383,-0.03949123,0.062227964,0.0074831806,0.0002641119,-0.1483323,0.08212056,-0.1769504,0.10245226,0.09788309,0.14801893,-0.053773433,-0.0651376,0.19611254,-0.06229216,-0.048332594,0.021933645,-0.018327106,0.083562426,-0.048315264,0.2782254,-0.12665027,-0.101367265,0.018571556,0.01725913,0.08908762,-0.096404225,-0.061146244,-0.13189971,-0.10518104,0.10724123,-0.05769818,-0.00802388,0.113781415,0.21089792,0.059276752,0.020913862,-0.061800428,-0.0631006,-0.08424057,-0.082773514,-0.01709418,-0.004529014,-0.009232588,0.03669054,-0.045412466,-0.061335236,0.02405988,-0.12515698,0.036709078,0.14799803,-0.0045073926,0,-0.24591626,-0.025036607,0.20798375,0.018455781,-0.095528856,0.04779891,0.09245761,-0.045746177,0.18734507,-0.17256899,0.040382538,0.19070178,0.014902048,-0.22950599,-0.00042046607,0.009734161,0,0.12479938,-0.027622797,0.05772475,0.069992356,-0.35307604,-0.0034818156,0.077788696,0.039193608,-0.14419855,-0.07716453,0.025913768,-0.01869611,0.20220686,0.13795234,0.06620929,0.18854079,0.23603469,0.13845502,-0.016587049,-0.0024870345,-0.017402768,0.08708141,-0.08791006,-0.043197304,0.070256926,0.3649907,0.26650262,-0.03181301,0.00309325,0.13963346,-0.00690184,0.12384509,0.12576148,0.0040567312,0.031984508,-0.032978084,0.046807222,0.046740927,0.3205279,-0.25255844,-0.061711825,0.0075954357,-0.005927287,-0.1024034,-0.075457156,0.29077813,0.035468455,0.20935348,-0.08994296,0.06683311,0.026306476,0.10015938,0.08742807,-0.020488158,0.005076751,-0.114320174,0.1997135,0.0876624,0.22692735,0.30428582,0.113343395,-0.0040422976,0.021791384,0.15630797,0.15254845,0.13655585,0.1377258,0.22917199,0.2605157,-0.10360518,0.061065763,-0.035622567,-0.12219313,0.09825748,-0.037519142,-0.016982691,0.176775,-0.102792814,0.012579957,0.035056263,0.28295797,0.17068724,0.13153505,0.039672382,0.1354927,0.1722319,0.041580845,-0.019127168,0.03274761,0.25326437,0.048928194,0.13065967,0.12619033,0.08787625,-0.09954859,0.10552606,0.031270646,0.13529027,0,0.01485176,0.10883885,-0.007787401,0.011532802,0.035288297,0.0048976783,0.17629996,0.061635546,-0.010734636,0.0773345,-0.18019378,-0.091055095,-0.017242737,-0.14831553,-0.003536731,0.029055044,-0.026360169,0.21282163,0.017665923,0.07896731,-0.123139635,0.22856767,-0.0016639568,0.102574885,0.07951852,0.060899608,0.05544293,0.011676677,0.031525336,-0.08796707,0.04480449,0.092068665,0.23010232,0.090932935,-0.013791826,0.14928862,0.12685338,-0.030862657,0.09678223,-0.015684672,0.1755197,-0.16095766,0.07890893,0.004085852,-0.09663296,0.16797785,0.03961813,-0.045977414,-0.070173904,0.050367095,0.101935126,-0.08555144,0.049183756,-0.06933646,0.07368228,0.10577082,-0.2752164,0.12985712,0.046414968,0.23646612,-0.02807197,-0.1922023,-0.13939159,0.15257709,0.073568806,-0.01805944,0.16461897,0.10598209,-0.061734214,0.04239554,-0.049019694,0.22369784,0.08395298,-0.02856534,-0.08227703,-0.0643654,-0.10647324,0.15632194,-0.18559618,0,0.12968531,-0.045358807,-0.0119031025,0.03523913,0.23198669,0.12412842,0.12612483,-0.036914866,-0.01591874,-0.055134695,0.1182905,0.08750645,0.05567041,-0.051172324,-0.16899054,0.0798517,0.12857944,-0.027743096,0.013001785,-0.021471037,-0.002371002,0.05074419,-0.049033493,0.11410004,0.025002092,-0.10343183,-0.077318184,0.011620812,-0.055760518,0.15924263,0.01463777,0.22366267,0.12723045,0.24162795,0.1406329,-0.123527214,-0.00035222992,0.07350811,0.099678025,0.22644195,0.075090006,0.06397103,0.08791176,0.058138426,-0.062570855,0.044434734,-0.12224451,0.019246608,0.126406,-0.09836559,0.040030666,0.005663093,0.0050670393,-0.018118337,0.26836905,0.20483083,-0.0023875162,-0.007917091,0.07367821,0.22764057,-0.25235748,0.03068656,-0.12173695,-0.030750504,0.25008857,-0.1400792,0.143697,0.18393989,0.18658695,-0.15076037,0.19829032,0.11120934,0.15843794,-0.045297064,-0.036588416,0.063448116,0.09248868,0.09183922,-0.07988441,0.034494217,-0.05800467,0.08120568,0.14509015,0.07537011,0.050397076,0.05634898,-0.039277643,0.08908725,0.02808652,-0.18500867,0.16370702,0.029388914,-0.065838516,0.15413061,0.11164674,-0.12833337,-0.03414034,0.09324548,-0.05147392,-0.16908918,0.06105893,0.06221354,-0.12567544,0.30716023,-0.122087665,-0.106703594,0.18767206,0.040976178,-0.060171407,0.05083837,-0.14132772,0.064193204,-0.09305277,0.28154644,0.15713303,0.1581092,0.0003077017,-0.2073179,0.0028549284,0.0673993,0.2227883,0.017892838,-0.0053367466,-0.07570256,-0.009162612,0.00902182,0.21141116,0.070229456,0.112799615,-0.035382416,0.050321136,0.2347821,-0.039750107,0.036384486
"(113.91724030321215, 22.58893594204864)",0.17572695,-0.016160814,-0.056672115,0.12859246,0.33367866,0.07663047,0.21984138,0.08118735,0.1315335,0.30174452,-0.044759396,-0.022402111,0.12338781,-0.016606167,-0.022902563,0.017026681,-0.025000155,-0.08445608,-0.020228125,0.027811158,-0.13094148,-0.13257264,-0.009423055,-0.043713078,0.053017844,-0.023013052,-0.21653545,0.11415411,-0.09595004,0.1673968,0.101746485,0.13935874,-0.11073792,-0.0110401865,0.14257354,0.011273215,-0.06317837,-0.03269881,-0.03531896,0.06375592,0.0069584474,0.062106766,-0.1418426,-0.079564534,0.092696525,-0.05511231,0.012123935,-0.051425654,0.007771753,-0.13069887,-0.096858904,0.13528277,-0.09307183,0.082053095,0.11259814,0.14981695,0.06161937,0.047453843,0.0128114205,-0.010270722,-0.11523132,-0.0800475,-0.073190406,0.06605813,0.0086444765,0.021135047,0.04474143,0.01010317,-0.010909349,-0.10952674,-0.035345405,0.1643882,-0.008410692,0,-0.23458426,-0.012673449,0.2379248,0.10566617,-0.034257114,0.029962234,0.10665944,-0.072232544,0.106852815,-0.15767476,0.053574916,0.25622806,-0.00056210905,-0.3355101,0.031144306,0.059758477,0,0.03548771,-0.0367525,-0.08672031,-0.03249008,-0.36378518,0.004094419,0.1527283,0.06034843,-0.14973442,-0.035618156,-0.09365947,-0.06553288,0.17494236,0.03809853,0.10493161,0.08395903,0.22775635,0.10364359,0.10120088,-0.08057689,-0.04728958,0.055076517,0.06006716,0.04073549,-0.039133936,0.40777072,0.2952656,0.072589345,0.055360045,0.07019825,0.050260026,0.13019277,0.17937876,-0.06639452,0.0323039,-0.044006567,0.035059202,0.1221709,0.29012358,-0.15412962,-0.03786312,-0.10210067,-0.02826421,-0.033740073,0.043000914,0.15172082,0.014949914,0.27362266,-0.0092189405,-0.003201019,0.03693875,-0.002483353,0.14535522,-0.06247925,0.00837227,-0.14491376,0.17419788,-0.047437496,0.17383884,0.29952717,0.07084677,-0.10077004,0.05177097,0.043468926,-0.0073576085,0.09009452,0.08531847,0.19354835,0.28355968,-0.043428384,-0.023015529,0.14893207,0.048202943,0.14372532,0.12666458,-0.102646366,0.24495785,0.00409241,0.06782838,0.025752412,0.27603275,0.12549645,0.13242313,-0.0016869307,0.09601112,0.12965818,-0.005414241,0.0026776865,0.121144764,0.03150502,0.040907674,0.112018645,0.24141681,-0.0044874027,-0.01596431,0.053137176,-0.031661794,0.009296425,0,0.10139178,0.14146411,-0.07486869,-0.037897434,-0.105640076,0.051660933,0.063297674,0.04029552,-0.04144523,0.042752907,-0.22143394,-0.0544796,0.024720734,-0.11711976,-0.01287327,-0.03372483,-0.001175344,0.15125398,0.0011591837,0.07006022,-0.15578078,0.2130493,-0.040681325,0.16476935,0.33072576,0.15388718,0.07397143,-0.103385516,-0.009794064,-0.06177102,0.026058456,0.055545934,0.12869069,0.05333435,-0.07704015,0.17573628,-0.017999267,-0.051930673,0.067644626,0.010437362,0.19598816,-0.059684265,-0.0018526453,0.011921218,-0.21353476,0.04679001,0.013725299,-0.10932031,0.010464326,0.0001584217,0.15074894,-0.07266317,0.054785147,-0.118095845,-0.014684144,0.046613894,-0.38746744,0.056620564,0.016127534,0.20492399,0.016319513,-0.23119703,-0.12585996,0.1395982,0.02171915,-0.041074574,0.15541384,0.16332325,-0.019739479,0.10264481,-0.12154913,0.082534455,0.10122521,-0.08342106,-0.16013019,-0.020293277,-0.19252563,0.19542895,-0.112190805,0,0.13163629,0.044995904,-0.049525302,0.027251065,0.17608488,0.15536997,0.18526843,-0.15952359,0.028447412,-0.081008285,0.13123925,0.08021789,0.03650032,-0.025618836,-0.31619808,0.009486368,0.06352538,-0.019284183,-0.20534393,0.073403165,0.023847643,-0.13204105,0.043532684,0.23339128,-0.04439322,-0.0030901134,-0.13977076,-0.047858387,-0.04451117,0.08601788,-0.06508467,0.1788488,0.17016858,0.21374142,0.23434386,-0.08847085,0.00022127107,-0.077865414,0.23136713,0.08110169,-0.020312417,-0.024121847,0.11400947,-0.014876457,0.08223982,-0.053204127,-0.09117341,0.09835306,0.12600562,-0.037519984,-0.13797115,0.0456282,0.04331476,-0.110742494,0.15624535,0.25314713,0.08924013,-0.018456832,0.14597976,0.23105523,-0.25877044,-0.01613204,-0.041664623,-0.028316481,0.24824587,-0.0727419,0.105342954,0.14022566,0.09321446,-0.19127719,0.13111836,0.091643594,0.14951189,-0.060306415,-0.009135261,0.07870118,0.119253084,0.22034809,-0.032518804,-0.09923737,-0.1414047,0.024513926,0.016911298,0.13818386,0.027153783,0.018779084,-0.092674725,0.07197036,0.10227478,-0.22659007,0.25640994,-0.0006511267,0.035784766,0.1111973,0.09117129,-0.3033586,-0.040708058,-0.034909997,0.019401815,-0.17840098,0.11425687,0.0709511,-0.2324551,0.35343274,-0.048170187,0.017469302,0.28048173,0.1518828,-0.090130284,-0.050388094,-0.18085726,0.090036795,-0.07660546,0.32005194,0.1295109,0.1406004,-0.0049958453,-0.17063743,0.13404599,0.01513807,0.2574076,-0.1525265,0.086771145,-0.06407313,-0.0520887,-0.04961901,0.22642569,-0.02720791,0.17872855,-0.04651561,-0.012999047,0.265555,0.0055203214,0.000594466
"(113.91740912540372, 22.499953798586127)",0.17172948,-0.044629246,-0.021251153,-0.034377366,0.012523791,0.1541213,-0.34802204,-0.056067746,0.009278834,0.03922291,-0.052292094,0.044618394,0.19758904,0.32714766,-0.3215555,-0.117708996,0.12614368,0.16083205,0.49828315,0.39162347,0.30572668,-0.07514695,-0.07276564,0.33624774,0.039477747,0.1647857,0.055990823,-0.08500519,0.1710696,-0.31032786,-0.096747965,0.0014883727,0.7293772,0.11870242,-0.096952,-0.32089436,0.062581815,0.18249002,-0.3752348,-0.15608668,-0.44169545,0.24252096,-0.25496754,0.084417455,-0.22392353,-0.18862465,0.23236844,-0.06878547,-0.30639762,-0.053087175,-0.058445156,0.08049682,0.059135117,0.007329583,-0.8616843,-0.4579127,-0.2873007,0.42616293,-0.13957159,0.054052077,-0.07060172,-0.057159103,0.08499588,0.087415054,0.07738452,-0.19758788,-0.27146667,0.24636504,0.07548356,-0.47594815,-0.09163693,0.17566544,0.10316311,0,-0.20621072,0.010631401,0.00104535,0.1382524,-0.08862731,0.08189652,0.3523196,0.1957019,0.2685707,-0.48451346,0.090856865,-0.2771223,-0.114469305,-0.11842287,-0.2995247,0.014491074,0,-0.45686474,-0.16951662,0.28670445,0.045740575,0.63648665,-0.08134447,0.071640655,0.30659944,0.010635901,0.646227,0.06753307,0.24856506,-0.11790191,-0.034905896,-0.2555511,0.2968389,0.28822446,-0.07719841,-0.41266075,-0.23471162,-0.060016382,0.08402293,0.063843265,0.08029405,0.35657755,0.0110939015,0.27421588,-0.21412733,-0.21792737,0.3586163,0.19465555,0.04937539,0.3819734,0.07096181,-0.16538164,0.06414899,0.0061050057,0.14332718,0.20710868,-0.3434823,-0.12979794,0.07604608,0.15602353,-0.028902277,0.26714197,0.22688809,0.117042035,-0.3623288,-0.17616192,0.2665652,-0.038772043,0.3789508,-0.26821333,-0.25925562,-0.41122514,-0.014328951,-0.060233805,0.5685924,0.37971014,0.16792764,0.23075911,0.21171196,0.07752971,0.36239782,0.05450703,0.33479828,-0.07180365,0.24214596,0.21123905,-0.40510973,0.64480615,-0.10190283,-0.22765309,0.024593428,-0.038491935,0.30154052,0.011048242,-0.115435794,-0.27629143,0.031184426,-0.020289468,-0.8185799,-0.044501975,-0.8057641,-0.069646016,0.19371696,-0.11608725,0.030682229,-0.3371363,0.28330168,0.20299798,0.12450892,0.1731267,0.264417,-0.75477874,-0.081520535,0.052448466,-0.14376937,0,-0.06394301,0.16933015,0.14002438,0.13941556,0.08933834,0.1335045,-0.009080067,0.15577468,-0.037512,-0.589466,0.25488964,-0.07210347,-0.076109864,0.040101327,0.22104315,0.07162793,-0.16371597,0.21204428,0.31111002,0.22933328,-0.11291973,-0.33558798,0.22699933,0.15948194,-0.47457013,-0.64426523,-0.1059795,0.33519846,-0.5690141,-0.028371826,0.025911491,-0.50037277,0.2971903,0.29400042,-0.082973585,-0.06278981,0.65748936,0.09667515,0.31107917,-0.04463824,-0.23164217,-0.43700343,0.40986583,0.29492387,0.36952317,0.3042928,-0.170983,0.12678331,-0.4506762,0.51346534,-0.39393798,-0.30541673,0.12678246,0.046429887,0.086199254,0.069818355,0.12158503,0.035306145,-0.1705957,-0.73827744,-0.33535182,-0.27653423,-0.30143857,-0.062256046,-0.18833178,-0.09105634,0.08965493,-0.16644242,-0.13735946,-0.7496109,0.19504833,0.25669315,0.04607762,0.025228806,0.12467323,-0.1191023,0.04057628,-0.37821326,-0.1990262,0,0.19962302,0.052486114,-0.09159695,-0.4467815,0.10704279,0.16356868,0.03189722,0.28247896,0.48338017,-0.40660074,-0.1851251,-0.06790026,0.121712275,-0.19716454,0.42011115,-0.05348824,-0.013234872,0.044154976,-0.0037754178,-0.117341965,-0.48299822,0.015124321,-0.9856774,0.013623044,0.6034966,-0.1487396,0.13491334,-0.32423833,0.070027575,0.07251767,0.36293733,0.11514487,-0.13451202,0.18104626,-0.05268263,-0.17931306,-0.27102917,0.08962259,-0.096046165,0.016022734,-0.06731923,0.7280487,0.0067817196,0.4170661,0.214978,-0.16610023,-0.2900856,-0.28342044,-0.007375706,-0.20707583,-0.06323095,-0.15811683,0.69195145,0.10215556,0.0963789,0.18219608,0.39952126,-0.2253831,-0.4101776,0.1167596,-0.15118645,0.30199555,-0.13455269,0.12549952,-0.087947264,-0.18469688,0.3303266,0.23862477,0.17369476,0.19121474,0.2645117,0.016385382,0.003632456,0.044038497,-0.0076813847,-0.0077642053,-0.5410065,0.086649604,-0.33374867,0.22638501,0.5403546,0.20765595,0.13878858,-0.14253479,0.13455427,0.5167671,0.0690946,-0.61541545,-0.42405498,-0.26205182,0.02375745,-0.18319112,-0.092224255,-0.086263485,-0.25497025,0.07435398,0.20209947,0.53485245,-0.25781253,-0.41915363,-0.35767767,-0.20710422,0.2246562,0.33530632,-0.11089686,-0.7224601,-0.09642562,0.14124224,-0.0024286918,0.4718757,0.29216284,0.06417301,-0.14676264,0.4504244,-0.18779641,0.40136606,0.37341386,0.23545444,-0.22635323,-0.2879899,0.17515859,-0.042984337,-0.43597144,-0.32301223,0.85512906,0.035803415,0.12901618,0.49523348,0.1131884,0.0064000525,-0.07306476,-0.20166335,0.038418226,-0.047841154
"(113.91742988219922, 22.56034047210325)",0.119070046,0.1537371,-0.0053750835,0.0015948247,0.008584669,-0.10930464,-0.08382073,0.012158196,-0.02355197,0.20707382,-0.09115657,0.2317467,-0.07921618,-0.08756204,-0.39558515,0.04437465,0.20627584,0.2677098,0.16359782,0.4561351,0.16882765,-0.093063414,-0.022129983,0.2809668,-0.038147215,0.11633307,0.047184862,0.042679425,-0.15969922,-0.13700707,0.027715225,0.16719629,0.3587633,-0.062208094,0.21728471,-0.3509766,0.020847611,0.14509535,-0.12957428,-0.03290792,-0.34240788,0.6140327,-0.16114396,-0.15382266,-0.1764988,0.1417528,0.23207206,-0.2004938,-0.2502093,-0.06652588,-0.07424569,0.101324864,0.027620971,-0.17794475,-0.28515673,0.059965562,-0.13586175,0.18540987,-0.2760532,-0.071029745,0.016018484,-0.070996605,0.019899797,-0.12274991,0.035965994,-0.12565833,-0.20457365,-0.09331687,0.13412008,-0.27376115,0.10984074,0.12349593,0.012337938,0,-0.2606675,0.007913191,0.09228201,-0.019182287,-0.18134114,0.04319357,0.12917058,0.0918615,0.34659854,-0.31284112,0.026840683,-0.05826841,-0.09173662,0.02873788,-0.10813532,-0.0905296,0,0.06903567,-0.034755565,0.36597875,0.1663647,0.11365594,0.027680699,-0.04925318,0.13917056,-0.11659409,0.14839247,0.19719091,0.15306963,0.13679816,0.3332861,-0.10577595,0.38393337,0.29521397,0.10500661,-0.33904466,0.11592845,0.02396613,0.11455447,-0.2658719,-0.12911469,0.29439563,0.11361324,0.23758113,-0.2490395,-0.16413277,0.34979326,-0.07380057,0.022907376,0.16227354,0.1867326,-0.06969881,-0.03252047,0.06605458,-0.023229964,0.2914765,-0.44578502,-0.17238355,0.23390613,0.13019976,-0.14271,-0.22404523,0.5716575,0.11316815,-0.120922625,-0.21045002,0.2769303,-0.023590166,0.35914296,-0.12785521,-0.042051397,-0.030873492,-0.03065695,0.18189679,0.41631258,0.3713848,0.23657115,0.22961771,0.27513808,0.029211715,0.37265453,0.35114655,0.15002657,0.22722343,0.3288685,0.19578744,-0.26953006,0.43311384,-0.35458803,-0.35588402,0.0010719742,-0.1637944,0.24516921,-0.08180021,-0.16165401,-0.17517923,0.034257673,0.14362083,-0.16524355,-2.7731061e-05,-0.14651316,0.19950654,0.23527946,0.09492853,-0.07205386,-0.18649748,0.5717626,0.14186978,0.15156096,-0.018159665,0.26035067,-0.42189306,0.06109058,0.1096313,0.14198901,0,-0.1360869,0.15026292,0.12472636,0.1589015,0.32267588,-0.08273515,0.29430544,0.11809523,0.009559523,-0.04602603,0.038307488,-0.1568087,-0.112572774,-0.04993867,0.15690292,0.1567307,-0.13498463,0.25094116,0.14169076,0.15191992,-0.05720441,0.060463093,0.12434217,-0.015852436,-0.48335198,-0.3282042,-0.017249996,0.29830104,-0.14186624,-0.12443155,0.12892734,-0.15785648,0.4252426,0.20813885,0.038805116,0.01400331,0.4794091,0.011876082,0.23470756,-0.044399746,0.13401318,-0.41799048,0.32580957,0.17725387,0.28179032,0.42257738,0.021770041,0.14432946,-0.42166728,0.28664613,-0.16049394,-0.16143604,0.08728771,-0.0024661124,0.26620138,0.049422987,-0.0327975,0.21001005,0.035324655,-0.15007125,-0.1747702,-0.2776645,-0.21127121,0.10967428,0.07143485,-0.002587624,0.2022675,-0.12108292,-0.20777519,-0.310107,0.13112116,0.47116467,0.010214049,0.06634106,0.0855117,-0.16850482,0.09571913,-0.15248632,-0.35490233,0,0.17016709,-0.17408766,-0.039863978,-0.09426123,0.33360893,0.10607343,0.050923284,0.24448612,0.15183803,-0.06382568,0.044041473,0.107874066,0.15408337,-0.1692178,0.29098037,0.109915525,0.09108122,0.0020114705,0.38846976,-0.2072667,-0.21497603,0.19792856,-0.58670616,-0.0605757,0.3430562,-0.2524799,0.12174474,-0.0405979,-0.08449079,0.30917352,0.24629083,0.22975568,0.018044375,0.29911345,-0.08265184,-0.27855608,-0.15563816,0.3528578,-0.22155999,0.2321943,0.14262499,0.45886332,0.002011858,0.39491838,-0.1560723,0.06862255,-0.19825265,-0.21034203,0.0028353445,-0.26330364,0.30653366,-0.1329877,0.13368952,0.22467768,0.39028817,0.1331745,-9.7341835e-05,-0.069873974,-0.11305387,0.18680274,-0.18876436,0.197541,-0.22632521,0.049468406,0.08216113,-0.29031333,0.2500146,0.3277527,0.39597768,0.1322135,0.34036377,0.17013168,0.10529532,0.010843748,-0.13224898,0.00692074,-0.24845609,-0.11299625,-0.20485026,0.23630302,0.33057556,0.21971522,0.31712332,-0.04086321,0.120368175,0.37802634,0.05210173,-0.06433244,-0.30011043,-0.09397106,-0.023272477,-0.008734366,-0.23107062,0.17678478,-0.03353119,0.14359225,0.056064837,0.47968796,-0.23730846,-0.2672058,-0.23455769,0.015459934,0.10231079,0.24314222,-0.23645397,-0.5478441,-0.11647838,-0.0763268,0.005601693,0.44053078,0.12975068,-0.009202745,-0.21156222,0.26655486,0.0745841,0.2752463,0.14524436,-0.013968705,-0.18532166,0.032000493,0.108507924,0.25821435,-0.27943534,-0.121481135,0.32018867,0.11796894,0.10561948,0.4531079,-0.032362454,0.07718237,0.08366792,0.14818144,-0.07433062,0.16903259
"(113.91760204004449, 22.58316712064572)",0.17404205,0.03220216,-0.031470843,0.123863764,0.27536896,0.008151319,0.19203745,0.062170744,0.084941,0.31110495,-0.06230055,0.06854311,0.09797475,-0.05854354,-0.074531086,0.013709728,0.014370337,0.0009502247,-0.012416191,0.13810946,-0.079584055,-0.13182573,-0.035140205,0.012201801,0.029728975,-0.0034493841,-0.18979493,0.10833195,-0.13320494,0.12926044,0.10406348,0.1442174,-0.047121473,-0.029016344,0.17667598,-0.03381847,-0.057700984,0.009305581,-0.018212337,0.0706409,-0.03934311,0.16657782,-0.14945881,-0.07564562,0.050677158,-0.041498013,0.058564022,-0.08266407,-0.04030092,-0.14818901,-0.09222849,0.12089731,-0.07649511,0.034549095,0.0682342,0.1666801,0.052829504,0.050481565,-0.024908334,-0.019474082,-0.09240715,-0.08895854,-0.07636154,0.031662658,-0.008053981,0.034415364,-0.029139623,-0.01849385,-0.003501486,-0.12827909,0.00593435,0.14706194,-0.009877153,0,-0.2537766,-0.01156548,0.21559513,0.04825286,-0.07961947,0.05117508,0.1007642,-0.05729501,0.1501695,-0.1851489,0.057386998,0.2216166,0.007029593,-0.29476658,0.0055902526,0.013136037,0,0.049089916,-0.039751187,-0.017940452,0.033088338,-0.33956832,-0.0041708304,0.104704365,0.05519151,-0.17175506,-0.029845387,-0.02293507,-0.03842744,0.18778272,0.10620996,0.09005502,0.15370876,0.2442865,0.13548234,0.014856048,-0.057224948,-0.03156914,0.06441478,-0.026699223,0.017479606,0.017597303,0.40245318,0.29782268,0.011973292,0.011486035,0.107638136,0.022420758,0.13545845,0.17267287,-0.045089222,0.014040574,-0.023312297,0.03743045,0.089458816,0.30744588,-0.21019557,-0.03661389,-0.05919054,-0.018281356,-0.09290537,0.005457243,0.2217165,0.027062219,0.23799765,-0.050914705,0.044886414,0.026904674,0.0384019,0.11738587,-0.0721662,0.010628618,-0.12755859,0.18295808,0.035556592,0.20094885,0.32819667,0.10064549,-0.071036756,0.021428466,0.07989189,0.06101692,0.11302054,0.10088716,0.23220879,0.290554,-0.08190577,0.026987307,0.035015494,-0.048601236,0.10995774,0.07069165,-0.07146227,0.20616838,-0.043300107,0.027669156,0.032724425,0.28869197,0.11779353,0.13026896,-0.022932433,0.108237445,0.15388711,0.016943712,0.0011129454,0.067589216,0.15285105,0.04990881,0.12563173,0.18767373,0.03518229,-0.07528399,0.072567254,-0.0051539,0.0642543,0,0.049411427,0.13714284,-0.043012686,-0.008343507,-0.04356817,0.01696649,0.10582778,0.05458463,-0.044470634,0.03980413,-0.19192132,-0.08138451,0.0009811645,-0.12647735,-0.01572103,-0.014348939,-0.0464817,0.19149378,0.017057188,0.086826414,-0.14302053,0.20502865,-0.022010228,0.13213307,0.18540224,0.08819774,0.053997174,-0.026495643,-0.008364372,-0.07426956,0.04251253,0.0490612,0.19533515,0.08395693,-0.048132088,0.16767623,0.08104122,-0.06660254,0.08604627,-0.0055237263,0.16539408,-0.13543904,0.06453546,0.022531299,-0.13397814,0.12531583,0.02062535,-0.0781392,-0.044249073,0.027475387,0.08313561,-0.09430011,0.054657295,-0.08533153,0.019394454,0.06174288,-0.3317174,0.094349876,0.034629747,0.19342732,-0.011020027,-0.21892434,-0.15220986,0.14448324,0.03453371,-0.03304354,0.16558418,0.14973073,-0.05423969,0.036586173,-0.081795506,0.15472957,0.087155,-0.060171463,-0.11761759,-0.033188414,-0.15610707,0.17412749,-0.1617324,0,0.13783252,0.013332302,-0.02205724,0.01149565,0.2242439,0.1429657,0.17022228,-0.119245216,0.02453535,-0.09486109,0.117690265,0.07428316,0.050439466,-0.038017742,-0.23899359,0.043081056,0.097854674,-0.032451786,-0.09832011,0.02173468,-0.0019379816,-0.03260105,-0.052217036,0.13342287,0.018421076,-0.05333396,-0.08941284,-0.026731923,-0.065873176,0.13081199,-0.020528106,0.21182108,0.13674895,0.22239077,0.18615738,-0.117402986,-0.0020872764,-0.004661562,0.15479545,0.15034804,0.008620236,0.03221764,0.10047223,0.013810528,0.01740323,-0.00259801,-0.12974566,0.055382386,0.123694226,-0.0696663,-0.05699873,0.024014316,0.04604912,-0.06920721,0.22471121,0.23198923,0.03900709,-0.010598928,0.09427804,0.23117158,-0.255268,0.017357605,-0.08677436,-0.015658123,0.26486802,-0.11504006,0.13060364,0.17634915,0.14251748,-0.1623771,0.17048955,0.11329276,0.14916223,-0.052746825,-0.03909108,0.06990287,0.10708225,0.1666049,-0.0585232,-0.014160503,-0.07957228,0.07213603,0.078144476,0.0920961,0.053592466,0.05861853,-0.06745927,0.05091427,0.05988235,-0.21515387,0.21335089,0.011592442,-0.006372409,0.13399343,0.0961865,-0.21864028,-0.028510273,0.04672317,-0.030949935,-0.19327818,0.064220674,0.058470383,-0.18206578,0.3557965,-0.08634488,-0.06114526,0.23187621,0.09613599,-0.08766471,0.02756745,-0.1468793,0.06673482,-0.10386967,0.30893376,0.13370425,0.17875195,-0.0018773002,-0.16520116,0.036439747,0.04646715,0.24044403,-0.082918346,0.031665042,-0.0787618,0.0028924868,-0.039841898,0.22217315,0.024011107,0.14610818,-0.06717022,0.021974612,0.2410745,-0.012225725,0.024849504
"(113.9177225867605, 22.67707046285157)",0.27487352,-0.03079736,0.086528525,0.16520551,0.20802115,-0.10681501,0.15756972,-0.01481403,-0.013817921,0.31423116,-0.11602814,0.2160598,0.36756015,0.015194736,-0.021900699,-0.0396644,-0.0048897117,0.11960187,0.15662308,0.4759785,0.27040395,-0.09054232,-0.04810927,0.054052815,-0.017126191,0.05439866,-0.12173577,0.0849766,-0.10838276,0.059061803,0.13912956,0.053929526,0.2868759,0.25446624,0.19928756,-0.032582067,-0.119069465,0.19756024,0.17182139,0.10315753,-0.220368,0.0659707,-0.12171827,0.07766045,-0.05966202,-0.21265577,0.22902572,0.005064022,-0.1333484,-0.27204695,0.032340705,0.017230837,0.031037739,-0.08442305,-0.24437559,-0.016022693,-0.075610675,-0.039610185,-0.09023653,-0.016002007,-0.121264204,-0.15756184,-0.27097416,0.17182581,-0.03388308,0.014873363,-0.21465881,0.06880377,-0.08475475,-0.28582168,0.13683262,-0.06899866,0.044478945,0,-0.15697809,0.063369885,0.181334,-0.09918823,-0.25954196,0.2807713,0.007669043,-0.0605544,0.11147924,-0.28423947,0.063642815,-0.07642968,0.109726116,-0.29640952,-0.09578187,-0.13117209,0,-0.18341228,-0.13446888,-0.043040566,0.19283241,0.006507892,-0.09068174,-0.109596714,-0.066697784,-0.20200996,0.29288596,0.21628842,0.006427858,0.21086065,0.24256043,0.10709636,0.23808843,0.31313965,0.2833916,-0.2967115,-0.1329719,-0.058563735,0.045734353,-0.18335271,0.23473439,0.063014746,0.37894353,0.3283213,-0.09073077,-0.11945598,0.19115828,0.030558394,0.25303882,0.21546952,-0.06870446,-0.0072163045,0.07226597,0.002595827,0.11120512,0.39440587,-0.2321878,0.098521896,0.054315254,0.088636525,-0.2328493,0.2635368,0.2887135,0.03621998,0.021482192,-0.008374447,0.14951397,-0.10728058,-0.13750365,0.028976806,-0.21526936,-0.016770676,-0.059561975,0.113530114,0.19263755,0.2582706,0.27362895,0.13513845,-0.1063589,-0.17816603,-0.045245286,-0.120805696,0.04966399,0.12090305,0.23425555,0.4163617,-0.19930378,0.097222954,-0.12817173,-0.22173211,0.07703355,0.0861877,-0.039390877,0.032384142,0.04469429,-0.08482718,0.07504164,0.14772949,-0.10804203,0.043440133,-0.37930954,-0.031589158,0.17777123,0.07694442,0.101744644,-0.17487594,0.30311772,0.0979855,0.069102466,0.12814794,-0.058869712,-0.26933363,0.08807139,0.012776645,-0.03146574,0,-0.11379911,0.29994214,0.010881418,-0.020845482,0.02471798,-0.23416595,-0.0022579357,0.012609489,-0.22418654,-0.14425471,0.008126585,-0.11497274,0.009163764,-0.06860674,-0.05141309,0.00047256052,-0.31367892,0.24527265,0.11508729,0.13072208,-0.10674851,-0.056325704,-0.14318535,0.05699052,-0.06744658,-0.10145688,-0.0620595,0.2700146,-0.14834839,0.007080093,0.1464358,-0.21245472,0.44774872,-0.009070281,-0.0014907233,0.0634176,0.4300695,-0.1962966,0.05191361,-0.06591935,-0.22427271,-0.34911737,0.32676995,0.08971891,0.06440492,0.35433918,-0.0060604177,0.028283224,-0.16271381,0.19590452,-0.23889598,-0.19005571,-0.03042723,0.014750905,-0.07517022,-0.08251498,0.0044026524,0.074910775,0.056569938,-0.12485646,-0.08775418,-0.1743135,-0.24726741,0.07764321,-0.06678405,-0.07735721,0.039295584,0.24459586,-0.0723065,-0.3076083,0.038296305,0.103527166,0.075632915,-0.048632495,0.03231634,0.053584915,-0.095745906,0.041417703,-0.30322006,0,0.08932183,0.101774246,-0.01592518,0.006162584,0.24252278,0.1158784,0.244452,-0.062916696,0.14117557,-0.31436935,-0.019587345,0.040435735,0.007769298,-0.10843298,-0.091901034,0.11220013,0.18561101,-0.116708696,-0.025071487,-0.07548151,-0.05228084,0.073424414,-0.49029517,-0.31020015,0.28676012,-0.2354128,0.12371172,-0.21877718,-0.095089816,0.13043436,0.18828127,0.27857512,0.0013397373,-0.06961715,-0.027266733,-0.09113152,-0.02248789,0.15501913,-0.051640082,0.13672233,-0.07472679,0.096576095,0.10224509,-0.039762456,-0.11385463,0.00036018342,-0.4036553,0.050306633,0.05812672,-0.076558165,0.09285043,0.02200031,0.28714404,-0.16515356,0.21865013,0.1640551,-0.04285399,0.10706131,-0.1592633,0.1585652,-0.0347665,-0.005476726,-0.059505142,-0.024332678,0.23977947,-0.17833072,0.186517,0.19107011,0.13320062,0.015835673,0.105049886,0.15663879,0.074602604,-0.06234768,-0.011920109,-0.025072485,0.027677838,0.15926458,-0.13483688,0.1913091,0.091723725,0.21738352,-0.041000307,0.008438662,0.06653199,0.27183062,-0.07267588,-0.27968332,0.0050637797,-0.14444321,0.17089108,-0.032927953,0.019195614,0.1669894,0.14439598,-0.023870647,-0.021592095,0.16483752,-0.28587168,-0.27415365,-0.1471101,-0.1629823,0.059289653,0.50533867,-0.12585609,-0.1052082,0.12928627,-0.10173772,-0.10065691,0.2777335,-0.034091044,-0.015193101,-0.23423725,0.22822443,0.0057190657,0.4087217,-0.05697391,0.13541888,-0.2611792,0.15084966,0.1269747,-0.15249951,-0.034288034,-0.08506401,0.25891006,-0.18775626,0.20131113,-0.015360622,0.1991435,-0.25920582,0.13757719,0.05529937,-0.032071136,-0.066018626
"(113.91834510695524, 22.504702783388225)",0.06752676,0.039511785,0.036838766,-0.057361014,0.024767047,0.17065193,-0.4262874,-0.043336403,0.07989526,-0.003407158,-0.012701876,0.015406173,0.10780528,0.20730227,-0.20443961,-0.113651425,0.18606807,0.20804906,0.3300239,0.2494467,0.15849584,-0.054643195,-0.10030524,0.24305767,0.049592536,0.16488722,0.10026751,-0.08025617,0.13543388,-0.32350734,-0.097389475,-0.020494528,0.73552614,-0.044466205,-0.0875869,-0.24393204,0.13490826,0.015804,-0.33750054,-0.13781247,-0.28793174,0.21942824,-0.26688617,0.08523486,-0.17165908,-0.16576628,0.097326934,-0.09020881,-0.30701938,0.047335178,0.018798828,0.10579362,0.03883347,0.085983776,-0.7102523,-0.42907557,-0.18091193,0.447588,-0.08617692,0.11331966,0.075322464,0.010219098,0.106748566,0.0013132542,0.06330308,-0.15549484,-0.24599223,0.21317443,0.10738221,-0.28566843,-0.070989974,0.1816273,0.10898587,0,-0.09365364,-0.022135671,-0.08915159,0.049821205,-0.068250686,-0.066544406,0.30262485,0.22772104,0.21501084,-0.378147,0.119828865,-0.16870914,-0.110539764,0.0062866583,-0.25080523,-0.0073191896,0,-0.41642386,-0.05351931,0.22374125,0.045497455,0.55729145,-0.08964373,0.10129498,0.31650543,0.04448541,0.4988769,0.034695245,0.17366216,-0.23172602,-0.07440579,-0.18407032,0.27782342,0.2221294,-0.045291863,-0.26081958,-0.16296718,0.041046653,0.0305394,0.106652714,-0.070696294,0.33455703,-0.13099952,0.18253629,-0.19235939,-0.26605558,0.21083386,0.19488063,-0.027901344,0.33360496,0.0011635516,-0.16793981,0.17819497,0.022323519,0.06514361,0.023689747,-0.24810386,-0.091082506,0.02760674,0.027544111,-0.07335228,0.21391399,0.10833617,0.088837564,-0.25338525,-0.11007268,0.36629128,0.07362044,0.3604569,-0.24373898,-0.29192528,-0.37990582,0.039528683,-0.066238016,0.57551765,0.17523807,0.11518715,0.16752654,0.28376648,0.09913808,0.31982026,0.07821119,0.27157247,-0.14130902,0.124325834,0.078413546,-0.25099215,0.5788803,-0.07571447,-0.182414,-0.032342955,0.063230336,0.28661147,0.038417265,-0.060501948,-0.3177047,0.0660493,-0.056927696,-0.6983013,-0.049332395,-0.68888485,-0.026797414,0.08475329,-0.09276483,0.084350236,-0.26838562,0.22904913,0.0902747,0.16209319,0.12159325,0.29871917,-0.5511184,-0.12439711,0.080505505,-0.005885914,0,-0.027360845,-0.008431599,0.18240651,0.20688725,0.07535984,0.30085,-0.022188574,0.19327724,0.17237812,-0.48983702,0.25445294,-0.065463305,-0.060546022,0.06921954,0.15723994,-0.0018060952,-0.05243729,0.11010787,0.2900242,0.27572957,-0.024019182,-0.2493209,0.24944098,0.118985176,-0.37493578,-0.54893726,-0.07074665,0.22484788,-0.39499664,-0.07229391,-0.008620463,-0.31385127,0.20233922,0.37130395,0.030247975,-0.06559935,0.48494762,0.085853465,0.28982547,0.05896622,-0.19770174,-0.20887592,0.26720938,0.35853395,0.31841975,0.07384887,-0.1565698,0.13168572,-0.36027318,0.39097652,-0.2959898,-0.1817487,0.1583586,0.2494674,0.050791677,0.032134272,0.025665566,0.041189495,-0.15768006,-0.6216725,-0.308972,-0.15144059,-0.22309081,-0.031383067,-0.20404646,0.01820276,0.16420496,-0.08014625,-0.10538137,-0.6004672,0.14314854,0.23003688,-0.04365908,0.058599614,0.14929436,-0.013230354,0.15308794,-0.24959904,-0.041324392,0,0.22971705,0.06554159,-0.04175222,-0.40922523,0.09802283,0.092184894,0.031225536,0.11440161,0.36983606,-0.3714162,-0.12687558,-0.09723785,0.2025333,-0.0043074116,0.38103506,-0.025430724,-0.15092237,0.09210828,-0.0017151535,-0.08285321,-0.3871841,0.016970798,-0.7526232,0.032187365,0.5279124,0.086010724,0.18717337,-0.14625615,0.06275742,0.078003414,0.2106731,-0.040125817,-0.15162998,0.2164069,0.069011815,-0.13431072,-0.14965422,-0.029397707,-0.0287746,0.056746833,-0.06982936,0.7170294,-0.017389312,0.3033894,0.23191084,-0.0714402,-0.10696936,-0.3226843,-0.042762432,-0.1976337,-0.14954607,-0.13212577,0.54601735,0.1553778,0.030858733,0.14026645,0.35079473,-0.21384701,-0.34798452,0.02096361,-0.1193974,0.3135086,-0.09179912,0.12619893,-0.11168291,-0.04342378,0.2351987,0.22975144,0.12280614,0.12355456,0.24777931,-0.071900986,0.022425577,0.121741936,-0.0025675744,0.0027465522,-0.52093434,0.03963348,-0.23400095,0.24460788,0.49471697,0.18862991,0.24064948,-0.20149726,0.12577635,0.38020945,0.12452847,-0.5298622,-0.2854566,-0.2640032,-0.091752164,-0.05113413,0.026829971,-0.091352955,-0.25785634,0.1357783,0.23285031,0.46888086,-0.1682008,-0.32378256,-0.33488524,-0.11209696,0.15643594,0.22977975,-0.105375044,-0.64623046,-0.079455644,0.21147615,0.019528914,0.4037123,0.11847748,0.08644751,-0.003232576,0.44288597,-0.15354349,0.25431842,0.40675658,0.21274783,-0.27726457,-0.24572803,0.10101748,0.048546687,-0.3330533,-0.29828948,0.7483748,0.14724909,0.07469721,0.464947,0.019089356,0.0057674684,-0.073216945,-0.21146446,0.09515865,-0.0015110457
"(113.9198896135013, 22.511266243641582)",0.025214229,0.060529277,0.09186815,-0.055943683,0.12632501,0.19737644,-0.29149574,0.0075370967,0.18674907,0.033831462,-0.008700155,-0.016538188,0.12837091,0.0540033,-0.07297239,-0.05787827,0.21269007,0.16568854,0.21570736,0.2366689,0.14146692,0.0121137835,-0.036022887,0.045302704,0.017560419,0.10807963,0.1326622,0.013252205,0.01355378,-0.22507006,-0.046556767,-0.021663956,0.6527952,-0.027876286,-0.023111954,-0.15648872,0.06373059,-0.03464392,-0.16356562,-0.102592334,-0.27916864,0.14289382,-0.21483847,0.0077859163,-0.15674064,-0.094730906,0.06384249,-0.027613018,-0.28444484,0.08524228,0.13412899,0.07970087,0.107175216,-0.0025196597,-0.49852237,-0.35191402,-0.14183222,0.343726,-0.14035961,0.053222895,0.12539458,0.021454241,-0.050578076,-0.006074086,0.07320309,-0.22375646,-0.16481255,0.14022464,0.116159946,-0.13175516,0.0035109147,0.0750836,0.11667979,0,0.06318102,-0.025075953,-0.11099604,-0.029718645,-0.108753756,-0.06393701,0.14398003,0.1573411,0.094037354,-0.245587,0.07331729,-0.21491863,-0.07318699,0.099800594,-0.20607293,-0.04452961,0,-0.31019717,0.02007189,0.058455177,0.014041778,0.48182136,-0.047489543,0.027327046,0.17628974,0.0017733462,0.4192334,0.09813393,0.08256444,-0.22095962,0.04694864,-0.07403068,0.20362838,0.21739116,0.021579482,-0.19248536,0.00293314,0.08838167,-0.010095574,0.015907183,-0.11961577,0.1752887,-0.23467183,0.0732446,-0.1458072,-0.2689295,0.16182883,0.09753014,-0.037749067,0.23248045,0.023945907,-0.10090843,0.17646585,0.034079805,0.019121014,-0.0052327886,-0.18081906,-0.05700668,0.08097236,-0.013075948,-0.09532985,0.1500755,0.16980642,0.042387422,-0.22014725,0.023143074,0.44221622,0.05333236,0.14360416,-0.25812542,-0.23794526,-0.27010262,0.068037696,-0.014941838,0.49544662,0.08393111,-0.04987378,0.120871164,0.2902435,0.06875622,0.17083503,-0.07096445,0.011320174,-0.006857075,0.0105103925,0.029388025,-0.17036855,0.45628682,-0.06513004,-0.14745708,-0.031971276,0.17237256,0.25826797,-0.05880533,0.07345538,-0.31647933,0.06389175,-0.13852005,-0.5264658,-0.06934808,-0.40424025,-0.009867892,0.033536658,0.020300064,0.07372954,-0.24296975,0.1832161,0.056741573,0.09253274,0.014897902,0.19802132,-0.29840773,-0.0911502,0.05748719,0.006624613,0,-0.056955714,0.018688537,0.15448813,0.22928533,0.1579816,0.14923936,-0.06717186,0.1406602,0.19960763,-0.30407006,0.22820735,-0.063890696,-0.023106499,0.08459912,0.16741423,-0.039694563,-0.040566877,0.022868872,0.22363901,0.20112532,0.05635272,-0.1751467,0.056806393,0.010220752,-0.19104359,-0.37755603,-0.06343009,0.16592681,-0.17185295,-0.08700813,0.06260228,-0.2499301,0.201236,0.24083507,0.14532709,-0.14167069,0.32502204,-0.008331915,0.2294566,0.075398654,-0.1096047,-0.081846245,0.18045028,0.35137603,0.23251657,0.035040148,-0.1266549,0.2151669,-0.32859224,0.24363837,-0.2307651,-0.09253288,0.10972204,0.33328098,0.028750595,-0.15228158,0.008076787,0.026228223,-0.018115543,-0.546279,-0.22530663,-0.1392152,-0.089588925,-0.0038346257,-0.1870673,0.022966214,0.15319589,0.08744836,-0.095345005,-0.37999165,0.08675621,0.18950856,-0.08022873,0.05172635,0.17848639,0.07635073,0.30242205,-0.13026223,-0.02180595,0,0.13733241,0.03218861,-0.058711637,-0.20004213,0.15393351,0.01552286,0.089142144,-0.038117435,0.29252324,-0.22129592,-0.0038452772,0.030807871,0.20582554,0.06773275,0.32683843,0.025734358,-0.24049142,0.069849744,0.08581588,-0.065221146,-0.18473417,-0.10677703,-0.56237835,-0.0034144819,0.41093135,0.17805722,0.23919596,-0.10828625,0.031508446,0.08885117,0.15034463,-0.13838279,-0.10682121,0.09508875,0.12873475,-0.09989756,-0.13683604,0.040000517,-0.067135215,0.033930838,-0.06695901,0.56269723,-0.016756319,0.19503121,0.10605112,-0.03716191,-0.070943505,-0.25949937,-0.14354564,-0.21007091,-0.023828432,-0.0808879,0.3681723,0.08203966,0.040258415,0.13493246,0.14715624,-0.033403546,-0.19464044,-0.0588938,0.039256316,0.13477713,0.056687303,0.0751718,-0.15369132,0.009505905,0.12050399,0.18481135,0.12476402,0.19613431,0.18927684,-0.029599244,0.06572097,0.0807418,0.05443628,-0.05423346,-0.50525665,0.015848402,-0.10658883,0.2233208,0.39266866,0.19391946,0.1815227,-0.11217706,0.037860833,0.32789588,0.12357165,-0.36998653,-0.18586403,-0.11930546,-0.11671088,-0.0016060378,0.11159974,0.008159855,-0.21278861,0.17879304,0.16740212,0.33406594,-0.15379702,-0.20943384,-0.30033728,-0.023365429,0.07688509,0.22869363,-0.0956304,-0.40296412,-0.061218347,0.15958454,0.03575485,0.38220146,-0.038954932,0.07213852,0.03871066,0.3994336,-0.14512476,0.14770903,0.29169685,0.2999588,-0.28083405,-0.10043027,-0.016326718,0.084972814,-0.19718048,-0.18913753,0.4513749,0.15885426,-0.063713804,0.3608843,-0.006810181,0.0057625957,-0.023158725,-0.120656885,0.13694099,0.013983584
"(113.91992363474183, 22.52991817464705)",0.123316035,0.0026854519,-0.015181664,0.013279719,0.1839745,0.18658414,-0.12962417,0.015231635,0.12582701,0.13896252,-0.03544212,-0.07580994,0.17006505,0.12724978,-0.11518658,-0.022375233,0.10147585,0.049549766,0.15584452,0.11166768,-0.014159702,-0.11183671,-0.05059599,0.13127686,0.07324621,0.09422062,-0.06972539,0.024130177,0.04451267,-0.062944695,-0.0058802925,0.0696803,0.35085055,-0.07384023,0.013020031,-0.13171922,0.037586972,-0.0066745877,-0.24044918,-0.053248707,-0.13111317,0.14362669,-0.22115368,-0.019056551,-0.025388524,-0.08604192,0.042747624,-0.07818873,-0.13053225,-0.011816291,-0.048329815,0.1377736,-0.041351546,0.101803176,-0.31137213,-0.16360968,-0.080076195,0.31364477,-0.060139272,0.1111029,0.0098386295,-0.016712464,0.036982697,0.01656638,0.052942194,-0.06541008,-0.08859034,0.12673002,0.05383746,-0.19741414,-0.06676991,0.18802468,0.035352383,0,-0.17972983,0.00944509,0.0886509,0.12766048,0.005333841,-0.07983026,0.21974972,0.08717558,0.14190334,-0.24919377,0.10464588,0.065561414,-0.09862174,-0.1480087,-0.06706629,0.03720441,0,-0.21363336,-0.044251613,0.07306052,-0.021485135,0.109573916,-0.0017137481,0.17373668,0.2438723,-0.08755852,0.22677723,-0.06821433,0.03742442,-0.032293916,-0.012279153,-0.062545806,0.1489054,0.19862212,0.00046037976,-0.062515914,-0.12835711,0.035110824,0.04110392,0.1289942,-0.032811195,0.12825255,0.08969384,0.21506351,-0.049120404,-0.09326552,0.1008656,0.11444154,0.0074208183,0.25140443,-0.03644169,-0.1057494,0.06926416,0.03150276,0.101544164,0.118119314,-0.16813686,-0.07886738,-0.06327981,0.009896345,-0.0028128847,0.11066453,0.1050105,0.062717766,-0.0032241158,-0.09287298,0.17332648,0.079482764,0.18132213,-0.04684306,-0.20076841,-0.12974834,-0.047727183,0.09896784,0.23942773,0.13366836,0.24585739,0.12830257,0.075019285,0.141342,0.20041534,0.008942962,0.16657503,-0.04031641,0.14863718,0.15642653,-0.09377457,0.261197,0.07429089,-0.019122567,0.036429808,0.115386486,0.09999807,0.12369974,0.0053329617,-0.09895976,0.025197534,0.12371823,-0.29898056,0.017800197,-0.3251533,0.0663782,0.11027385,-0.07755353,0.041165374,-0.0386895,0.065153986,0.08781018,0.14861706,0.19446084,0.15362224,-0.25082508,-0.08156449,0.0047157276,-0.06384185,0,0.07183911,0.08577927,0.02853824,0.08483343,-0.024730377,0.1920371,0.011256009,0.12557271,0.0798507,-0.19193614,0.023168383,-0.06306362,-0.02763292,0.03666073,0.11830864,-0.032590196,-0.018997714,0.11676954,0.12397697,0.16620012,-0.106878385,-0.03316205,0.09969509,0.16128723,-0.024270393,-0.2040013,-0.0017626602,0.023009777,-0.25171018,-0.05322677,0.005701121,-0.1558097,0.110265516,0.24217167,-0.06991179,0.0506513,0.20480368,0.06983105,0.19108197,0.046822622,0.08367908,-0.13946941,0.126387,0.23762436,0.018038914,0.021584436,-0.07771842,0.0014971644,-0.15975063,0.17649674,-0.053857602,-0.09867003,0.13644595,0.03907314,0.059674766,-0.0052427575,-0.20124401,0.033970196,-0.06365488,-0.2605806,-0.12158521,-0.22626907,-0.17852823,0.03946451,-0.09546522,-0.028005652,0.17704013,0.00039377064,-0.08203785,-0.21669,-0.0045223758,0.15916783,-0.0008485578,-0.03407091,-0.035548452,-0.04784159,-0.020435318,-0.036234602,-0.060619373,0,0.21116179,0.056047074,-0.057039358,-0.23035908,0.17043807,0.14486152,0.086405635,-0.06041575,0.21024224,-0.17307264,0.0074676154,-0.011763032,0.117375284,-0.007115811,0.053579565,-0.02816905,-0.0652642,0.05404188,-0.16765527,0.025928693,-0.19450766,-0.09812133,-0.36890078,0.2136597,0.24988562,0.07901719,0.017747866,-0.075321116,0.0127091985,0.09407054,0.06812306,0.023586929,0.0054896288,0.27989745,0.16066146,-0.1510594,-0.09096731,-0.09049431,0.093639076,0.02068936,-0.073612824,0.35081205,0.016352743,0.16208857,0.22310723,-0.050654344,-0.038254827,-0.120928675,0.04080568,-0.1179511,-0.17019273,-0.043627884,0.2870213,0.045389526,0.0790332,0.21876204,0.26182964,-0.18137825,-0.045702204,0.15657294,-0.233797,0.1601869,-0.045051306,0.05025824,0.0499712,-0.06798496,0.16666223,0.19134043,0.11796314,-0.0076232553,0.19962457,-0.00013611652,0.060906418,0.057264604,-0.050291136,0.06378251,-0.22965315,0.14449772,-0.10444653,0.01261561,0.17676072,0.075487316,0.15041283,-0.00977511,0.11313247,0.21093923,0.021404698,-0.17897643,-0.108191304,-0.26607972,0.11704285,-0.052267276,0.031127138,-0.008774715,-0.10569126,-0.15960449,0.13382548,0.23932548,-0.038960803,-0.2524702,-0.13890985,0.029054174,-0.050087497,0.28388223,-0.04382021,-0.3233571,0.07674851,0.21893379,-0.04830165,0.1778868,-0.018693257,0.064217806,-0.053789474,0.39244196,-0.041260496,0.17343578,0.21809211,0.03510347,-0.008453637,-0.11810127,0.1528332,-0.077623874,-0.12385662,-0.18175098,0.35178322,0.057981037,0.11698894,0.25570297,0.06546652,0.009023827,-0.08172831,0.06144724,0.057102382,0.041082934
"(113.92012150335742, 22.67634054722029)",0.28294867,-0.018809175,0.08239113,0.15449709,0.16735907,-0.15450548,0.1496871,-0.014893495,-0.03725773,0.3208769,-0.12075015,0.23914906,0.28745037,-0.018909212,-0.07780393,-0.014619317,0.0039185733,0.15298128,0.14674829,0.49894172,0.28550074,-0.09468454,-0.044567946,0.091526985,-0.017667253,0.061912443,-0.10663756,0.06641839,-0.15428716,0.05967176,0.1484067,0.06413982,0.28700128,0.2495264,0.2400091,-0.05633203,-0.11994926,0.1974136,0.17925061,0.11874158,-0.2249732,0.15069899,-0.1189684,0.039218493,-0.077190004,-0.16486692,0.25789592,-0.012002323,-0.14429504,-0.26683265,0.013829216,0.01835508,0.031092126,-0.11710289,-0.19905704,0.025754381,-0.08589119,-0.070676915,-0.11178078,-0.057694003,-0.12940793,-0.16449451,-0.24080122,0.1489725,-0.026887182,0.00011699647,-0.21060924,0.032936703,-0.06598289,-0.3128631,0.16763607,-0.07095414,0.045334823,0,-0.17616199,0.06158312,0.20789999,-0.11377262,-0.28275725,0.28829908,-0.008351166,-0.063887894,0.13777876,-0.29510987,0.048004363,-0.09770539,0.11055522,-0.26893404,-0.09040358,-0.14469948,0,-0.1280851,-0.13190454,0.0044399593,0.21494985,-0.01573465,-0.08870988,-0.12430306,-0.082130946,-0.19702552,0.26235256,0.24667317,0.0014779232,0.2485355,0.2871089,0.0980531,0.26255175,0.32442346,0.30952686,-0.31999606,-0.08673292,-0.057651903,0.055808373,-0.22609046,0.19197285,0.103254184,0.37405372,0.3327799,-0.12498808,-0.12707554,0.2310916,0.004781158,0.24812846,0.18717775,-0.03910295,0.0036671758,0.051952604,0.010128554,0.08855172,0.42608684,-0.2782729,0.068484955,0.12231216,0.08861056,-0.23709941,0.20141594,0.36656046,0.050087076,0.005799152,-0.041288413,0.16255811,-0.11041522,-0.10855599,0.028641202,-0.18692338,0.0076589286,-0.06157095,0.14247091,0.21402146,0.298486,0.26845503,0.14251864,-0.05632834,-0.1741606,0.023932312,-0.07018028,0.0484474,0.16948813,0.24116775,0.4198656,-0.21167192,0.11482936,-0.16274141,-0.26932648,0.077069774,0.015391501,-0.004343929,0.011219487,0.021286592,-0.094322644,0.07878683,0.14743523,-0.0483564,0.028534733,-0.34165955,0.0023480356,0.2027372,0.09958457,0.08210666,-0.19092187,0.37618414,0.100358,0.07578787,0.10105721,-0.02891288,-0.28846556,0.10456933,0.037142687,-0.0004310161,0,-0.1381472,0.3017457,0.032547884,-0.019490276,0.08182558,-0.26510963,0.061874285,0.017868109,-0.21008296,-0.0990562,0.0030409973,-0.13612488,-0.007960574,-0.06895319,-0.043814167,0.029579595,-0.32716215,0.2616697,0.12369374,0.12932709,-0.10409339,-0.037573412,-0.15092409,0.045575842,-0.12602383,-0.10425305,-0.05596085,0.29745615,-0.12883908,-0.013902932,0.15786259,-0.1987127,0.5138294,-0.013844792,0.007426504,0.055870675,0.46822408,-0.16624494,0.04207424,-0.067693256,-0.19816543,-0.3830329,0.3351294,0.09781657,0.09480508,0.38446796,0.015462946,0.044340543,-0.19448143,0.22672501,-0.21062377,-0.18072467,-0.036374077,0.0031872913,-0.030611876,-0.07812824,0.015813082,0.10032647,0.057600487,-0.092153296,-0.09979839,-0.18833253,-0.26300472,0.097356126,-0.03546887,-0.07137449,0.048907854,0.21391024,-0.086888,-0.31166637,0.04677976,0.15549082,0.06946546,-0.03773284,0.040889096,0.02227996,-0.078341946,0.031105012,-0.347902,0,0.09536339,0.054347858,-0.033418708,0.044281334,0.26334733,0.121392906,0.23241466,-0.009239297,0.103518985,-0.292898,-0.013784297,0.060731705,0.015935339,-0.13099453,-0.06786692,0.14726934,0.20743164,-0.114966854,0.045108378,-0.10488955,-0.04750439,0.10882111,-0.49926978,-0.31847095,0.2917635,-0.29142836,0.13555594,-0.21519163,-0.10127318,0.16875212,0.20707878,0.2991107,0.0063013323,-0.048124716,-0.06232605,-0.114469744,-0.026746627,0.21188207,-0.09158172,0.17346185,-0.04351871,0.106025964,0.09545098,0.008218391,-0.18504132,0.02430109,-0.40015674,0.032069996,0.053668257,-0.10479496,0.16673008,0.011649691,0.25430974,-0.1381469,0.2483165,0.16367018,-0.052744634,0.100080416,-0.16349015,0.18073788,-0.04632089,0.0022803266,-0.09100736,-0.04562846,0.23106015,-0.21926951,0.20214725,0.21902068,0.18115848,0.02017542,0.13476509,0.16953243,0.07860832,-0.05844,-0.024661303,-0.028932378,0.02609605,0.11427549,-0.15759209,0.20843177,0.089203134,0.2196263,0.0069227368,0.010755859,0.06268639,0.29552466,-0.07708241,-0.23934682,-0.009221368,-0.14786963,0.15070188,-0.021525135,-0.03125447,0.20123935,0.17401415,0.0131251225,-0.042563103,0.21343607,-0.32395476,-0.28971013,-0.17071751,-0.16329832,0.098272525,0.50309336,-0.17520244,-0.14702418,0.103176504,-0.1476729,-0.092241675,0.30447716,0.002721142,-0.02332994,-0.25583327,0.21488753,0.03384871,0.41569734,-0.061375596,0.09778554,-0.25860247,0.18090047,0.114537716,-0.09615358,-0.056356385,-0.061452717,0.23736691,-0.15970989,0.22369985,0.023623498,0.18123156,-0.23046853,0.16040096,0.08807032,-0.06582264,-0.022663683
"(113.92024674719404, 22.526696308784828)",0.13203207,0.06646506,0.022134397,0.033248633,0.17632507,0.06855783,-0.044773377,0.019170824,0.08413628,0.17644544,-0.050003685,0.054257017,0.13931543,0.0013982803,-0.10052629,0.014059488,0.12953879,0.10186083,0.08052921,0.20921832,-0.044591688,-0.10387229,-0.05124806,0.1231145,0.04980779,0.0716681,-0.077115946,0.05715844,-0.030104246,-0.028452411,0.032443456,0.103451766,0.26445103,-0.08447308,0.088402174,-0.13154218,0.018441223,0.008947961,-0.15153381,0.00666593,-0.14369047,0.22902387,-0.18904719,-0.03606733,-0.026055902,-0.018628275,0.0585213,-0.09942454,-0.12284036,-0.022665394,-0.016902521,0.12091051,-0.006206762,0.032211255,-0.2314207,-0.03803369,-0.02097173,0.23655722,-0.104222745,0.07289869,0.020955656,-0.03167321,-0.029806744,-0.029647276,0.02813192,-0.061100163,-0.1139234,0.04050788,0.054258693,-0.15824246,-0.007426508,0.14194396,0.02582296,0,-0.15413192,-0.015176188,0.104541,0.060581885,-0.018039912,-0.054016583,0.16763218,0.055150434,0.1788607,-0.23928025,0.09375028,0.09179959,-0.06610313,-0.12778464,-0.037792683,-0.004082449,0,-0.10580186,-0.02151426,0.12589432,0.053326234,0.010911185,-0.005672685,0.10860659,0.17745668,-0.13331948,0.14334345,0.01095774,0.04654338,0.030200243,0.10645001,-0.009061575,0.18582895,0.21141507,0.05380953,-0.086450756,-0.054909766,0.06993361,0.049080916,0.01885277,-0.03540115,0.110605426,0.11150346,0.21119857,-0.07849884,-0.08730331,0.10571158,0.032633066,0.032843728,0.180136,-0.031237056,-0.07463086,0.054485355,0.040591706,0.07748758,0.15874755,-0.22114536,-0.06135992,-0.05030401,0.009034745,-0.09318778,0.018617643,0.2171706,0.07817809,0.054442924,-0.07474334,0.21591857,0.044110097,0.18103239,-0.047823913,-0.16378278,-0.030172445,-0.046196096,0.11976114,0.22047366,0.12447599,0.26785278,0.14299557,0.08030546,0.09468667,0.1684281,0.09396562,0.14470267,0.035949558,0.19152659,0.18141188,-0.0700472,0.22655788,-0.050531626,-0.106203884,0.0040588225,0.08326686,0.07037236,0.101941034,-0.0071054846,-0.10230499,0.041964285,0.14349012,-0.1530036,0.046004154,-0.19948377,0.10937578,0.12819208,-0.009023444,0.03675122,-0.047883876,0.1744118,0.063601874,0.13891982,0.14896464,0.1594474,-0.20535405,-0.015109383,0.031695195,0.032117274,0,0.008632321,0.10910005,0.023292365,0.09425309,0.04743456,0.12636429,0.093139425,0.13158676,0.07925997,-0.109012455,-0.041977495,-0.11215562,-0.030272326,-0.014446428,0.07439022,-0.031128183,-0.02941592,0.14894547,0.08159896,0.16085084,-0.06639911,0.028801402,0.047641218,0.09419957,-0.054739006,-0.14329062,-0.0020219628,0.044344746,-0.14521804,-0.06459746,0.040078342,-0.07423221,0.18804513,0.23085156,-0.023760851,0.045986746,0.17784733,-0.0053497665,0.1762298,0.034129232,0.086400405,-0.1404556,0.16186705,0.18852966,0.04912357,0.09600678,-0.027543228,0.016103566,-0.18679084,0.14951593,-0.02256418,-0.08684974,0.12824714,0.056774244,0.096309036,0.011946224,-0.18579827,0.08909462,0.006646134,-0.11020665,-0.09810115,-0.21538892,-0.16013213,0.07745478,-0.030313082,-0.02124428,0.20180276,0.051524375,-0.098489925,-0.16612667,0.027941696,0.2313619,-0.014729295,-0.011585079,-0.017359588,-0.005014777,-0.012658894,-0.020139739,-0.1308232,0,0.19521093,-0.0016246866,-0.025750017,-0.16183382,0.23321185,0.10865622,0.13028593,-0.06032696,0.14519262,-0.12610033,0.031824786,0.014877495,0.11643585,-0.00091107935,0.024122093,0.04038471,-0.020181099,0.026470963,-0.028370515,-0.025654322,-0.11169811,-0.022501394,-0.31303412,0.08320166,0.2322849,0.033461764,0.021065267,-0.017205149,-0.05846885,0.1305255,0.07083617,0.06161627,0.030650761,0.24544911,0.10484877,-0.15952575,-0.0521709,0.01373484,0.016721237,0.082728736,-0.017538618,0.29890892,0.030403309,0.12922223,0.1283345,-0.0031557307,-0.065435916,-0.07795538,0.063864574,-0.13777342,-0.061058924,-0.035037603,0.17788777,0.06170862,0.19069773,0.16658188,0.1204093,-0.120933995,-0.024662586,0.16470471,-0.20568822,0.11370091,-0.06697453,0.024256872,0.10388936,-0.07819543,0.1440605,0.21051301,0.17443636,-0.015839603,0.20873272,0.05459694,0.07251222,0.0422723,-0.07948251,0.049020313,-0.17389598,0.080691926,-0.077695526,0.051517073,0.14053388,0.110388026,0.17098665,-0.024515279,0.11518308,0.1708792,0.035109,-0.09638418,-0.08803322,-0.1780873,0.10241774,-0.017863503,-0.0008330513,0.06280198,-0.040233262,-0.09826785,0.11015809,0.21601586,-0.069940336,-0.19516747,-0.13603583,0.074158244,-0.039816223,0.27103695,-0.097747274,-0.26968163,0.061430015,0.14713013,-0.05945049,0.21957183,-0.061351407,0.046565127,-0.08695888,0.33239615,0.041096672,0.13305438,0.1456769,0.02707453,-0.041214824,-0.01602476,0.11776657,-0.004323706,-0.08671589,-0.14121595,0.25246146,0.05036152,0.10223151,0.19838999,0.047914118,-0.0233027,-0.026713561,0.113149785,0.029889949,0.051454946
"(113.9203008373274, 22.58154936361799)",0.18120766,0.07238773,0.007302899,0.087998055,0.20653889,-0.01112454,0.08878054,0.025472552,0.019915551,0.30110288,-0.09166353,0.12220758,0.13595453,-0.06384502,-0.1472719,0.025573347,0.09775759,0.12870717,0.041418772,0.3106091,-0.010056429,-0.14586684,-0.07947669,0.13405396,0.033329386,0.07153259,-0.15230876,0.09652146,-0.15987964,0.057171986,0.083283216,0.13970315,0.18590727,-0.07170829,0.19511741,-0.13752753,-0.062504515,0.07053426,-0.056830306,0.042910524,-0.14965454,0.30763024,-0.19198236,-0.07936877,-0.026169136,-0.02083326,0.12522031,-0.12918524,-0.11700036,-0.1304144,-0.07623902,0.12165412,-0.051989343,-0.026372664,-0.11283148,0.10231258,-0.019019648,0.1356709,-0.10127427,0.015752308,-0.04591536,-0.09022281,-0.07484788,-0.030698165,-0.00015750155,0.010996796,-0.14845653,-0.011087123,0.023507152,-0.19833766,0.056522645,0.12994269,-0.0041619837,0,-0.27952933,0.006460432,0.18440445,0.009654976,-0.104472876,0.037636764,0.12664269,-0.008676633,0.20838653,-0.2667668,0.07888389,0.14458093,-0.019943777,-0.22480297,-0.029314496,-0.037166007,0,-0.028580882,-0.06915728,0.09340856,0.098271154,-0.19410785,-0.0002361415,0.06603889,0.11279789,-0.21938078,0.06487225,0.04552669,0.015218157,0.17649232,0.21977596,0.02102603,0.23914123,0.27367756,0.15786369,-0.12583557,-0.04783484,0.028215308,0.05434764,-0.100044675,-0.025869906,0.10320308,0.31826502,0.30509308,-0.079171054,-0.08536072,0.14837293,-0.013991827,0.10405837,0.19691265,-0.02704682,-0.058909446,0.02875239,0.03828935,0.06327046,0.29805246,-0.29877782,-0.06433261,-0.023197323,-0.001987867,-0.14812782,-0.0110669825,0.31593555,0.056157496,0.11393042,-0.14112347,0.15960056,0.028730892,0.11109103,0.028861158,-0.15033132,0.025553256,-0.0964702,0.21784928,0.18726473,0.21529166,0.3772854,0.16955298,-0.015914604,0.040438145,0.15697038,0.10638653,0.1475229,0.09846761,0.26941285,0.2860571,-0.124342784,0.13949464,-0.10591686,-0.168435,0.031605795,0.023694584,0.0034185778,0.12131052,-0.073715046,-0.048024975,0.033015437,0.26608935,-0.007855013,0.084575884,-0.14476229,0.13462448,0.19707532,0.025543544,0.014106818,-0.017424136,0.27175823,0.09107024,0.15494141,0.15067875,0.10604588,-0.19653675,0.050186746,0.020234564,0.07436852,0,-0.004366111,0.15986213,-0.0066405144,0.044858437,0.041989945,-0.0063531045,0.1424963,0.0993794,-0.016719896,-0.010807939,-0.114619404,-0.13177398,-0.041828033,-0.07408732,0.024068892,-0.015642002,-0.13875826,0.21720903,0.06560709,0.1375511,-0.1506979,0.116656475,-0.005488353,0.09912668,-0.07408366,-0.079822525,0.010165816,0.08126178,-0.0903902,-0.07662578,0.072943226,-0.045657404,0.28142154,0.16930926,-0.049237516,0.10926145,0.26070526,-0.05268701,0.13581705,-0.0040719584,0.13232833,-0.26293957,0.19324607,0.13705716,0.011104211,0.21373908,0.006093573,-0.026664987,-0.16397102,0.101234846,-0.040562637,-0.11835728,0.08424844,-0.027448244,0.08972618,0.014556296,-0.25136405,0.11671275,0.035142645,0.030565694,-0.065933,-0.25543377,-0.22944118,0.13486186,0.018588684,-0.045778252,0.1906363,0.11081957,-0.14307772,-0.12926584,-0.016311474,0.24983159,0.02605718,-0.04079867,-0.07189335,-0.054425262,-0.085420355,0.08433506,-0.24123377,0,0.18605173,-0.03960094,-0.031257696,-0.07763621,0.3045923,0.1655617,0.13998447,-0.07744464,0.07603326,-0.12926991,0.0794607,0.05448507,0.09929772,-0.048180416,-0.07140742,0.07098111,0.09527221,-0.030271087,-0.006791085,-0.029282091,-0.084178,0.054327264,-0.29343015,0.012328558,0.19526392,-0.096942805,-0.018468438,-0.025091812,-0.09431155,0.19712275,0.05108483,0.20788851,0.061110754,0.2795809,0.11648358,-0.21218364,-0.032219525,0.061488856,0.02217381,0.18968731,-0.0070993565,0.19335921,0.057829157,0.09709899,-0.008093014,0.05155257,-0.16697401,-0.048980236,0.10372542,-0.13473031,0.015060283,-0.015627235,0.124754146,-0.0029152706,0.2957888,0.2329928,0.036823444,-0.064724684,0.01174277,0.25702098,-0.27211097,0.08206523,-0.1294626,0.010418469,0.23868671,-0.18711504,0.1767925,0.25889575,0.2202487,-0.07354097,0.23894009,0.12569994,0.11880089,-0.018908298,-0.11912455,0.06317909,-0.008949902,0.10196445,-0.10293153,0.07187134,0.05736165,0.12026338,0.17868921,0.022666112,0.117894955,0.18926692,-0.024928082,-0.020641964,-0.056492977,-0.22694613,0.16776319,-0.017299136,-0.05111015,0.13733673,0.06253507,-0.13280447,0.036868863,0.2227226,-0.115331024,-0.25355634,-0.08146582,0.050531574,-0.088010065,0.37694913,-0.14357106,-0.23562841,0.11513847,0.053371664,-0.103469685,0.19401519,-0.04319765,0.010385815,-0.16390133,0.33677486,0.08727467,0.23385714,0.04793293,-0.08981891,-0.079027,0.071333356,0.19178742,-0.027755767,-0.07564859,-0.118454695,0.1720896,-0.017842285,0.18859649,0.15413485,0.08626764,-0.08438426,0.017603789,0.2054266,-0.016314015,0.1008409
"(113.92137796864768, 22.511806804377738)",0.027969312,0.07622599,0.099160746,-0.052514486,0.09284909,0.16828017,-0.32846427,-0.00892774,0.1667276,0.010845773,-0.0009267032,0.013397705,0.12129405,0.067727745,-0.06585632,-0.06990826,0.21041016,0.18765302,0.20390102,0.22027655,0.10631696,-0.005183205,-0.0629213,0.08781099,0.02492297,0.119079575,0.12164878,-0.012620381,0.051078986,-0.24604353,-0.05595843,-0.023052245,0.6522503,-0.06269449,-0.042652898,-0.15211332,0.097119614,-0.042100042,-0.19429067,-0.090319365,-0.23996076,0.14833626,-0.2183887,0.04660826,-0.14076623,-0.11416633,0.042847633,-0.04175951,-0.27711436,0.08675599,0.12311113,0.08402364,0.09058874,0.041021463,-0.5207342,-0.35467085,-0.11127051,0.36160818,-0.11617902,0.096737534,0.14049166,0.031597942,-0.009404477,-0.014856622,0.058475334,-0.17754817,-0.1905653,0.15207893,0.10850783,-0.12997825,-0.010547422,0.094660245,0.11426154,0,0.05570353,-0.031705495,-0.11639847,-0.027105026,-0.08031766,-0.09337106,0.17577621,0.17744213,0.117544845,-0.2509265,0.09865813,-0.16640024,-0.07423216,0.0874626,-0.19336098,-0.035138555,0,-0.32733977,0.02149859,0.09828726,0.04002416,0.46660173,-0.066205546,0.0509371,0.21014728,0.013844509,0.39721647,0.08241152,0.0953065,-0.23914388,0.002964437,-0.07913187,0.21546677,0.19436914,0.008547419,-0.17902544,-0.043935824,0.10562014,-0.001271069,0.050703347,-0.11282444,0.20102268,-0.22547881,0.07907481,-0.15236112,-0.26398772,0.12215923,0.11865819,-0.04200122,0.23356164,-0.009502342,-0.11300197,0.20364249,0.032417685,0.022277914,-0.02991467,-0.16963717,-0.03912335,0.03381759,-0.019766353,-0.10774866,0.16427258,0.11734905,0.051072698,-0.18627992,0.0047835615,0.4323984,0.0739487,0.1976808,-0.24411508,-0.26061627,-0.27409494,0.071012765,-0.03135397,0.5007235,0.04786762,0.003911514,0.120544024,0.28477508,0.07353091,0.18155104,-0.015782747,0.08545014,-0.06449287,0.020960562,0.022079207,-0.14157867,0.4534383,-0.07097283,-0.15332949,-0.049401507,0.15772565,0.24742673,-0.020354375,0.05119808,-0.31119025,0.07514164,-0.114881575,-0.5256069,-0.052456804,-0.45250803,-0.0062740147,0.024429157,-0.0076265493,0.10063075,-0.23779425,0.18214901,0.035589516,0.11798878,0.039250795,0.22762907,-0.31746322,-0.10012599,0.071579546,0.036216162,0,-0.045071054,-0.014280625,0.16004762,0.22679955,0.124681704,0.22800285,-0.05495797,0.15974697,0.22739424,-0.33499447,0.22315556,-0.0673444,-0.025313007,0.07462673,0.14003868,-0.047780886,-0.014564559,0.037019014,0.21935275,0.23091629,0.05674641,-0.17635411,0.107546955,0.028585449,-0.21667689,-0.3918919,-0.062473394,0.15616167,-0.19725785,-0.07589367,0.03553479,-0.21091451,0.17477128,0.2930287,0.13196756,-0.11576936,0.3196743,0.0067260815,0.23882177,0.087357,-0.1463886,-0.06390936,0.18728754,0.3466304,0.23428945,0.0037547797,-0.12443489,0.18183652,-0.30058432,0.2544323,-0.21742398,-0.09014005,0.13052274,0.34973454,0.025975164,-0.09084348,0.011545643,0.03533374,-0.042801313,-0.51253253,-0.23167586,-0.10330048,-0.10374726,-0.010547871,-0.18888637,0.040303655,0.16660705,0.064699195,-0.08205736,-0.40095463,0.101806365,0.19185334,-0.08886483,0.059975334,0.17339063,0.086091965,0.2653039,-0.13787287,0.0024636164,0,0.16997468,0.052285247,-0.028269177,-0.25755468,0.13810375,0.013393305,0.0803727,-0.035538267,0.28156564,-0.2550426,-0.037397895,-0.023605805,0.20554,0.09145784,0.3149152,0.024370294,-0.22270615,0.07995333,0.050319254,-0.065277174,-0.20833623,-0.054037377,-0.5526364,-0.012935348,0.42483863,0.19542897,0.22486106,-0.06830539,0.032217577,0.07467115,0.14057115,-0.13980485,-0.120750025,0.12161307,0.11734541,-0.09022063,-0.098626286,-0.0008331388,-0.047493022,0.05321627,-0.061043393,0.5827095,-0.019872516,0.17187613,0.15447263,-0.020683192,-0.047223315,-0.2636435,-0.10028674,-0.19351262,-0.077936575,-0.082925186,0.37903455,0.109887,0.03299997,0.10947305,0.17632544,-0.082934126,-0.2244857,-0.055134416,0.0015127771,0.17594911,0.026544265,0.081005335,-0.12883028,0.03566941,0.1279478,0.18127465,0.10487083,0.15026468,0.18986383,-0.05936887,0.050914876,0.11187653,0.03798254,-0.0325502,-0.48305574,0.01250435,-0.11247521,0.22797199,0.3973674,0.18708394,0.20836014,-0.1531249,0.0704776,0.29042768,0.14003356,-0.39427596,-0.17192787,-0.144985,-0.11927805,0.011168936,0.114628926,-0.024033736,-0.2094711,0.17226471,0.19929555,0.3369681,-0.13286066,-0.19883789,-0.29551768,-0.023730015,0.09427852,0.19962198,-0.087547906,-0.4251039,-0.058824267,0.18307368,0.02952813,0.3666861,-0.05097582,0.077294946,0.054463558,0.3912727,-0.1323798,0.13424027,0.3128347,0.27649176,-0.28718278,-0.11846216,-0.005555205,0.085393146,-0.1956623,-0.21542463,0.5056112,0.16540423,-0.039607145,0.34891364,-0.015603833,-0.014692742,-0.03273354,-0.15277979,0.13039601,-0.0038479203
"(113.9219811152023, 22.506739752818905)",0.051930606,-0.021988636,0.043750737,-0.061958626,0.105394244,0.25499603,-0.39609873,-0.00935201,0.19326845,-0.047733374,0.023035333,-0.099193126,0.15057534,0.22810158,-0.089125715,-0.10451605,0.14428122,0.085304655,0.31846747,0.10413119,0.14974305,-0.0086138705,-0.01966308,0.092087105,0.049184542,0.11614016,0.13300541,-0.065132104,0.18617994,-0.29268828,-0.094313666,-0.046051458,0.6798352,0.037991993,-0.13469034,-0.15835041,0.13489154,-0.053950623,-0.29732785,-0.13603835,-0.2509573,0.032389857,-0.22410446,0.07792332,-0.13414419,-0.17629142,0.030181147,-0.0020442195,-0.2662148,0.09134123,0.09251802,0.09516037,0.07603772,0.10824691,-0.63758016,-0.49021795,-0.17170168,0.40725818,-0.07498455,0.104965866,0.086469725,0.035609692,0.050661113,0.07458846,0.09265959,-0.23520744,-0.1279115,0.23995993,0.10551916,-0.21717402,-0.096467756,0.1366818,0.13286828,0,0.05280114,-0.022875573,-0.10506271,0.08572181,-0.047762394,-0.079662494,0.238945,0.20712006,0.10599698,-0.2852956,0.09543519,-0.21621293,-0.10978467,0.036083855,-0.2268892,0.026042834,0,-0.42343664,-0.0076916367,0.0847157,-0.037637822,0.6179943,-0.08237637,0.10596351,0.2594851,0.10339315,0.52228487,0.008898981,0.11593051,-0.2924667,-0.14878966,-0.12557745,0.16532975,0.19310054,-0.07600756,-0.16472316,-0.13040762,0.030274153,0.022308104,0.18592152,-0.035664387,0.21988979,-0.23111148,0.10252292,-0.12585801,-0.22889663,0.1612043,0.21227868,-0.04754486,0.29467484,0.0021869186,-0.1082069,0.16292292,0.023184221,0.084959544,-0.029354118,-0.133154,-0.061751105,0.039887905,0.023895368,-0.0020987242,0.26363984,0.038090922,0.059162434,-0.2414723,0.03174094,0.3645902,0.058120176,0.2369352,-0.24422643,-0.26213872,-0.3848936,0.054482296,-0.106843635,0.48699713,0.10805064,-0.05330072,0.097321846,0.31248268,0.10030107,0.21640262,-0.06909694,0.1259629,-0.10571496,0.004885532,0.030076966,-0.18550229,0.52709603,0.06581238,-0.06089304,0.018143907,0.17853723,0.28960216,0.007275507,0.08658473,-0.30625737,0.071026124,-0.17132723,-0.69243157,-0.080899715,-0.6075761,-0.059469372,0.0059171766,-0.072924845,0.09879329,-0.25620648,0.08011709,0.055650882,0.10736668,0.1195544,0.22013718,-0.4208817,-0.15196514,0.057425365,-0.08802216,0,-0.0007616207,0.012152083,0.1631377,0.19546013,0.06628045,0.2905517,-0.11233066,0.14498726,0.18940213,-0.47043517,0.26995277,-0.027515098,-0.012289329,0.09875305,0.18852249,-0.011508539,0.017400652,0.020482779,0.26698473,0.2374163,0.035320505,-0.2563309,0.16630098,0.09705143,-0.14553222,-0.44941133,-0.059334554,0.146317,-0.3446852,-0.05343397,0.0072463304,-0.31763932,0.13767537,0.27554032,0.07299547,-0.11263026,0.32449967,0.072616704,0.25341487,0.08094984,-0.19982375,-0.054228786,0.17169693,0.34941512,0.2339866,-0.034132816,-0.1641545,0.16957769,-0.30846047,0.3576514,-0.21578187,-0.12808342,0.1327303,0.28098452,-0.0069595315,-0.062142394,0.03434764,-0.012674671,-0.13066277,-0.6577302,-0.27268377,-0.13580689,-0.1133842,-0.060256146,-0.24529013,0.024284042,0.12946653,-0.026807867,-0.029929265,-0.48928225,0.10585836,0.124710776,-0.043911956,0.044580042,0.16406903,0.0517398,0.20583174,-0.23450968,0.041838296,0,0.17625624,0.12147074,-0.07499629,-0.3203576,0.03293018,0.034400783,0.07768856,0.047049005,0.38010737,-0.3254254,-0.09544089,-0.04848555,0.17894065,0.02982945,0.32069847,-0.04306681,-0.25020096,0.110244036,-0.07284254,-0.043751873,-0.29625294,-0.15875801,-0.63136214,0.11476589,0.44020405,0.18585971,0.20285334,-0.18363538,0.09869966,0.0076883957,0.18272693,-0.15490709,-0.11126971,0.09425922,0.106584206,-0.05088675,-0.15892783,-0.05731981,0.021247763,-0.06309487,-0.08859214,0.63918334,-0.012691602,0.24001075,0.271658,-0.14043802,-0.05600825,-0.25758943,-0.10903621,-0.17144096,-0.17863439,-0.10122572,0.5113893,0.10086081,-0.09208464,0.12078887,0.34376153,-0.14635707,-0.27565008,-0.070053756,-0.00064193085,0.21113962,0.04238268,0.09071178,-0.20592958,0.059103064,0.16126204,0.14164782,0.05327577,0.1619108,0.16074443,-0.09393563,0.025188863,0.118744746,0.09916757,-0.03307362,-0.56182075,0.0748239,-0.16289282,0.16684015,0.4401258,0.16027682,0.12457831,-0.12711577,0.046016075,0.33873105,0.11171384,-0.5180583,-0.2084747,-0.1915459,-0.09098216,-0.037337907,0.1215093,-0.09419638,-0.27327105,0.10340431,0.20670077,0.3373853,-0.12501913,-0.25023705,-0.29623875,-0.0957539,0.12101748,0.20411062,-0.043952443,-0.48073637,-0.041609596,0.2519568,0.05612238,0.33794415,0.021504443,0.12251434,0.061979346,0.4243498,-0.18467936,0.17546563,0.3838093,0.31504306,-0.19159895,-0.25127184,0.032638922,0.0048566014,-0.22565888,-0.23958877,0.61738765,0.16088183,0.0028604371,0.38300127,0.040678427,0.039997835,-0.077782705,-0.20622274,0.12861216,-0.0645986
"(113.92271042037233, 22.67972946428562)",0.24004287,0.002509715,0.043267336,0.12530361,0.12856457,-0.17341776,0.1508981,0.0012528189,-0.07455033,0.34260774,-0.13041481,0.2324292,0.13668129,-0.06963021,-0.17859375,0.029878754,0.04550354,0.2015629,0.1358385,0.5318705,0.2909113,-0.06579372,-0.022413034,0.120858476,-0.00090396777,0.07313287,-0.06346879,0.069996975,-0.24123627,0.060843974,0.1635783,0.076372474,0.276694,0.23617215,0.3184354,-0.11082459,-0.12099547,0.1705202,0.19952141,0.100121655,-0.2524755,0.29727817,-0.11746779,-0.036145136,-0.10774553,-0.04282058,0.30615777,-0.06796658,-0.14697039,-0.21248351,-0.017456383,0.03451421,0.029981634,-0.1838254,-0.13827118,0.11131337,-0.1276636,-0.09062319,-0.14291188,-0.17512682,-0.15382348,-0.17547674,-0.20646027,0.071927026,0.0018982477,-0.06088355,-0.16707255,-0.0411168,-0.0121192895,-0.32859537,0.20466489,-0.052565955,0.041817117,0,-0.23135148,0.04667521,0.23152329,-0.13177523,-0.3087615,0.30656567,-0.02339952,-0.06574969,0.18811141,-0.33865863,0.00070747733,-0.12996662,0.11155172,-0.19763607,-0.10004262,-0.18111467,0,-0.022948518,-0.119594835,0.10279227,0.21320456,-0.004973639,-0.0610338,-0.15692724,-0.09805506,-0.17616208,0.24316394,0.26201352,0.031189043,0.3102355,0.4030772,0.068818614,0.29853123,0.35097992,0.3456906,-0.34245595,0.049169112,-0.07045684,0.021895088,-0.30204836,0.10342378,0.19632202,0.34021172,0.36453444,-0.1515944,-0.1345003,0.35688078,-0.033478282,0.24077721,0.17692359,0.030013794,-0.0029420704,-0.01750436,0.02682164,0.05738815,0.44056064,-0.36896262,-0.018869558,0.24124268,0.10556438,-0.24265751,0.06690478,0.5178539,0.10036737,-0.061861802,-0.0810866,0.18401638,-0.118423596,-0.046539083,0.010459863,-0.1047614,0.045254022,-0.056003854,0.1510747,0.22927965,0.39580828,0.22038087,0.16604823,0.017755821,-0.15951711,0.15581538,0.013256289,0.017978057,0.26076528,0.28508347,0.420492,-0.26410273,0.17970231,-0.23857205,-0.31332117,0.06713548,-0.06445725,0.0321462,-0.015581593,-0.045933172,-0.12792774,0.07174077,0.12744473,0.0056330115,-0.009848498,-0.26068127,0.047751587,0.25308186,0.15255992,0.0009217635,-0.15996037,0.47753766,0.13116232,0.062447216,0.06100262,0.02134543,-0.3188223,0.13721734,0.06072084,0.052704155,0,-0.17746268,0.2731,0.081428215,0.0071694744,0.17125657,-0.33166856,0.17596887,0.060760774,-0.19033776,-0.015873805,-0.01491666,-0.1549347,-0.038973402,-0.040017627,-0.05163686,0.067227915,-0.3379141,0.2505356,0.1660406,0.11491128,-0.090253845,-0.023597324,-0.13814703,0.029340178,-0.22943667,-0.10803734,-0.027943777,0.3441162,-0.06601346,-0.07986294,0.16557223,-0.21295795,0.6199321,-0.024445537,0.019914765,0.026547585,0.5148137,-0.14222014,0.031205587,-0.062387146,-0.110846534,-0.4299464,0.31924036,0.12337756,0.17182128,0.4384445,0.04616491,0.079903826,-0.29503316,0.26647922,-0.19771588,-0.16706608,-0.042540446,-0.037651993,0.044203963,-0.09238664,-0.012266055,0.13992696,0.028820641,-0.070276484,-0.12805712,-0.22659306,-0.30050802,0.16123764,0.04621478,-0.056017324,0.076972045,0.16333249,-0.13313821,-0.313572,0.06261686,0.23980245,0.07467188,-0.0014304146,0.050507586,-0.021586739,-0.036994517,-0.008371249,-0.40433365,0,0.07876593,-0.05730673,-0.084907226,0.13755873,0.26394945,0.1605702,0.21377213,0.11099473,0.069979444,-0.23178545,0.02045561,0.12054754,0.0674284,-0.18090114,0.009562861,0.18077053,0.20703909,-0.10683137,0.23301129,-0.14101024,-0.0447706,0.13623472,-0.48744565,-0.30923373,0.2849563,-0.37236908,0.15064526,-0.23921669,-0.1380976,0.2531433,0.21959516,0.35585755,0.019039143,-0.0075618476,-0.09027025,-0.15792178,-0.058790248,0.30008152,-0.15979174,0.1813874,-0.020844962,0.1241162,0.110988885,0.16826369,-0.31256652,0.024716474,-0.38688982,0.00039867312,0.0077722557,-0.14971223,0.2769968,-0.012355898,0.20098864,-0.088557266,0.30002618,0.17172915,-0.049893267,0.11586553,-0.16895245,0.22402191,-0.031948257,0.042617604,-0.16518795,-0.05073724,0.1877338,-0.30470005,0.22311902,0.30738762,0.28109458,0.057966877,0.18151626,0.19704445,0.074935675,-0.085531086,-0.07442656,-0.046011746,-0.028665077,0.04386471,-0.19529295,0.23531447,0.10298349,0.22374584,0.06679998,0.0013778731,0.03242994,0.34375006,-0.09172808,-0.14459826,-0.07686489,-0.114615634,0.08144365,-0.012737056,-0.12975089,0.27195212,0.18016312,0.101213455,-0.104421295,0.28131583,-0.3892521,-0.3305353,-0.21661103,-0.16034397,0.12859641,0.47977528,-0.28250948,-0.25422,0.040091164,-0.21003553,-0.07115437,0.37049225,0.099690124,-0.028630298,-0.30459177,0.17257868,0.106341705,0.4137986,-0.039621152,0.022319227,-0.22972694,0.20327558,0.124054804,0.0067247003,-0.12536718,-0.007760182,0.19543341,-0.12405437,0.25000677,0.1288932,0.16274399,-0.12928133,0.18660608,0.16014275,-0.08168995,0.08332549
"(113.92327307000184, 22.515942612121734)",0.07089162,0.027511695,0.06880602,-0.026800008,0.13885766,0.17113286,-0.23305726,0.012131665,0.19950134,0.023134656,0.008611813,-0.022168018,0.14420062,0.09355379,-0.038471222,-0.048119124,0.14274283,0.08215033,0.19388966,0.13638867,0.07496313,-0.018742513,-0.014331501,0.046346024,0.026613738,0.075942695,0.07500731,-0.0037618345,0.08422218,-0.17741011,-0.03870627,0.0030095577,0.49422514,-0.0066336896,-0.05240961,-0.109873086,0.07809447,-0.03978309,-0.19239563,-0.058769178,-0.20108029,0.07271699,-0.1798285,0.029874109,-0.09069459,-0.10541319,0.024071015,-0.0023847856,-0.20828578,0.06000565,0.099861264,0.08368726,0.08156693,0.05652334,-0.42074713,-0.30870792,-0.08419224,0.30298778,-0.10760154,0.087754585,0.08891025,0.022707023,-0.015858792,0.04440604,0.064201385,-0.17953432,-0.10998751,0.14836492,0.08525424,-0.1349296,-0.041647546,0.097259335,0.101884775,0,0.059600182,-0.026747521,-0.047754746,0.04628203,-0.04223846,-0.075992696,0.16307756,0.13514532,0.092650324,-0.20546903,0.085925385,-0.123284504,-0.07568918,0.015287153,-0.14196536,0.013859466,0,-0.27208424,0.015810627,0.052750267,0.0006400421,0.37246084,-0.051220946,0.08007567,0.17969182,0.01656397,0.34820896,0.04504914,0.06465086,-0.18787493,-0.042394146,-0.045253813,0.14620125,0.18266305,-0.020818807,-0.115320906,-0.064570546,0.070682265,0.037427016,0.09909593,-0.043536484,0.12236872,-0.15488736,0.08081719,-0.10026941,-0.17363511,0.10087748,0.11701462,-0.02267969,0.1992901,-0.004863223,-0.061769098,0.13683166,0.03247077,0.062324516,0.024616443,-0.1290031,-0.032383196,0.014081703,0.009021729,-0.045089588,0.16190386,0.10313653,0.04454541,-0.114141434,0.04231841,0.33832857,0.04472516,0.15588404,-0.18695402,-0.20703158,-0.23348391,0.033814453,-0.015261114,0.37471116,0.061671622,0.0050333627,0.094398215,0.2379444,0.0827536,0.1406258,-0.04285528,0.06747775,-0.022593264,0.019660316,0.055030704,-0.10634261,0.37464157,0.021398991,-0.07911822,0.010671034,0.16086756,0.21059833,0.00889127,0.09493114,-0.22956407,0.06506351,-0.088723004,-0.43482605,-0.029486373,-0.36372465,0.0014788248,0.022057042,-0.017284375,0.08954849,-0.19447008,0.10567218,0.035074867,0.09784351,0.084130146,0.17315745,-0.25938708,-0.08557285,0.050528698,-0.025702238,0,-0.011511974,0.051302873,0.1047263,0.16663828,0.09210455,0.20221986,-0.055549726,0.116847105,0.16924727,-0.29204357,0.15621778,-0.05611044,-0.0019645789,0.045172974,0.1526411,-0.024545506,0.025253683,0.04728748,0.16557482,0.18641652,0.036757194,-0.12774171,0.06623183,0.0523794,-0.057866313,-0.28836346,-0.04279139,0.08895605,-0.19926801,-0.04669246,0.038147278,-0.1834409,0.13707201,0.22210622,0.08790164,-0.08247742,0.21305138,0.018947018,0.21244434,0.06463142,-0.0975198,-0.028491218,0.14759848,0.26867375,0.13311128,-0.002597779,-0.10494161,0.14476785,-0.23471172,0.23633221,-0.11435617,-0.08202663,0.11571855,0.24746145,0.022179034,-0.06776776,-0.013443336,0.022345077,-0.024417594,-0.42057097,-0.18183434,-0.13191003,-0.06586535,-0.017487431,-0.16757315,0.0125171915,0.14246395,0.05289995,-0.033715904,-0.2950918,0.07431365,0.15147835,-0.04690686,0.027844049,0.123104244,0.0696688,0.1816249,-0.121895075,-0.0012517646,0,0.15158659,0.07655524,-0.041901298,-0.21027899,0.116508275,0.012535937,0.10744545,-0.03737695,0.26418814,-0.20570487,-0.023171313,0.001785581,0.14272448,0.052557953,0.20046,0.010246431,-0.18539307,0.07418217,-0.03399533,-0.039392732,-0.15934886,-0.12571801,-0.4466138,0.07914518,0.32877627,0.16717282,0.15341264,-0.08880822,0.044738576,0.0362152,0.1350962,-0.12427428,-0.051551428,0.09437707,0.10953008,-0.059357822,-0.1028066,-0.0022341385,0.003870476,0.003150113,-0.039799903,0.4708888,-0.0032948628,0.13558479,0.1889564,-0.06638675,-0.04582721,-0.16932297,-0.06313978,-0.15834475,-0.091547295,-0.060126293,0.33085904,0.07059952,0.010945715,0.11208166,0.17958525,-0.08097662,-0.14542322,-0.02977541,-0.016959611,0.10997448,0.060355164,0.042848445,-0.10631722,0.050651737,0.11323948,0.12500598,0.08353024,0.114720926,0.14949971,-0.038523994,0.05633483,0.08966401,0.07189216,-0.021886103,-0.41187957,0.0576407,-0.0852393,0.12840633,0.30182248,0.14613593,0.1241314,-0.06881427,0.046536393,0.23686123,0.10229124,-0.32710522,-0.12367766,-0.12539266,-0.032920122,-0.008463701,0.11071475,-0.01869431,-0.17082652,0.060276896,0.16643652,0.2384352,-0.08830276,-0.162361,-0.21368688,-0.004241472,0.055992134,0.20650516,-0.043395437,-0.30663115,0.0010417663,0.1952307,0.027665902,0.27748257,-0.091260746,0.0954991,0.043307446,0.3695412,-0.105773434,0.106910944,0.25612688,0.24900138,-0.15413444,-0.11889465,0.0115717575,0.026126102,-0.12166484,-0.18014881,0.39452952,0.13396575,-0.020730779,0.26269448,0.029758796,0.0029831268,-0.038275238,-0.08914905,0.10156639,-0.053001918
"(113.92406439497675, 22.55623287774472)",0.09854339,0.14162502,0.028733846,-0.014535049,0.040610977,0.008296844,-0.20203967,-0.006012451,0.030079544,0.16697896,-0.06605221,0.15642141,-0.017846256,-0.028911904,-0.3088821,-0.023937508,0.21075068,0.26719466,0.17287368,0.3777973,0.12137253,-0.106498785,-0.10356252,0.25329292,-0.0067226477,0.13670136,0.027037032,0.0092521915,-0.11754194,-0.1798782,-0.01798058,0.09710716,0.5076188,-0.14440562,0.11399736,-0.28988346,0.03568969,0.078608796,-0.21046172,-0.06021029,-0.2882192,0.48552638,-0.24046838,-0.08437876,-0.16896373,-0.0056755897,0.16357613,-0.16740078,-0.29426417,-0.045898736,-0.05121705,0.11347301,0.0041929446,-0.0620663,-0.37781703,-0.10061069,-0.11820638,0.29818973,-0.17827128,0.021162212,0.059983853,-0.038363658,0.059111547,-0.0971521,0.027482558,-0.08354925,-0.25707936,0.02260195,0.11680776,-0.24444821,0.049548976,0.16789606,0.04138481,0,-0.22799599,-0.010405745,0.018958215,-0.027446933,-0.15418291,-0.029399268,0.19630407,0.13080542,0.27944303,-0.320112,0.08107488,-0.047943667,-0.092199974,-0.007323034,-0.16632664,-0.05409611,0,-0.11626432,-0.041519687,0.24557541,0.119472474,0.14955337,-0.01851771,0.03916292,0.21349627,-0.10884537,0.21184716,0.12089621,0.10920386,-0.0069109052,0.17258345,-0.122635335,0.35338163,0.27628574,0.0740288,-0.27658293,-0.009117757,0.055749185,0.07968401,-0.13636404,-0.17478158,0.281838,0.06860446,0.21421772,-0.22305533,-0.23311386,0.24311276,0.019109579,-0.001389266,0.23292875,0.081914045,-0.11530149,0.09987843,0.047749884,-0.018383287,0.19635895,-0.37436476,-0.1348265,0.11243139,0.008371413,-0.14118554,-0.054039493,0.36408585,0.06258175,-0.1126367,-0.2093836,0.3311239,0.06320626,0.31932202,-0.15106905,-0.17830333,-0.18057233,-0.01999695,0.1514362,0.5060751,0.25804058,0.24866445,0.20738298,0.23961307,0.075418696,0.34097576,0.22275004,0.20396818,0.056132577,0.22691423,0.14374144,-0.24938431,0.43679443,-0.22957312,-0.30330288,-0.021735579,-0.07360148,0.23996736,2.7552247e-05,-0.14790799,-0.2217758,0.041084327,0.13471667,-0.3099083,0.015824303,-0.31399512,0.12474949,0.17735271,0.011536355,0.004918821,-0.202211,0.43711334,0.10679095,0.18865655,0.023501769,0.27689803,-0.4144424,-0.008796103,0.0895147,0.13078532,0,-0.06569043,0.054104023,0.12985945,0.18246292,0.20053226,0.09396208,0.153073,0.14381263,0.1135519,-0.17558938,0.09604627,-0.12699878,-0.09578068,-0.032588623,0.1513846,0.054178134,-0.11885919,0.2069711,0.18069208,0.20106317,-0.08349082,0.0043876674,0.14984784,0.04702945,-0.4075786,-0.38621545,-0.03549298,0.22139627,-0.19121104,-0.1189121,0.06617588,-0.14855675,0.30422947,0.29791465,0.048882503,0.009476602,0.4762385,0.043023564,0.2542444,0.006170608,0.054964054,-0.33082998,0.27281776,0.25854972,0.24135096,0.24574555,-0.058154996,0.11863232,-0.3413881,0.24779716,-0.19732913,-0.15823026,0.12049629,0.1374876,0.16750222,0.035100214,-0.0869097,0.14035757,-0.009734124,-0.27175945,-0.21025711,-0.22399461,-0.22048305,0.06934542,-0.054429926,0.0038567558,0.20797569,-0.038790703,-0.18823254,-0.3670049,0.08307817,0.38006046,-0.028433833,0.038770445,0.08336638,-0.11354158,0.13560309,-0.07658139,-0.21524397,0,0.2118201,-0.0848343,-0.023156691,-0.22450688,0.29747435,0.10692028,0.02267373,0.084117815,0.18840095,-0.18036953,0.020311303,0.028790485,0.18462986,-0.049457654,0.27729276,0.06398785,-0.008792035,0.030135121,0.17989326,-0.12740372,-0.2604833,0.14155287,-0.597753,-0.0034976527,0.3928286,-0.06596216,0.12916748,-0.01905717,-0.015891822,0.2294048,0.16971403,0.1076424,-0.055282783,0.3360448,0.06890057,-0.24703825,-0.12548265,0.14887373,-0.09739761,0.2553146,0.054281365,0.5439545,-0.019756414,0.2824054,-0.017283395,0.07985934,-0.14522964,-0.28357413,0.0033967383,-0.2452293,0.10188407,-0.11646944,0.2621271,0.16645318,0.27912903,0.19409701,0.10106685,-0.12463114,-0.15821336,0.14260472,-0.22770907,0.22187273,-0.16140088,0.0807119,0.064963534,-0.19429138,0.23406628,0.2910483,0.2766326,0.07228173,0.33607528,0.06954647,0.117388755,0.05461351,-0.084598646,0.026760593,-0.2869409,-0.034587014,-0.19631064,0.24779709,0.34689677,0.197542,0.346664,-0.09284829,0.13497323,0.3473252,0.08614667,-0.2072893,-0.24507985,-0.23525164,-0.026971154,-0.0065371897,-0.09604123,0.073187776,-0.10216621,0.10823776,0.1349236,0.476809,-0.17395504,-0.29789644,-0.23408368,0.0030941311,0.055776812,0.28116348,-0.1759543,-0.55364704,-0.05032887,0.05783577,-0.01501606,0.37215415,0.06799738,0.022712816,-0.09199517,0.41268834,-0.0270174,0.26622474,0.23045139,0.0119176665,-0.270842,-0.04870936,0.12676024,0.16918811,-0.28209665,-0.21562447,0.44411075,0.14621778,0.10066326,0.44068456,-0.027335964,0.0023975559,0.009361181,0.027112745,0.0037355572,0.13069366
"(113.9245188978416, 22.681332899718228)",0.20548499,0.01187955,0.04371306,0.10718713,0.11179668,-0.14884979,0.07508634,-0.0033795573,-0.061002344,0.3055809,-0.106161654,0.2080926,0.055560306,-0.065085,-0.15675287,-0.0006193258,0.04839088,0.20279977,0.111846074,0.43614224,0.22720426,-0.050782673,-0.050874647,0.10186902,0.026109863,0.055302124,-0.052281626,0.025205579,-0.21513832,0.03136544,0.15064456,0.03939495,0.26709488,0.19444716,0.28176293,-0.05875943,-0.06453515,0.080684334,0.15612645,0.107668065,-0.17397693,0.26123446,-0.15379089,-0.0013123229,-0.08743681,-0.079244174,0.257066,-0.06799321,-0.15596098,-0.167603,-0.01788108,0.04202465,0.01845624,-0.105191395,-0.11851803,0.07648079,-0.083496206,-0.053074293,-0.062208142,-0.18235913,-0.13855971,-0.15307894,-0.14527929,0.06561749,-0.0028283633,-0.056979872,-0.14570993,-0.019694466,-0.0061538555,-0.29699865,0.15725905,-0.0079741385,0.060813047,0,-0.21375167,0.004476834,0.20029588,-0.140854,-0.28420174,0.26598015,0.0135525875,-0.046047866,0.16986084,-0.34244752,0.013372835,-0.11553924,0.119406626,-0.19263902,-0.12923396,-0.17472002,0,-0.048175342,-0.08715805,0.09292487,0.19158277,-0.009861995,-0.09919142,-0.100235686,-0.07324823,-0.12659733,0.23045143,0.21763906,0.008454446,0.23546813,0.29261404,0.075980306,0.28044206,0.32445168,0.3264261,-0.2741877,0.03171526,-0.0707201,0.0016480163,-0.22331372,0.050291307,0.24005285,0.30125135,0.3509886,-0.14549553,-0.14044125,0.3418206,0.02774481,0.23087516,0.1804058,-0.019287294,-0.008576095,0.014642168,0.025036052,0.053995676,0.37496072,-0.33841124,-0.015607694,0.21773046,0.030185148,-0.24515125,0.09662497,0.42581564,0.10943872,-0.029805344,-0.05876092,0.19968311,-0.0749909,-0.013468578,0.019238792,-0.118149124,-0.03535579,-0.045074046,0.08146494,0.25495285,0.35948336,0.19449764,0.13098428,0.047907695,-0.13914849,0.20332238,0.016917743,0.05888331,0.18679693,0.24166292,0.383613,-0.24628344,0.20415232,-0.1710134,-0.28458515,0.061102793,-0.053386964,0.033999413,0.06703465,-0.06632055,-0.17174934,0.08851641,0.11347593,5.7533383e-05,-4.4368207e-05,-0.29694128,0.015900776,0.21828707,0.11665725,0.0113924965,-0.14777672,0.43498793,0.08600604,0.073376,0.06944597,0.07410989,-0.31467614,0.116958536,0.07578096,0.0954835,0,-0.15731108,0.1699084,0.11835658,0.027198423,0.121916376,-0.20390546,0.16086183,0.10324895,-0.10515803,-0.06187193,-0.0134567935,-0.14555162,-0.03453384,-0.038181998,-0.08559582,0.026831731,-0.2740379,0.22888824,0.19564089,0.13736589,-0.055789843,-0.02879549,-0.09192189,0.07271671,-0.16218537,-0.09555541,-0.015155816,0.29032674,-0.04689326,-0.11821532,0.10269001,-0.15406969,0.5861262,0.03303009,0.046495873,0.038035106,0.46017796,-0.10583578,0.023435049,-0.026670747,-0.14230794,-0.33691195,0.23939961,0.13518716,0.17166583,0.30990762,0.024009746,0.06598157,-0.26622245,0.27316293,-0.15398571,-0.15039726,-0.019536523,0.029080898,0.011400219,-0.041637175,-0.059028804,0.13189916,-0.018870234,-0.051230565,-0.16508186,-0.17214987,-0.29151607,0.16425933,0.020255722,-0.022703476,0.10500754,0.17236587,-0.09141868,-0.32073852,0.047251426,0.22758833,0.065884665,0.01050698,0.06494045,0.011867043,-0.022747949,0.018672854,-0.30684444,0,0.09237626,-0.029604254,-0.06694371,0.10840461,0.20940581,0.14177132,0.20867288,0.085363485,0.048463896,-0.27918118,0.0031314297,0.07716866,0.08907068,-0.12390959,-0.0077682845,0.17934093,0.1525587,-0.07726559,0.19943263,-0.12040217,-0.0473443,0.11920275,-0.41111824,-0.24698707,0.25968447,-0.27650046,0.16396719,-0.22079074,-0.11361475,0.2143226,0.17340162,0.29814968,-0.0018537082,0.00034163892,-0.02304165,-0.103392065,-0.034482192,0.20687842,-0.08886637,0.1889669,-0.03710087,0.15207143,0.11615828,0.15675013,-0.26395142,0.01309555,-0.31073183,-0.01931636,0.0063546486,-0.14340225,0.18022175,-0.01014965,0.2228418,-0.0843547,0.23235255,0.16760823,0.029902063,0.08233236,-0.20864038,0.19171694,-0.039051164,0.08589091,-0.16751674,-0.046690486,0.15535694,-0.23939264,0.21021159,0.29503274,0.23398203,-0.0047241077,0.18684411,0.13538687,0.07267918,-0.05590906,-0.04233119,-0.040641144,-0.049694058,0.053718746,-0.19980723,0.24956726,0.08899914,0.2122056,0.10339387,-0.05499781,0.018577434,0.27702856,-0.073595196,-0.18106608,-0.029791377,-0.17676985,0.033348948,0.024309883,-0.09448637,0.2352246,0.14994264,0.12163347,-0.09341107,0.2665424,-0.36048195,-0.3354932,-0.2156856,-0.16201784,0.12301281,0.4547651,-0.29120198,-0.28221548,0.08007538,-0.1349905,-0.058118325,0.32232583,0.08235116,0.022567887,-0.2277044,0.2109743,0.122012466,0.3697034,0.029258363,-0.02371478,-0.23320773,0.14645913,0.13686638,0.020648897,-0.13677664,-0.028517395,0.21968168,-0.0783742,0.28595394,0.1323685,0.16182664,-0.11601493,0.17137197,0.10424753,-0.05486431,0.07143905
"(113.92514121553756, 22.587109466970364)",0.25134605,0.051019065,0.04786932,0.07603712,0.14742084,-0.09013149,0.027722232,0.022504542,0.058413684,0.23997124,-0.04570479,0.18563518,0.026496455,-0.07417769,-0.17610237,0.028790053,0.049847737,0.13357595,0.08271905,0.3105113,0.053783454,-0.17002979,-0.08681701,0.16600065,0.007892948,0.0765239,-0.12133851,0.009290443,-0.18563607,0.0030980855,0.045139533,0.11406679,0.27946073,-0.04124333,0.14768282,-0.14740357,-0.08810199,0.06960561,-0.099591926,0.08655951,-0.18882158,0.3320049,-0.17524837,-0.10234066,-0.082183555,-0.05967439,0.14252412,-0.05552389,-0.18122175,-0.14986426,-0.060496747,0.10182747,-0.012886804,-0.054202005,-0.11782042,0.019250277,-0.023987845,0.06500045,-0.12495765,-0.015372314,-0.06794959,-0.08682809,0.0028978996,0.03690757,0.014768824,-0.039539337,-0.18301533,0.028814148,0.043880496,-0.27901745,0.08040819,0.11492684,0.048892636,0,-0.18066427,-0.023986261,0.19536053,0.00741598,-0.16039273,0.051527984,0.12468617,0.011495635,0.22371344,-0.2674237,0.0706732,0.040097103,-0.004631296,-0.22327718,-0.077599354,0.036694117,0,-0.05303467,-0.09562384,0.07550404,0.12037671,-0.16883683,-0.06649339,0.05107312,0.075374074,-0.14367706,0.094316915,0.110385664,-0.008240711,0.13840212,0.14288257,-0.002260074,0.24883519,0.3095952,0.1480929,-0.1613222,-0.091317795,0.029485166,0.13835463,-0.102020495,-0.059779726,0.103016146,0.28230497,0.26225623,-0.14371903,-0.13751376,0.1380666,-0.014074011,0.09308929,0.15213324,0.0005733762,0.025505066,0.072344705,0.03742198,0.035138182,0.38664538,-0.35734892,-0.078453325,0.048085973,-0.049287252,-0.13627546,0.03757988,0.36487168,-0.00014612451,0.08339494,-0.15096572,0.24055523,0.024560448,0.13031805,-0.037943117,-0.17046338,-0.09910491,-0.115214765,0.25879595,0.3202681,0.23661985,0.28865588,0.16251716,0.12150577,0.045829996,0.21116546,0.112903684,0.19290523,0.13359854,0.16087621,0.26765454,-0.17002012,0.19720387,-0.0746703,-0.27130803,0.07787022,-0.102133326,0.13621818,0.084325746,-0.056741968,-0.08304415,0.06440162,0.18806417,-0.02373308,0.08630832,-0.20775925,0.1329067,0.18158518,0.03481378,0.07738008,-0.1796594,0.35451335,0.05437956,0.18174723,0.13243555,0.14242983,-0.27382448,0.0711977,0.08056871,0.114902146,0,-0.023456875,0.19381344,0.018968908,0.0333487,0.1334227,0.03605873,0.15603684,0.054371394,0.062974,-0.083459884,-0.06887476,-0.15634286,-0.033393912,-0.15659803,0.089472495,0.039565727,-0.13927676,0.23910451,0.09163708,0.16702025,-0.17060311,0.11812209,-0.051532526,0.07073304,-0.09376972,-0.153747,-0.0073015112,0.099014856,-0.115772374,-0.046624035,0.10009247,-0.010754248,0.34713364,0.1446569,0.00737961,0.048846696,0.3518008,0.013538296,0.14886123,-0.009860456,0.013774011,-0.25319538,0.2352198,0.13816899,0.039882824,0.22598667,-0.006554503,0.027428001,-0.16487803,0.20259187,0.033059668,-0.12650718,0.05846885,0.056987643,0.09154056,0.04744426,-0.13866286,0.105508,0.041901655,-0.004297152,-0.12414955,-0.24683002,-0.20843576,0.09267076,-0.047409274,-0.05553153,0.14590508,0.11493908,-0.10701397,-0.19615369,0.012436084,0.2697046,0.014100216,-0.041663893,-0.020981256,-0.058333192,-0.018564641,0.058662295,-0.28457078,0,0.20395654,-0.05230332,-0.07389184,-0.084068716,0.2867384,0.11997921,0.1144388,-0.02436461,0.06269682,-0.1981166,0.05012468,0.062433135,0.08245976,-0.046079583,-0.054846954,0.12341272,0.09475362,-0.012082994,-0.046248138,-0.071461424,-0.092344485,0.067386284,-0.37034488,-0.012288921,0.26711202,-0.14289024,-0.02980238,-0.03508403,-0.004246535,0.14821702,0.10494022,0.14315918,0.052349567,0.24899296,0.07761815,-0.19655743,-0.027485248,0.1264479,0.01814926,0.31033474,0.07803573,0.30609325,0.027176157,0.049657267,-0.057621017,0.075896256,-0.22328562,-0.10834237,0.124459594,-0.1872539,0.07843082,-0.02718478,0.18341714,-0.0152560845,0.2656931,0.23533937,0.019013979,-0.0781672,-0.049101308,0.22153267,-0.27657944,0.00892462,-0.082043014,-0.0577524,0.18888271,-0.15440333,0.19710007,0.198219,0.20799279,-0.09119481,0.2512002,0.09483068,0.16927812,0.0120602045,0.006074205,0.03878268,-0.055703413,0.048330646,-0.15829194,0.10988508,0.07656814,0.11933966,0.21505304,0.0564576,0.07362404,0.23901522,0.002648972,-0.13132301,-0.049196057,-0.26393467,0.15973853,-0.013588553,-0.03754361,0.12092433,0.10012627,-0.061253265,0.05754088,0.27814642,-0.16073309,-0.24546845,-0.06719301,0.0038363878,0.012547577,0.40197018,-0.1674002,-0.24068193,0.119644955,0.014329966,-0.070309535,0.18475619,-0.08458637,0.040783208,-0.096741416,0.4333792,0.03627871,0.23730205,0.04647229,-0.05518698,-0.14306837,0.07298818,0.14916684,0.020001039,-0.0641724,-0.14769845,0.21619388,0.07324337,0.19943865,0.14784151,0.09936096,-0.11674233,0.023267243,0.14679183,-0.0715834,0.030250035
"(113.92964783310968, 22.681143137824705)",0.16732131,-0.055550687,0.02050766,0.08608369,0.17886382,0.017383646,0.0020988397,0.014631264,0.055552036,0.23304237,-0.05672091,0.047234636,0.0813116,0.044259086,-0.07346713,-0.05665328,0.0053777248,0.07637385,0.15183887,0.22578518,0.18668583,-0.024359986,-0.029507179,-0.0072244406,0.049645152,0.020238709,-0.037437923,-0.0017034309,-0.10089634,0.0013319552,0.104419395,-0.01594568,0.2717736,0.20898727,0.1505115,0.0193918,-0.022622593,-0.015293241,0.0661336,0.060599588,-0.11276335,0.05085615,-0.1793657,0.03865292,-0.051536262,-0.17709126,0.16346014,0.0018959008,-0.14842804,-0.11873104,0.0031957477,0.052699357,0.011684723,0.012767643,-0.14995152,-0.081782535,-0.07828943,0.025979392,0.028028134,-0.14736733,-0.13056545,-0.11195847,-0.10439952,0.14245023,0.02071393,-0.09744171,-0.061499283,0.08280802,-0.009614229,-0.25225055,0.045353062,0.042484216,0.0898927,0,-0.13652523,-0.01554523,0.1424483,-0.06461684,-0.22756442,0.21067896,0.060344797,-0.020847112,0.0734161,-0.29722032,0.0228871,-0.13236451,0.09527643,-0.21188524,-0.16905394,-0.101231016,0,-0.16019076,-0.06234207,-0.04678788,0.06474315,0.07923013,-0.11622711,-0.0049557835,-0.03049322,-0.04046878,0.3003581,0.10421424,-0.031790648,0.08891255,0.070525974,0.0731224,0.1757902,0.28602734,0.22777538,-0.15238583,-0.041696742,-0.104753606,-0.010264866,-0.04037272,0.055476733,0.18596372,0.22640657,0.29775068,-0.06980038,-0.121186316,0.28516525,0.13840264,0.19837573,0.22622336,-0.057079367,0.00033417344,0.040423486,0.014737777,0.09062592,0.27779773,-0.213886,-0.002976844,0.15347892,-0.022702083,-0.14432392,0.22596276,0.22414637,0.07181445,-0.02547158,0.03163465,0.17453097,-0.033354763,-0.057215944,0.01413589,-0.14254764,-0.1913949,-0.041002184,-0.0078724995,0.23735906,0.29756021,0.08049534,0.065234944,0.05388157,-0.08984548,0.16247568,-0.12843269,0.036223993,0.08696806,0.12673312,0.31488413,-0.2277686,0.2182787,0.044099778,-0.12702292,0.11247058,0.06465636,0.045082644,0.13381924,0.0042995363,-0.18303382,0.083590925,0.043992996,-0.13927746,-0.0031109601,-0.36475068,-0.06696421,0.13274299,0.043258395,0.0329063,-0.12814397,0.2253425,0.057490475,0.05677734,0.11728518,0.052307107,-0.27341902,0.045699354,0.040423706,0.00607834,0,-0.07218055,0.10504509,0.114171945,0.0307229,0.0137569755,-0.061279356,0.015313797,0.091924556,-0.05090751,-0.17077982,0.03098878,-0.07563421,0.0044665583,-0.014356712,-0.04835625,-0.014615521,-0.17290546,0.14873163,0.21819186,0.1297239,-0.04090254,-0.06906683,-0.062668756,0.13664965,0.06011691,-0.08234629,-0.0049847756,0.17587784,-0.08979549,-0.1133375,0.04265316,-0.17198364,0.4280685,0.03187513,0.052231256,0.030385148,0.33464044,-0.058640257,0.031136595,0.0058044195,-0.16541034,-0.18226801,0.11441423,0.1472116,0.08684203,0.12222059,-0.044959534,0.061359584,-0.18936627,0.25502047,-0.11646796,-0.13852708,-0.0071550887,0.07557967,-0.08203992,-0.05301196,-0.10753867,0.050136056,-0.0704898,-0.16761573,-0.18000567,-0.1414239,-0.22059445,0.11019059,-0.08023494,-0.015431061,0.08372576,0.1877618,-0.009409919,-0.29132625,-0.007217236,0.101982646,0.08161156,-0.012999423,0.06259616,0.046325494,-1.9446015e-05,0.040628955,-0.13635394,0,0.07700322,0.07415401,-0.081058934,0.05731833,0.09610793,0.11510191,0.20128304,0.0064253844,0.11482907,-0.31985456,-0.0020623133,0.054913614,0.0821936,-0.06874207,-0.044295397,0.09751853,0.025353247,-0.0322951,0.01146768,-0.03925678,-0.064273275,-0.0571109,-0.33397108,-0.05621838,0.20253125,-0.1024458,0.15230091,-0.2636064,-0.02068946,0.10046896,0.11985308,0.16662037,-0.0039761066,-0.034276947,0.107044175,-0.011526601,-0.060622584,0.04285768,0.061985213,0.08763665,-0.09262553,0.17304946,0.11538017,0.11121322,-0.10257469,-0.07887254,-0.23137537,-0.020848423,-0.033625487,-0.10533125,-0.0051192343,0.0022872984,0.30902642,-0.1350654,0.053774156,0.19757745,0.16321269,0.06286988,-0.19771226,0.10722706,-0.00900108,0.07459995,-0.06272542,-0.029047398,0.06179005,-0.11483047,0.17217864,0.203021,0.10748816,-0.02477786,0.13293299,0.051092632,0.0796862,-0.0401742,0.06990601,-0.042791948,-0.12217265,0.1459337,-0.17301477,0.18129535,0.08079766,0.16794895,0.027357802,-0.031774275,-0.034340642,0.22521235,-0.06893565,-0.27472386,0.021565028,-0.2331934,0.034924924,0.017911011,0.022495328,0.13934547,0.05159223,0.049620688,-0.06802157,0.17586458,-0.26393262,-0.32380304,-0.16205591,-0.17317837,0.054988082,0.43718395,-0.19312073,-0.22593747,0.15909368,0.016511086,-0.026533108,0.20601524,0.018669348,0.098025575,-0.10212476,0.29863825,0.04207532,0.3189788,0.10992164,0.019804858,-0.17024973,0.009675245,0.15268922,-0.06747955,-0.10574764,-0.06553584,0.23950431,-0.045041583,0.26090938,0.11133528,0.19769439,-0.082935065,0.102213085,0.020575523,0.016476985,-0.012579807
"(113.9301418844879, 22.485883450038653)",0.33511022,-0.060139686,0.12392636,0.012646979,0.10317974,0.08589396,-0.30822694,-0.10347806,-0.018007189,0.06564149,-0.09524991,0.09642485,0.52666557,0.26541913,-0.09511923,-0.09800111,0.10528423,0.14152297,0.39720353,0.43251026,0.22657517,-0.15622711,-0.11642213,0.30806696,0.060055386,0.14097436,-0.071433954,-0.083003946,0.22918478,-0.20420346,-0.03293998,0.012545109,0.7393797,0.15805386,-0.096183084,-0.18280697,0.04306885,0.19917288,-0.31475985,0.0020469949,-0.3584925,0.0525314,-0.29644817,0.16214395,-0.14207038,-0.32445556,0.1625954,0.012819987,-0.28355968,-0.12920812,0.05105114,0.050878808,0.09614188,0.07776135,-0.8636981,-0.5032379,-0.169839,0.40214646,-0.121702746,0.26599333,0.004733447,-0.05994466,-0.096138,0.17440142,0.023323473,-0.14122188,-0.34340066,0.2878339,-0.035887245,-0.47665024,-0.06613309,0.046521984,0.10442808,0,-0.08254533,0.039365385,0.06984256,0.10785418,-0.0382452,0.034556337,0.28203365,0.12884854,0.15243535,-0.42723018,0.18567625,-0.23210412,-0.113288544,-0.23658487,-0.18177956,-0.024546027,0,-0.5852296,-0.15692103,0.14146556,0.13361567,0.50866836,-0.13316481,0.120347306,0.2748537,-0.16845725,0.6010488,0.13151866,0.09327333,-0.12790662,-0.06419508,-0.105764925,0.22582695,0.24998912,-0.015964694,-0.39117092,-0.38660055,0.05774161,0.11873881,0.13811049,0.20992836,0.15526539,0.026529046,0.21082789,-0.23488149,-0.21639903,0.106047615,0.14927554,0.06089172,0.26609698,-0.1274754,-0.15786082,0.18577582,-0.015488654,0.20108658,0.21844015,-0.22024523,0.04899422,-0.09153527,0.05322197,-0.1085121,0.4211114,0.10379454,0.09017295,-0.16819042,-0.09333911,0.3269422,-0.052508038,0.18382162,-0.19704854,-0.45841545,-0.21288836,-0.020365002,0.002939809,0.4792251,0.14300059,0.3267584,0.18224126,0.09825285,0.06396671,0.1374537,-0.12251145,0.27733004,-0.12320317,0.16217554,0.26722515,-0.16403368,0.43832663,-0.014419541,-0.22160515,-0.032353,0.11736746,0.20437814,0.0182534,0.12812965,-0.24522403,0.07330692,0.0140426885,-0.66258574,-0.023830518,-0.8260156,-0.055827588,0.14194278,-0.14710559,0.19478232,-0.40323368,0.15754396,0.10366199,0.14132102,0.22056136,0.19183937,-0.5988055,-0.13912612,0.036112994,-0.23999235,0,-0.07152106,0.31261265,0.030472199,0.07734972,0.009986788,0.15018523,-0.114619955,0.11481049,-0.037613723,-0.58491033,0.20183063,-0.16763711,-0.039748084,0.05720006,0.21297975,-0.07448666,-0.22897582,0.25758976,0.18527064,0.2672504,-0.0696798,-0.35120162,0.010040231,0.14988603,-0.25648096,-0.5111273,-0.17679274,0.23763508,-0.6158605,0.049859524,0.06645493,-0.43120608,0.29451054,0.3303605,-0.10125904,-0.038512617,0.5064709,0.035497427,0.24527603,-0.020001777,-0.3291096,-0.35310557,0.4656934,0.33809263,0.27058792,0.18032713,-0.15657298,0.071604714,-0.32108277,0.44795224,-0.30017984,-0.25451198,0.16278724,0.14566451,0.038401958,-0.03098061,0.13827758,0.01037069,-0.021830559,-0.6564097,-0.24793214,-0.28326666,-0.2631169,-0.12637974,-0.284047,-0.13890311,0.12623912,-0.0031061396,-0.09383808,-0.71701807,0.15905526,0.20313022,-0.070927694,-0.065821074,0.0965658,0.017840002,-0.02344887,-0.2843381,-0.21405864,0,0.2788148,0.1964813,-0.020397775,-0.5265968,0.2773884,0.07469425,0.18398866,-0.046629164,0.4212023,-0.46131694,-0.2368997,-0.14972018,0.028679933,-0.074217975,0.19190426,0.023624983,-0.01124219,0.009437054,-0.27533358,-0.089947104,-0.3412936,-0.06567925,-0.9924341,-0.12531438,0.6332708,-0.017014675,0.18407458,-0.2538595,0.010046346,-0.00978386,0.33019412,-0.03533256,-0.13889709,0.08332686,-0.08519445,-0.16370961,-0.17860548,0.0034160428,-0.10598901,-0.025115214,-0.14424425,0.5986795,-0.04536522,0.08852272,0.36200994,-0.11258123,-0.24484965,-0.15916547,0.06997456,-0.1860932,-0.14559437,-0.08076456,0.65746707,0.005743511,0.08726833,0.14964084,0.3269079,-0.27603546,-0.33453876,0.105394766,-0.17686401,0.1603213,0.02476766,0.04298029,0.0027922988,-0.06610259,0.25190532,0.14762625,0.085351385,0.12793018,0.2244303,0.035630323,-0.033722818,0.13625005,-0.015085623,0.011759669,-0.40734282,0.16041037,-0.21071154,0.1441591,0.40799418,0.2127584,0.100152194,-0.13612527,0.23217535,0.43452132,0.07129525,-0.646215,-0.21754932,-0.3224166,0.18364412,-0.16586103,0.06505625,-0.09510845,-0.14117336,-0.124386474,0.29880327,0.45344278,-0.23946278,-0.35384923,-0.4387375,-0.11422565,0.23162839,0.45476335,-0.03337025,-0.4688208,-0.008187991,0.19708258,-0.10788612,0.46262315,0.1631672,0.014269743,-0.16607818,0.48338708,-0.22849458,0.35581082,0.256412,0.41777548,-0.22072196,-0.12865274,0.01105877,-0.21039797,-0.24674098,-0.30526367,0.780792,-0.036263257,0.10046725,0.24942872,0.08807962,-0.21222423,-0.06662159,-0.18375483,0.0075238794,-0.10101492
"(113.93066230770827, 22.610374208559904)",0.1621112,-0.23815536,-0.1424622,0.13497266,0.37000686,0.24537127,0.24211319,0.16282901,0.44452426,0.22491649,0.055667065,-0.24775179,-0.040605143,0.1848264,-0.053257957,-0.122595295,-0.26619983,-0.38480687,0.21598712,-0.27357003,0.26710358,-0.0116708875,0.15720573,-0.35095504,-0.08624679,-0.15400894,-0.05638467,0.037099782,-0.06027906,0.116720974,0.04322018,0.009781286,-0.16837946,0.3325411,-0.028779976,0.15036216,-0.1262402,-0.02069801,0.023250718,-0.023437332,-0.03082776,-0.30769005,-0.04269018,-0.121051684,0.014232062,-0.27470914,0.05833435,0.23048152,-0.08014704,-0.25866526,-0.09863916,0.03769281,-0.04377109,0.0625034,0.27575022,-0.11863449,-0.078429386,-0.15623562,0.0791343,-0.2343429,-0.26526427,-0.091691114,-0.010218263,0.42555213,0.061711267,-0.10519783,0.24604206,0.16061245,-0.029496673,-0.14313866,-0.10617202,0.11895748,0.08657961,0,-0.059568465,0.02838749,0.16030082,0.15038854,-0.26807383,0.25017554,-0.013682362,-0.11230985,-0.1394933,0.03440644,-0.08717173,-0.13018146,0.063767955,-0.3350948,-0.1764406,0.18805496,0,0.003468506,-0.053562246,-0.5363119,-0.26383752,-0.1858595,-0.034015466,0.09608689,-0.1634915,0.1365499,0.14018518,-0.0675716,-0.19934271,0.050729573,-0.33193076,0.09660101,-0.06436437,0.26322407,0.027820364,0.12551539,-0.1026869,-0.35025325,0.15612209,0.109379,0.093534864,-0.15637745,0.4238415,0.1525601,0.16252857,0.0754614,0.20710789,0.22931841,0.1875589,0.22786973,0.13938256,0.2541293,-0.113018304,0.0121746985,0.0944803,0.4203409,0.024113288,-0.024527417,0.20991503,0.009706002,0.24453972,0.29148495,0.0084195025,-0.19427697,0.09884083,0.17812057,-0.16476683,-0.02567619,-0.3201475,0.13275966,0.11129731,-0.4918807,-0.1610671,0.09167984,0.012892831,0.39769942,-0.22506954,-0.093671955,0.009354219,-0.066034265,-0.031658065,-0.4122529,-0.16025575,0.18226737,-0.11406428,0.21892948,-0.31436703,0.009560816,0.54470885,0.21032965,0.4738463,0.09574791,0.08776151,0.14650217,0.09625147,0.08112833,-0.005003959,0.0692218,-0.0660705,0.095758855,0.0025837645,-0.14758441,0.016747072,-0.008384528,-0.043419164,-0.06081377,-0.10348734,0.067775644,-0.013292477,0.10572725,-0.21371251,-0.017139275,0.060518928,-0.08062124,-0.19696319,0,0.15134789,0.16054067,-0.020467063,-0.10563527,-0.09038612,-0.1411449,-0.24401356,-0.22965932,-0.20457563,-0.06831173,0.018961823,0.17773113,0.1124321,-0.20017932,0.17701006,0.16161658,0.038748115,0.07389533,0.087012954,-0.11128592,-0.17218311,0.20531952,-0.121774435,0.18423605,0.6943971,0.16730264,0.07879913,-0.06937856,0.0026611388,-0.033118945,0.054313447,-0.093523934,0.034382164,-0.35279337,0.06876607,0.122476585,0.05084182,0.046407156,0.011872113,-0.09257395,0.069648586,-0.009862863,-0.19274461,-0.1605106,-0.40801066,0.032805786,-0.101585135,0.057545885,0.14285637,0.030919373,0.108670674,-0.14446017,-0.16251667,-0.13895552,-0.24499081,-0.040257484,-0.20168382,-0.09942277,0.0058943033,-0.061450496,-0.026279055,-0.1589588,0.09978442,0.0029215682,-0.17165726,-0.060422577,-0.1321375,0.18472038,0.19073866,0.18781587,-0.25481075,-0.19596317,0.30893266,-0.12779996,-0.03976645,-0.14076568,0.0001244694,0.30483848,0.041357182,0,-0.11800576,0.21259223,-0.14442517,0.26916495,-0.08051059,0.047319025,0.082287595,-0.05362509,0.12353251,-0.11884868,0.19473982,0.26181838,-0.10239679,-0.1531428,-0.29701686,-0.10053679,-0.0032092514,-0.029859468,-0.35605487,0.11744656,0.014255704,-0.41704082,0.07285723,0.5317449,-0.24606198,-0.047633,-0.06192349,-0.34171006,0.30229893,-0.09105644,0.040576354,0.11510919,0.20584907,-0.09701668,0.3755576,0.1612821,-0.18564145,-0.028097913,0.4454178,0.0710387,0.04914851,-0.105053246,0.12648356,-0.06177262,-0.07496147,-0.21130094,-0.24539137,0.077644706,-0.085751094,-0.000116981566,-0.03827384,0.054194164,0.19940677,-0.33974886,-0.18257278,0.3646669,0.12949988,0.2617825,0.13616307,-0.029347077,0.0038235374,-0.21571961,0.20692655,-0.06897746,0.028762013,-0.01042074,0.10297139,-0.14842328,-0.10850999,-0.07961506,-0.012045063,0.040020503,0.3059284,-0.18482384,0.47518957,-0.04238542,0.08203602,0.34183118,-0.10111166,-0.07065414,-0.14566775,0.015308712,-0.25730044,0.4060927,-0.27566665,0.1042126,-0.17539844,-0.14774552,0.17616221,-0.2470047,0.22605461,-0.01355405,0.14535974,0.0632488,0.0230892,-0.22062656,-0.22116628,-0.17770691,0.030841872,-0.19305345,0.3547436,-0.19762374,-0.25821018,0.43014276,0.14193091,0.22918524,0.45227873,0.096310094,0.103419974,-0.30711767,-0.28288767,0.23019487,0.14372095,0.4347424,-0.13315947,0.3067345,-0.033028916,-0.105087295,0.07712639,-0.17295417,0.30438098,-0.21496223,0.10548197,-0.053397745,-0.19871148,-0.006773933,0.18569973,-0.04612544,0.33818525,0.043381993,0.051327053,0.08456656,0.019866604,-0.27157766
"(113.93086138666466, 22.67137580599384)",0.17752126,-0.17464457,-0.04967379,0.13417092,0.32204995,0.1499228,0.13616975,0.08221032,0.23098531,0.26889414,-0.015479997,-0.1257103,0.081957,0.12104256,-0.01318901,-0.11213744,-0.15047692,-0.15744331,0.17119147,-0.02167004,0.23871046,-0.020576207,0.04324948,-0.2224836,0.0022321008,-0.06817061,-0.07593296,0.02396277,-0.09746908,0.088470034,0.09978628,-0.029841661,0.07575036,0.3105587,0.08243595,0.1374019,-0.08855293,-0.04121816,0.0990358,0.033030726,-0.03959457,-0.20445552,-0.1406703,-0.009347521,-0.0006386116,-0.29498252,0.109657705,0.12632476,-0.11336182,-0.21708608,-0.03552878,0.045113295,-0.03566655,0.06605241,0.068897344,-0.114837974,-0.07775213,-0.08229939,0.11224283,-0.19480464,-0.21468176,-0.121041425,-0.10860388,0.31410378,0.030138219,-0.082433276,0.087709755,0.14666098,-0.051037926,-0.20524988,-0.022283942,0.061730154,0.09335502,0,-0.1151712,0.01281726,0.16255191,0.006764695,-0.28456306,0.2694628,0.0045364164,-0.08933404,-0.07317574,-0.15572837,-0.023545649,-0.13081361,0.11349672,-0.32803246,-0.18834856,0.007635087,0,-0.13570148,-0.06897784,-0.36913005,-0.09897594,-0.07307346,-0.101514675,0.043517202,-0.1221266,0.023988951,0.2518306,0.010866612,-0.15683396,0.077638075,-0.13505168,0.12397751,0.0491348,0.29382762,0.18815885,-0.004351869,-0.10093725,-0.24745134,0.033703394,0.046586066,0.10011274,0.009008904,0.377659,0.26808575,0.06571882,-0.043882024,0.24270521,0.21450391,0.23125507,0.26319236,-0.018734096,0.11513282,-0.00524595,0.003102105,0.106913716,0.3535039,-0.07522914,0.019828921,0.16675282,-0.05110929,0.015427157,0.34146687,0.071988575,-0.06689286,0.05870807,0.12936401,0.003549207,-0.023314953,-0.27642444,0.11432444,-0.06779619,-0.34959042,-0.10460873,0.02489437,0.110649705,0.34139436,-0.056677397,-0.032758355,-0.025923178,-0.11262557,0.023498435,-0.35929188,-0.088151485,0.10537993,-0.0020662919,0.3117597,-0.27063075,0.074181765,0.33602405,0.0629631,0.29803836,0.14237793,0.013647964,0.17716676,0.076065555,-0.06571587,0.0507482,0.064569764,-0.09900047,0.040327292,-0.25039274,-0.14656474,0.06799646,0.013950755,0.017020546,-0.07869072,0.026237695,0.051617973,0.01896083,0.13712832,-0.12115043,-0.12671271,0.043897957,-0.035717204,-0.11131626,0,0.043780696,0.12582135,0.047755487,-0.054589536,-0.09977092,-0.1159798,-0.16205212,-0.06482961,-0.148476,-0.1333603,0.023351429,0.050782576,0.06963791,-0.089517534,0.010096595,0.026679546,-0.1221246,0.10242373,0.17845583,0.022087676,-0.11667545,0.04687725,-0.12875932,0.18786128,0.4434001,0.07738007,0.03533248,0.051868416,-0.03593781,-0.08556889,0.042233586,-0.14954783,0.26655504,-0.17548093,0.060272727,0.09338132,0.20375565,-0.04236713,-0.019732498,-0.029342197,-0.09756063,-0.08971576,-0.058765035,0.01729736,-0.1735934,0.03866955,-0.08411306,0.037962317,0.00161089,0.12906456,-0.035540998,-0.14540498,-0.09958794,-0.009464532,-0.23050353,-0.09062966,-0.19857453,-0.04549526,-0.051081367,-0.12345351,-0.10726751,-0.14065287,-0.098777875,0.07289008,-0.15668756,-0.03665123,-0.02704417,0.26292175,0.09768878,-0.07730228,-0.16680586,-0.10201282,0.19619712,-0.090178065,0.00067442283,-0.008606575,-0.022837207,0.22836995,-0.032392707,0,-0.021246497,0.18672928,-0.117873654,0.18644366,0.0016515255,0.09984308,0.18141785,-0.09759231,0.1094631,-0.28947052,0.09483521,0.14488001,-0.004318755,-0.087108195,-0.23556034,0.0026939441,0.0023994707,-0.047659196,-0.2308451,0.066529304,-0.007223062,-0.2641974,-0.12446937,0.19628856,-0.023402639,-0.0533377,0.07251592,-0.34216532,0.12678441,-0.00072975084,0.04426849,0.15267818,0.08611858,-0.10514906,0.28709862,0.09305419,-0.10040678,-0.054514024,0.29553774,0.066848926,-0.087708846,-0.011497691,0.14052762,-0.026799323,-0.097451,-0.15292886,-0.26025662,0.0481067,-0.072159216,-0.032493435,-0.07832752,0.052051906,0.28903872,-0.3048289,-0.10008403,0.3114293,0.16912831,0.18786791,-0.05193793,0.042588383,0.012812372,-0.07366678,0.08012938,-0.04907646,0.07051678,-0.058543686,0.13268767,0.04229861,-0.035483018,-0.08309163,0.044007048,0.040452167,0.18992189,-0.1220859,0.27430993,-0.04760822,0.02208807,0.2962639,-0.13684125,0.06772621,-0.06832655,0.09961073,-0.1450032,0.17362335,-0.16477567,0.1649507,-0.15439597,-0.25413272,0.15865639,-0.295381,0.14000827,0.0147178415,0.1311469,0.111075394,0.060963843,-0.10576902,-0.16866669,-0.02200004,-0.14442499,-0.30604795,0.08067713,-0.22294638,-0.12362947,0.50543344,-0.038707413,0.029755786,0.35438722,0.063754186,0.013142604,-0.06375377,-0.1272411,0.16522539,0.0128197,0.38488036,-0.049173474,0.3606995,0.029801928,-0.040979248,-0.081304565,-0.06420063,0.24383199,-0.20658432,0.019759715,-0.049775034,0.025745772,-0.070255905,0.27165407,-0.013553111,0.30144253,-0.07301165,0.08750415,0.044040672,0.034965068,-0.13315961
"(113.93124410394428, 22.585468110796523)",0.21149835,0.09352336,0.107614174,-0.0008221138,0.010379292,-0.11537209,-0.16378929,-0.033440027,-0.040594265,0.17645244,-0.08027706,0.22508037,0.029152513,-0.07800077,-0.24066865,0.050791863,0.18523176,0.32850116,0.15435769,0.5158732,0.16217017,-0.115084104,-0.11502049,0.30174083,0.03785063,0.1680157,0.0014212802,-0.030691944,-0.19416675,-0.11266899,0.037396245,0.06093181,0.6061488,-0.032310285,0.18530816,-0.23933771,-0.044015124,0.097578004,-0.08922315,0.05121761,-0.30393636,0.4756726,-0.21279548,-0.07116673,-0.18431911,0.0021966342,0.23137242,-0.108424425,-0.26652038,-0.04661274,0.009077892,0.08264428,0.06124693,-0.1305076,-0.36720392,-0.08718866,-0.13308562,0.15727237,-0.20599487,-0.023779891,0.0025183596,-0.07720126,-0.011790965,-0.05935408,0.042105123,-0.1285254,-0.28406507,0.023189556,0.09246926,-0.34491226,0.16086805,0.045081936,0.08373849,0,-0.14179896,-0.010392677,0.12756924,-0.084887125,-0.1845943,0.046997167,0.121506676,0.08068296,0.264355,-0.3812114,0.07292412,-0.15044422,-0.013527203,-0.040293492,-0.12788665,-0.088806875,0,-0.15742722,-0.09211933,0.2620487,0.21239576,0.16728628,-0.07619487,-0.032433018,0.11577707,-0.14230914,0.2744295,0.22758508,0.07625368,0.09251787,0.30886865,-0.07636967,0.33963573,0.31159905,0.20308648,-0.3443897,0.0026229313,0.11134166,0.05754631,-0.18654117,-0.12077074,0.2776146,0.03433977,0.24147433,-0.27050853,-0.2675594,0.24034016,-0.04172255,0.054412536,0.1520105,0.016871775,-0.07738003,0.12596223,0.04021015,0.0030102655,0.28858483,-0.43481994,-0.1048589,0.1660388,-0.007332474,-0.22052175,0.016871152,0.48488575,0.09701428,-0.15148258,-0.20155999,0.42176872,0.005282553,0.21608344,-0.18009451,-0.24034151,-0.050747007,-0.017750697,0.19901954,0.501433,0.23936503,0.23639892,0.22058335,0.25103945,0.043710604,0.34076408,0.14495856,0.1733586,0.1370601,0.1737296,0.22989883,-0.19920093,0.37821484,-0.2695167,-0.41245025,-0.05727993,-0.13919963,0.23919968,-0.048721537,-0.06413539,-0.24755356,0.084139675,0.044475958,-0.19665155,-0.0361695,-0.38137525,0.13323821,0.220217,0.07684449,0.07541675,-0.28817672,0.4979644,0.08969427,0.16643772,0.049633436,0.25314108,-0.42570552,0.033806562,0.13145518,0.12780374,0,-0.1454539,0.17053953,0.12928529,0.12786904,0.26689664,-0.013942027,0.21241371,0.15700632,0.12667255,-0.15361232,0.07661325,-0.21593729,-0.08635048,-0.0052259844,0.095806554,0.018646494,-0.23594765,0.21571295,0.19794625,0.23378356,-0.07530357,-0.08839607,-0.03873489,0.013187797,-0.4552673,-0.35875314,-0.065236434,0.2841015,-0.18302172,-0.08334765,0.12525488,-0.1721048,0.52091694,0.24527392,0.046564806,-0.083357766,0.56248045,0.027130319,0.17137924,0.024444453,-0.09450279,-0.35983682,0.36914697,0.3266236,0.30161947,0.28666633,-0.013556812,0.13517115,-0.37801033,0.34927222,-0.14052474,-0.12100883,0.091342896,0.18210803,0.17582381,-0.058156706,0.024413303,0.13704868,0.0062271208,-0.26753306,-0.22350663,-0.2427719,-0.29467714,0.09385997,-0.044171117,-0.036799736,0.17965165,0.05723594,-0.19759114,-0.45672998,0.13271335,0.37985983,-0.08665833,0.029458135,0.09856768,-0.026596637,0.13405938,-0.12561157,-0.34594765,0,0.23118505,-0.12776183,-0.097374015,-0.13910434,0.32476845,0.12773034,0.10406025,0.09141144,0.12043581,-0.24578103,-0.034633987,0.03109378,0.1720367,-0.048120864,0.23005037,0.18986343,0.041824516,0.0027450435,0.18698105,-0.15938237,-0.16725929,0.16061933,-0.66158706,-0.22276801,0.50222576,-0.1814143,0.1518423,-0.08320082,-0.07170017,0.23322305,0.2192231,0.1040116,-0.07754193,0.21801071,-0.068015926,-0.26167804,-0.06510615,0.22875589,-0.213405,0.26674774,0.0167333,0.50198436,-0.009223461,0.22488232,-0.13332285,0.10481679,-0.21513233,-0.23149338,0.0269134,-0.2690755,0.19833893,-0.07755408,0.2914447,0.08663542,0.29380718,0.16943847,0.056686424,-0.11742745,-0.22579773,0.19817328,-0.16630273,0.12844831,-0.13767561,-0.03427215,0.05253823,-0.22140309,0.23233114,0.32626894,0.30642337,0.08065453,0.30433294,0.080095,0.06854221,0.069353014,-0.10049331,-0.010174185,-0.29667658,-0.0762955,-0.2163694,0.2545544,0.2781686,0.19464843,0.32745326,-0.10412961,0.126587,0.40143657,0.061060578,-0.24023862,-0.20000419,-0.21013127,0.00054017454,-0.023730954,-0.100796625,0.14593151,0.04453527,0.16200663,0.11203728,0.49826267,-0.33208928,-0.31288558,-0.35296527,-0.04105457,0.22118822,0.3697208,-0.296818,-0.49142885,-0.09035489,-0.06395373,-0.06153531,0.4692794,0.10527466,-0.02359591,-0.17654955,0.36360624,0.007841408,0.2681207,0.15079616,0.09937042,-0.28625342,0.11507836,0.021598749,0.1325883,-0.22653167,-0.14251044,0.4367081,0.10444971,0.14134057,0.33375442,0.009461679,-0.086978614,0.054467175,0.059663415,-0.05346211,0.14581269
"(113.93154388817608, 22.6760997639992)",0.14930582,-0.17812237,-0.03472588,0.12184978,0.30358842,0.21886726,0.032445647,0.03980294,0.1915414,0.27435952,-0.054703668,-0.18130133,0.18244052,0.18169919,0.011837438,-0.18104379,-0.11648023,-0.11189314,0.19709663,-0.01852421,0.27748615,-0.0019765971,-0.008946352,-0.21358174,0.026388947,-0.058974482,-0.071147986,0.0058104387,-0.03985185,0.06280614,0.11406037,-0.08318557,0.17047301,0.31644028,0.06803461,0.19247533,-0.028028183,-0.047512442,0.09851909,0.013118513,0.014067523,-0.28496665,-0.22225705,0.07961232,0.008648392,-0.40545225,0.11265473,0.109687716,-0.14917004,-0.22622597,-0.031234883,0.03085444,-0.054971438,0.1498346,-0.028278776,-0.20696539,-0.09231569,0.017639615,0.19458656,-0.13250706,-0.17396197,-0.11873308,-0.13329151,0.3229916,0.0023412276,-0.027227327,0.04521343,0.19674659,-0.09617475,-0.2010534,-0.053988606,0.055862293,0.09243174,0,-0.16594005,0.042972747,0.110792905,-0.04409332,-0.28882733,0.2684688,0.022669714,-0.079196505,-0.1433745,-0.18082897,0.014447685,-0.17163438,0.114226416,-0.32841432,-0.22586295,-0.08596625,0,-0.2647612,-0.055511855,-0.41171888,-0.09173831,0.011730682,-0.118275926,0.08384952,-0.07976041,-0.017514732,0.32222638,4.5269728e-05,-0.1942903,0.012334026,-0.19909973,0.1297867,0.05665396,0.25521153,0.21452387,-0.03310655,-0.15775642,-0.25647897,-0.032160297,0.097127326,0.10841144,0.06895751,0.35583645,0.26863614,0.055860527,-0.08038099,0.23643242,0.29553214,0.24378408,0.31524703,-0.09995801,0.022673301,0.058032777,-0.015146168,0.11990084,0.2573269,0.011360807,0.08278549,0.14198111,-0.08769705,-0.006616488,0.44841683,-0.075930744,-0.03945117,0.030328032,0.12609103,-0.009992752,0.006628014,-0.3295626,0.15013418,-0.1562837,-0.38152346,-0.060177907,-0.057531495,0.14048122,0.30349356,-0.0030928217,-0.05876413,-0.100861415,-0.13346207,0.019643683,-0.4666163,-0.09624824,-0.020476498,-0.001056172,0.31096536,-0.25672683,0.07895322,0.37875128,0.10662109,0.2519328,0.2319672,-0.032540046,0.21937941,0.080264,-0.12356902,0.04791502,0.089366585,-0.19056663,0.012502518,-0.39036876,-0.22404772,0.05626659,-0.05029932,0.025338076,-0.066341214,-0.040054537,0.052574687,0.013532791,0.11832583,-0.11095207,-0.14717954,-0.026590735,-0.066181585,-0.17319444,0,0.04138528,0.05153141,0.082260825,-0.03253951,-0.20447621,-0.09126785,-0.26365343,-0.024685942,-0.17833063,-0.20121136,0.10154924,0.072303906,0.056360845,0.011386806,-0.02505225,-0.055241764,-0.16940652,0.105361246,0.21894711,0.033998266,-0.075874224,-0.052720055,-0.09340499,0.2539221,0.4269782,0.04504375,0.0015851911,0.08139875,-0.10133176,-0.12019275,-0.012072641,-0.22255366,0.24192907,-0.107840255,0.04861309,0.13056523,0.2397852,-0.033989564,-0.042065352,-0.013304368,-0.14668395,-0.11630469,-0.0821598,0.085554324,-0.15090317,-0.054341935,-0.13043675,0.021091029,0.015349284,0.1129174,-0.16598102,-0.1608545,-0.07823331,0.03958092,-0.28843182,-0.12947255,-0.21348044,-0.06578244,-0.08257454,-0.23967643,-0.13136128,-0.09336345,-0.1362053,0.05108898,-0.21325105,-0.02332417,-0.008355424,0.27472395,0.100504085,-0.17358527,-0.19661969,-0.14169127,0.17429435,-0.10113164,0.026107002,0.0021459423,-0.012548134,0.26457256,0.060705014,0,-0.0128330365,0.28165686,-0.058384787,0.10638313,0.013277888,0.10159859,0.18370146,-0.18764259,0.13642475,-0.36858,0.044830978,0.07025323,-0.0015857071,-0.04895164,-0.19731522,-0.022948548,-0.026090538,-0.056092024,-0.28836638,0.09618682,-0.057503086,-0.2682109,-0.20321661,0.18909445,0.00540651,0.037807047,0.19597961,-0.37735757,0.12030884,-0.006796673,0.039060473,0.12734035,0.0008061603,-0.12530741,0.337985,0.12409799,-0.1141886,-0.17492352,0.31501707,0.008092497,-0.20594315,-0.016939674,0.12820154,-0.04041623,-0.033343643,-0.15408653,-0.20589775,0.021705866,-0.11872184,-0.0072494373,-0.17733051,0.05648405,0.3803392,-0.32696146,-0.16936204,0.32706827,0.27736592,0.15959729,-0.12391086,0.010469556,0.031539377,0.027669476,0.0761887,0.004649842,0.060527448,-0.053646326,0.13981645,0.060148757,-0.09240798,-0.071270555,0.05439105,0.003134666,0.1373113,-0.091433406,0.23703498,-0.04068096,0.014816005,0.36020914,-0.13744695,0.12255736,-0.026569644,0.13100384,-0.12518212,0.07669975,-0.11320109,0.1624157,-0.15671457,-0.3437456,0.18847549,-0.39826524,0.10793249,0.026581014,0.17358114,0.069093235,0.0066867396,-0.11562462,-0.14170527,0.023055825,-0.15626985,-0.3811133,-0.025030233,-0.2655679,-0.118355535,0.54637873,-0.00933134,-0.036639035,0.36961266,0.12338407,-0.008704122,-0.034502532,-0.05259544,0.15547717,0.014229577,0.38814205,-0.10540338,0.43033084,0.10032312,-0.01488826,-0.1594604,-0.103568465,0.23872265,-0.26912242,-0.05213298,-0.08202421,0.13383284,-0.1192899,0.2941908,0.024829151,0.2791838,-0.1106105,0.09364945,-0.050662577,0.084941745,-0.104809076
"(113.93297892956927, 22.51460105161944)",0,0,0,0,0,0,0,0,0,0,0,0,0,0,0,0,0,0,0,0,0,0,0,0,0,0,0,0,0,0,0,0,0,0,0,0,0,0,0,0,0,0,0,0,0,0,0,0,0,0,0,0,0,0,0,0,0,0,0,0,0,0,0,0,0,0,0,0,0,0,0,0,0,0,0,0,0,0,0,0,0,0,0,0,0,0,0,0,0,0,0,0,0,0,0,0,0,0,0,0,0,0,0,0,0,0,0,0,0,0,0,0,0,0,0,0,0,0,0,0,0,0,0,0,0,0,0,0,0,0,0,0,0,0,0,0,0,0,0,0,0,0,0,0,0,0,0,0,0,0,0,0,0,0,0,0,0,0,0,0,0,0,0,0,0,0,0,0,0,0,0,0,0,0,0,0,0,0,0,0,0,0,0,0,0,0,0,0,0,0,0,0,0,0,0,0,0,0,0,0,0,0,0,0,0,0,0,0,0,0,0,0,0,0,0,0,0,0,0,0,0,0,0,0,0,0,0,0,0,0,0,0,0,0,0,0,0,0,0,0,0,0,0,0,0,0,0,0,0,0,0,0,0,0,0,0,0,0,0,0,0,0,0,0,0,0,0,0,0,0,0,0,0,0,0,0,0,0,0,0,0,0,0,0,0,0,0,0,0,0,0,0,0,0,0,0,0,0,0,0,0,0,0,0,0,0,0,0,0,0,0,0,0,0,0,0,0,0,0,0,0,0,0,0,0,0,0,0,0,0,0,0,0,0,0,0,0,0,0,0,0,0,0,0,0,0,0,0,0,0,0,0,0,0,0,0,0,0,0,0,0,0,0,0,0,0,0,0,0,0,0,0,0,0,0,0,0,0,0,0,0,0,0,0,0,0,0,0,0,0,0,0,0,0,0,0,0,0,0,0,0,0,0,0
"(113.93319050782254, 22.56384593115525)",0.0674082,0.115399584,0.039666798,-0.04737269,0.025083229,0.08693503,-0.28095788,-0.007975135,0.07430145,0.13685986,-0.049233645,0.09875743,-0.05406698,0.007601537,-0.30994165,-0.056751374,0.22127233,0.2869693,0.23302358,0.38240203,0.19280764,-0.068152845,-0.12831236,0.22914173,0.00073909387,0.15467572,0.07598252,-0.01868777,-0.14889659,-0.22444513,-0.047390718,0.024866581,0.6629053,-0.13548154,0.069478914,-0.2746312,0.011337854,0.057882294,-0.22059752,-0.10203014,-0.32381576,0.4441915,-0.2718715,-0.07641542,-0.22291282,-0.06353902,0.18782407,-0.12701704,-0.35257965,-0.01664841,-0.030105263,0.10026185,0.026819114,-0.06614806,-0.441753,-0.22072247,-0.17759769,0.32913604,-0.15381974,-0.023321025,0.050945435,-0.0319076,0.08432338,-0.07481392,0.04935162,-0.12557554,-0.27455038,0.085323006,0.13308753,-0.2593655,0.048856445,0.16614917,0.083402574,0,-0.1898247,-0.019718643,-0.035075974,-0.060290627,-0.19648519,-0.011138655,0.20588256,0.15092121,0.22976497,-0.3449716,0.06649983,-0.17331609,-0.06901404,0.028963141,-0.25535178,-0.04977607,0,-0.21635854,-0.06024746,0.17659755,0.079502955,0.27046853,-0.04244785,0.03440623,0.20861126,-0.06508733,0.3230653,0.12524647,0.10113898,-0.078781396,0.13336554,-0.16521725,0.34614187,0.2942871,0.07990778,-0.301235,-0.009102919,0.043932147,0.039678194,-0.12483556,-0.23427808,0.3186707,-0.01486191,0.19079919,-0.22941181,-0.30730578,0.28058332,0.06528073,-0.003868685,0.277471,0.08661436,-0.12755877,0.15081367,0.038211506,-0.037124403,0.16882533,-0.3752715,-0.1528372,0.15899701,-0.037426695,-0.12905687,0.037954584,0.32937306,0.03569707,-0.2300024,-0.21225797,0.39564514,0.0848355,0.26754862,-0.22421339,-0.2149105,-0.3199653,0.002792662,0.12595525,0.61930513,0.27380133,0.14037262,0.20468727,0.27446884,0.08543204,0.37879524,0.1041078,0.17655654,0.021915369,0.13868988,0.10850032,-0.32406113,0.5017612,-0.18420152,-0.31446725,-0.020684227,-0.076750845,0.29799083,-0.016176,-0.16221075,-0.2934034,0.0376255,0.055270344,-0.44343594,-0.016781792,-0.41413802,0.05315475,0.16865666,0.0036535999,0.010838829,-0.26141414,0.41689637,0.12343203,0.17335415,-0.008212142,0.28545684,-0.45863345,-0.0250265,0.086077034,0.11729582,0,-0.06742567,0.0057088584,0.17505741,0.21231478,0.20471963,0.09784955,0.07706265,0.15275547,0.15870266,-0.2511294,0.18662953,-0.09734075,-0.093469165,-0.0015020054,0.17514934,0.029502913,-0.14954792,0.162705,0.25605506,0.20232633,-0.08948912,-0.078121714,0.13068017,0.058850512,-0.440967,-0.4698124,-0.05335336,0.25072664,-0.19914696,-0.13571192,0.053570665,-0.2180812,0.3116149,0.28819603,0.09002383,-0.06008444,0.5733889,0.07440452,0.25744972,0.020085603,-0.010250252,-0.33338848,0.25535437,0.32675985,0.2757184,0.20586504,-0.11398193,0.17309247,-0.36641395,0.27285784,-0.27176723,-0.16841884,0.10174525,0.22597559,0.11942506,-0.028282292,-0.050998405,0.09236926,-0.04518883,-0.44145083,-0.26845926,-0.20424075,-0.23088638,0.053027567,-0.12256568,-0.003669329,0.17028257,0.006976191,-0.19459686,-0.44931594,0.0729341,0.33811238,-0.03523289,0.042102225,0.12923624,-0.10417457,0.24539365,-0.06955621,-0.16751939,0,0.18492836,-0.08295768,-0.06424427,-0.22764748,0.25105268,0.11752976,-0.019934196,0.07913533,0.22813907,-0.2389996,0.01615272,0.0405267,0.21799216,-0.025608018,0.36907944,0.05407608,-0.0772412,0.04006507,0.16593221,-0.10552801,-0.29432753,0.09882338,-0.67019457,0.004201539,0.45393553,-0.025200672,0.17750333,-0.0839017,0.045924768,0.20525672,0.17944087,0.051851407,-0.11918351,0.30698168,0.13326958,-0.2291609,-0.16073844,0.111705065,-0.08361475,0.27629963,0.0059691556,0.62599444,-0.026490845,0.3016974,-0.050046667,0.07226484,-0.16323543,-0.36628821,-0.06505358,-0.26765132,0.087677516,-0.12059666,0.3756724,0.113411136,0.20836869,0.24668351,0.1491329,-0.09559469,-0.22902459,0.1001299,-0.17143983,0.2212689,-0.11811759,0.08896202,-0.018439129,-0.19034839,0.24149406,0.28925523,0.24049437,0.11688195,0.337293,0.01959253,0.13070193,0.04454782,-0.022563294,-0.0046070367,-0.39222148,-0.023731608,-0.23225302,0.30625635,0.39966482,0.20191868,0.3572744,-0.11161374,0.08951343,0.40826645,0.09994145,-0.31396478,-0.27296257,-0.28151846,-0.08380865,-0.023383042,-0.054263785,0.04686074,-0.15236989,0.19446366,0.13564056,0.52314496,-0.21189521,-0.3475018,-0.27258006,-0.059298985,0.08597191,0.3174386,-0.18893299,-0.60453403,-0.058072012,0.06644733,0.0048039146,0.3886281,0.09231426,0.0387736,-0.033487067,0.49037078,-0.110929295,0.29617664,0.28829983,0.050380915,-0.36499694,-0.089245826,0.12321613,0.16167893,-0.34435314,-0.24923892,0.5210254,0.17494686,0.07833128,0.49727333,-0.012254812,0.0018177368,-0.007646542,-0.060071997,0.05333128,0.12508616
"(113.93334346316686, 22.682632022179035)",0.10566275,-0.101338,-0.02020536,0.07511861,0.2252387,0.15927224,-0.02550862,0.039315205,0.1659884,0.17735004,-0.0047635734,-0.073505774,0.05024232,0.13578406,-0.009868622,-0.11791328,-0.040608227,-0.036636613,0.18145458,0.035039145,0.14009649,0.016572157,-0.019725721,-0.11311558,0.060454536,-0.024809672,-0.027998649,-0.015852414,-0.0201771,-0.016852953,0.061755728,-0.06911071,0.2096655,0.20239529,0.031567317,0.09932511,0.004454907,-0.09345709,-0.0005991794,0.010408424,-0.04607322,-0.124767475,-0.18461329,0.08117225,-0.01786594,-0.25651303,0.08791888,0.05847059,-0.12676609,-0.08044277,-0.0022054464,0.055998303,-0.0007339604,0.11386748,-0.13509476,-0.17866367,-0.057747893,0.07674927,0.12463924,-0.15360138,-0.14946605,-0.079458706,-0.04573396,0.20053037,0.03234268,-0.10118862,0.018971056,0.1616434,-0.012945514,-0.1837854,-0.0627114,0.1082783,0.11112023,0,-0.09204992,-0.047035094,0.082561,-0.0055149794,-0.17517276,0.180576,0.11419499,-0.006511569,-0.0018366538,-0.24957956,0.0180762,-0.12482181,0.098258704,-0.2393736,-0.21894091,-0.023371354,0,-0.22149488,-0.045704253,-0.16555466,-0.054257095,0.10817887,-0.12807328,0.07450721,-0.0051878,0.05165324,0.333324,-0.010366976,-0.044847507,-0.025873765,-0.13295703,0.06254831,0.08584117,0.24650654,0.13308896,-0.027108535,-0.097519085,-0.15518466,-0.028484754,0.104496166,0.05278913,0.15063323,0.19916232,0.26030058,0.020853236,-0.08281876,0.25341308,0.24423371,0.19226855,0.2757433,-0.0774283,0.01658693,0.04586308,0.005059775,0.116995715,0.1984654,-0.108322166,0.0013450887,0.085047096,-0.06036382,-0.057206437,0.32762176,0.034638025,0.034521338,-0.014917888,0.10155936,0.11418395,0.004778601,-0.0855706,0.013163231,-0.12033089,-0.3621756,-0.042695433,-0.10053168,0.2069621,0.26559943,-0.021866482,0.011939988,0.024527267,-0.057498127,0.13119915,-0.2318361,0.04456699,-0.011500873,0.042378552,0.25422108,-0.24395517,0.21842524,0.2215136,0.014514331,0.16599593,0.13837563,0.028821273,0.22655077,0.00091160834,-0.1749586,0.06918653,0.011369629,-0.2433871,0.024961717,-0.38881558,-0.15908656,0.06845139,-0.021412697,0.027336963,-0.079759516,0.046062596,0.042408295,0.032767262,0.15342501,0.030575909,-0.23304415,0.016744506,0.0030876566,-0.034562424,0,0.009372715,0.012044549,0.112499304,0.031348668,-0.101734765,0.06279197,-0.106135055,0.08538855,-0.017603703,-0.2571089,0.04997167,0.011446327,0.041842096,-0.025381112,-0.043461308,-0.044476107,-0.060247764,0.082823545,0.23571509,0.10092185,-0.03992054,-0.08084734,-0.00859068,0.2021656,0.25303715,-0.054895684,0.017220287,0.071542144,-0.08753329,-0.11421259,-0.031302992,-0.15797703,0.2590062,0.0172812,0.05916326,0.03882017,0.2219456,-0.025812747,0.040071033,0.02087818,-0.17656215,-0.046778243,-0.017897932,0.10650761,-0.011002809,-0.025850348,-0.105977714,0.042820312,-0.10034625,0.20910445,-0.09019335,-0.13940483,-0.007895706,0.09492408,-0.1776721,-0.01411397,-0.16323662,-0.018076252,-0.12694696,-0.21849869,-0.18871269,-0.08625908,-0.1523404,0.07743218,-0.14138749,-0.0074020103,0.04897727,0.20772171,0.06781535,-0.23159423,-0.057276294,-0.017031334,0.13027272,-0.022598043,0.0531117,0.06766471,0.007943988,0.08500694,0.03332226,0,0.034627154,0.15017235,-0.07937457,0.03030622,-0.037717357,0.10316386,0.16862486,-0.034020368,0.16161954,-0.34134042,0.0062182015,0.039870847,0.07294924,-0.027959429,-0.07910736,0.012164567,-0.058689762,-0.0012914725,-0.12743045,0.04203862,-0.07839273,-0.17807084,-0.20166266,0.12605324,0.112494685,0.03577084,0.10686149,-0.29346085,0.069366395,-0.0059317276,0.06083394,0.093539774,-0.001746688,-0.05936107,0.24579978,0.08933841,-0.07724759,-0.10686591,0.22098799,0.03166312,-0.12622683,0.16190805,0.13745023,0.07612558,0.014669418,-0.1576402,-0.17491549,-0.015315279,-0.05426224,-0.05269552,-0.17122234,0.016221317,0.37475237,-0.19302624,-0.08742752,0.22826675,0.2652206,0.07422945,-0.19097991,0.039209366,0.01639567,0.070697024,0.0045223534,-0.0021170955,0.004065335,-0.0122209415,0.14178507,0.116377175,-0.013675444,-0.066777095,0.07752039,-0.02889035,0.10004377,-0.05739908,0.17623302,-0.040819496,-0.15501414,0.23182121,-0.1565204,0.13368256,0.054985877,0.121539995,-0.048481047,-0.014873721,-0.09668154,0.13925458,-0.0640303,-0.3339999,0.06109441,-0.26808536,0.028989993,0.010708118,0.108218476,0.051951632,-0.03596931,0.009153978,-0.068487525,0.060333576,-0.15760738,-0.29896736,-0.056966566,-0.1933772,-0.029288925,0.4011385,-0.10270551,-0.1639673,0.24701272,0.14256124,0.008206878,0.06255598,-0.05557089,0.17750773,0.026696242,0.3614247,-0.008210301,0.26634854,0.17460673,-0.003966748,-0.12215197,-0.12793447,0.21595061,-0.13552547,-0.090812266,-0.10974804,0.23578066,-0.028462954,0.24641578,0.07944232,0.25032842,-0.0468305,0.04366256,-0.06332133,0.09217968,-0.109763704
"(113.93411743232116, 22.529398025754578)",0.1745142,0.09316911,0.10484095,0.043566987,0.012192622,-0.12184426,-0.14286238,-0.03285222,0.052464187,0.053559326,0.00083474815,0.2397807,0.07396278,0.012130529,-0.04777479,-0.008141682,0.091988936,0.18745178,0.089385025,0.24403526,-0.016002946,-0.10069148,-0.09272319,0.22127154,0.027415153,0.090111285,-0.030910797,-0.05740929,0.054352265,-0.1207802,0.009035271,0.053642552,0.3223228,-0.055819258,0.024823084,-0.09144478,0.079631716,0.02602332,-0.14085557,0.092214055,-0.095786266,0.21507257,-0.11992197,0.09909216,-0.038228452,-0.08097113,0.05319368,-0.04881691,-0.12962262,-0.025168194,0.0324751,0.06931726,0.043756567,0.06767869,-0.30510437,-0.09141672,0.050558798,0.15350485,-0.09165895,0.120468006,0.03951082,-0.012357139,0.053061087,0.016223356,-0.0062770955,0.0053128824,-0.20523687,0.077822894,0.033567354,-0.18143533,0.023392133,0.0892156,0.07382725,0,-0.012844762,-0.047452684,0.075319365,0.0044937134,-0.010458082,-0.04843601,0.18185915,0.10462618,0.22555596,-0.23336352,0.12826817,0.05714786,-0.0015183687,-0.1027273,-0.038922794,0.019818656,0,-0.15268067,-0.026320115,0.23307742,0.18616971,0.08884688,-0.11173353,0.060726866,0.15387882,-0.024038803,0.15896723,0.10201634,0.09714794,-0.025801674,0.011779025,-0.0034419447,0.21900266,0.16116549,0.054136343,-0.1315023,-0.15074076,0.11740338,0.104687296,0.038689256,0.030135088,0.17592832,0.047047634,0.16506574,-0.1444898,-0.10528581,0.024431124,0.06551159,0.05606744,0.10941197,-0.08500845,-0.024098024,0.14565308,0.03286519,0.06588013,0.14404127,-0.20659757,0.025806626,-0.07361346,0.028254256,-0.1629947,0.10926214,0.14951533,0.086373955,0.06389059,-0.058634885,0.2645602,0.030204238,0.27372426,-0.091870494,-0.19947565,-0.082836196,-0.0066938344,0.04337501,0.30384052,0.037141375,0.2576255,0.13006175,0.15801491,0.029509619,0.1685277,0.21368179,0.30251324,-0.044978663,0.13415068,0.15855198,-0.02765917,0.24926981,-0.1226818,-0.22530115,-0.02800642,-0.035650365,0.11835244,0.11195637,-0.022923902,-0.13554326,0.10761471,0.06827098,-0.15262967,0.06612821,-0.3552435,0.07586323,0.08622821,-0.015824154,0.1545701,-0.18135878,0.2661212,-0.01615449,0.1633805,0.14818306,0.221225,-0.29505688,0.016273342,0.1205951,0.14330396,0,-0.046279088,0.07257106,0.07934662,0.08337671,0.070533164,0.25426632,0.1296797,0.14321831,0.15711144,-0.23432857,0.012226371,-0.13380748,-0.013539115,-0.078741446,0.0043741763,-0.0016138405,0.019818947,0.18543293,0.09060214,0.23882395,-0.0050982684,-0.0376767,0.09860554,0.063047156,-0.18080351,-0.21845804,-0.030711817,0.11207641,-0.17880464,0.0066651106,0.018828325,0.017592246,0.22741441,0.28163502,0.028347898,0.017866708,0.24514541,0.0099361455,0.17952254,0.04512972,-0.19816212,-0.08318064,0.24976385,0.14628966,0.11984374,0.088204846,-0.008506905,0.015160665,-0.14546956,0.26887447,0.0066657737,-0.08012124,0.12614068,0.18757898,0.06950277,0.15903586,0.030477285,0.11412065,-0.026775748,-0.064791486,-0.15051168,-0.05637026,-0.15230154,0.028217966,-0.053866662,0.023148559,0.15888771,0.031923182,-0.017762884,-0.28599057,0.14461768,0.23047206,-0.039418444,0.045262203,0.06989087,0.08313437,-0.022108838,-0.109724894,-0.113963865,0,0.22787413,0.04198879,0.039670676,-0.23905249,0.1443032,0.032456882,0.1241959,0.037598822,0.10900051,-0.2548331,-0.1013999,-0.10686706,0.08602348,0.047165796,0.051832605,0.109973535,0.05036297,0.03833363,-0.029234871,-0.094353095,-0.12541501,0.1599419,-0.34971297,-0.10956945,0.3326982,-0.0033438131,0.03876917,0.04272481,-0.028077962,0.0529757,0.14244883,0.031168655,-0.030898783,0.14032511,-0.047256343,-0.06734501,0.06363493,0.04344975,-0.025485557,0.17910248,0.057885397,0.3758551,0.025134802,0.026749773,0.13992508,0.04724034,-0.09328151,-0.079965994,0.15583593,-0.11332876,-0.06596799,-0.037497375,0.23946267,0.108400665,0.15304857,0.020209327,0.1008637,-0.1652233,-0.19817089,0.09447202,-0.1583748,0.13736057,-0.09580705,-0.025270058,0.10152397,0.024521343,0.15506689,0.14518304,0.113736756,-0.07523771,0.15512839,-0.031205961,0.031487502,0.12475696,-0.020345777,0.040710554,-0.17381966,-0.002953868,-0.11701699,0.14528419,0.18577267,0.1306703,0.19352606,-0.13744473,0.14103499,0.10321892,0.10589191,-0.2595496,-0.04917022,-0.13561982,0.037387207,0.026010493,0.012415094,0.0049893614,0.02151408,0.050279096,0.1764262,0.21624818,-0.110436514,-0.10609687,-0.14974433,-0.0034407433,0.1552844,0.17922314,-0.110736035,-0.2710206,0.020203996,0.09317717,-0.031331312,0.23824286,-0.13311149,0.06535894,-0.025471896,0.2541273,0.05441591,0.09003818,0.15514424,0.082420066,-0.15387833,-0.001535249,0.054420732,0.055480316,-0.059531584,-0.18434787,0.40192413,0.08298599,0.12211895,0.106725484,0.047000945,-0.11867876,0.015410397,-0.054303363,-0.019338623,-0.09582665
"(113.93421191122958, 22.51288294721065)",0.22786972,0.026120642,0.04056615,0.030515036,0.106487,-0.026293594,-0.05775254,0.019688055,0.1334303,0.11504643,-0.0068510547,0.08179334,0.036287338,0.006283447,-0.118660785,0.04737628,0.046116695,0.054686718,0.08387304,0.12619887,-0.02686917,-0.14758554,-0.030276712,0.16945231,0.030172046,0.057238963,-0.08237352,-0.034321904,-0.020669784,-0.018842861,0.017053513,0.10747911,0.21936148,-0.053155817,0.049128186,-0.10353723,0.005695954,0.015626341,-0.19593878,0.08364839,-0.10076945,0.2255198,-0.14040843,-0.07161006,-0.025562115,-0.024692332,0.054643244,-0.016981993,-0.11608514,-0.051845595,-0.0373227,0.10195013,0.008203778,0.0380823,-0.12029684,-0.054110516,0.007552215,0.12909546,-0.1239084,0.07669251,-0.010343473,-0.022730127,0.07487492,0.05436395,0.039744347,-0.06501851,-0.08476199,0.058106665,0.05281094,-0.22415678,0.0035426393,0.12674871,0.05418677,0,-0.07248636,-0.018113311,0.1781583,0.110224865,-0.013641834,-0.06946652,0.14775947,0.045034498,0.16998929,-0.17448376,0.08825621,0.05298592,-0.066421084,-0.15084606,0.002784524,0.08998926,0,-0.060965203,-0.034373544,0.106730975,0.06572221,-0.069433406,-0.04072918,0.13798754,0.13861465,-0.07089011,0.07324122,0.043845735,-0.015662517,0.04470346,-0.00013652444,-0.008874804,0.14278242,0.19454134,0.02658511,-0.06040761,-0.10803884,0.07320707,0.15802294,0.06280056,-0.03854657,0.06591849,0.108978584,0.14651857,-0.11134466,-0.05424317,0.039706722,0.02302535,0.0146782575,0.077824324,-0.009419521,0.02771905,0.052521262,0.04302876,0.06759567,0.25180224,-0.21260402,-0.058484316,0.0027380148,-0.0041704252,-0.017846704,0.02649924,0.22614053,0.032361563,0.097080044,-0.089129075,0.19532076,0.04002788,0.18666722,-0.040767185,-0.13864982,-0.053553253,-0.07783044,0.19532132,0.22547968,0.11556747,0.22891425,0.10927711,0.17296034,0.12499261,0.21243048,0.11070305,0.18474562,0.081499316,0.08194346,0.16272776,-0.027794123,0.18192121,0.046954826,-0.14116691,0.07033476,-0.05934564,0.16440772,0.08360781,0.0400535,-0.050090984,0.060694873,0.11583911,-0.03581071,0.055505022,-0.15527698,0.14468595,0.11524789,-0.021202426,0.089378364,-0.14441279,0.19005528,0.01975929,0.16118546,0.14999849,0.17065957,-0.20276488,-0.0022637472,0.07771757,0.02506195,0,0.022428375,0.16933653,0.008063821,0.03255754,0.10369607,0.15929756,0.12706476,0.060886137,0.124281615,-0.09474172,-0.0452767,-0.12620431,-0.016785895,-0.08137881,0.14589068,0.037631407,0.01743953,0.18369076,0.03879743,0.15278977,-0.08673608,0.075948946,-0.0118379295,0.092282206,0.008220963,-0.11671211,-0.003184,0.00674095,-0.1726614,-0.011106059,0.056863077,0.009319643,0.19789061,0.17940642,-0.020285498,0.034558665,0.16618893,0.1085196,0.15786183,0.022900295,0.04860354,-0.10684581,0.16213578,0.14244711,-0.023461528,0.071435586,-0.0061614774,0.019353375,-0.10683267,0.21305177,0.15179664,-0.056604445,0.106040515,0.051838547,0.1262908,0.06824324,-0.091118455,0.081984185,0.03262316,-0.032542422,-0.091177054,-0.20754662,-0.10704313,0.02982791,-0.05307988,-0.036423497,0.1547063,0.0036351718,-0.028826386,-0.11808347,0.028106607,0.23159885,-0.017264463,-0.03403499,-0.0169047,-0.046201523,-0.018253773,-0.020603284,-0.16174933,0,0.21900564,0.0043810625,-0.053151004,-0.14447752,0.22114184,0.06393952,0.10283536,-0.01581091,0.07572924,-0.11650777,0.0042004725,0.017381165,0.04453662,-0.013378546,-0.039550934,0.088687666,0.029261379,0.044750836,-0.13713413,-0.044672973,-0.08000248,-0.024868645,-0.27542645,0.14952663,0.21106178,-0.02576629,-0.03037448,0.004796304,0.03249632,0.072892435,0.11353584,0.00268732,0.0650751,0.23301668,0.03699326,-0.13087146,-0.028932434,0.060264442,0.03629035,0.16005698,0.08117029,0.29132697,-0.006690748,0.05289283,0.11226554,0.024470694,-0.053983748,-0.066549376,0.124461144,-0.15157892,-0.0022760928,-0.02614114,0.15298197,0.055683345,0.14456537,0.15426397,0.11834105,-0.17277882,-0.0025268209,0.16008931,-0.2508911,0.024988296,-0.012598753,-0.075738184,0.08245105,-0.04206627,0.14965999,0.11200997,0.14992028,-0.06883957,0.196767,0.024477428,0.10260411,0.087008104,0.027244821,0.055610254,-0.13171296,0.04531874,-0.095389485,-0.0029632486,0.07080586,0.059613366,0.18671498,0.05747515,0.09314779,0.14912328,0.037899457,-0.09493351,-0.027515195,-0.2122846,0.15985098,-0.014335414,-0.010141762,0.04590611,0.04468722,-0.1316887,0.11935476,0.20828778,-0.061504915,-0.14336325,-0.078080215,0.06729568,0.048005097,0.26132253,-0.075970404,-0.18514942,0.09035137,0.11234389,-0.033256453,0.13544804,-0.12585388,0.06644596,-0.035968855,0.3617703,0.019660346,0.0965482,0.09991706,0.010740825,0.021749675,0.00765328,0.066662215,0.012604535,-0.016972378,-0.132399,0.19427317,0.12185379,0.12436643,0.13796598,0.05257117,-0.028431918,-0.020324398,0.118251964,-0.060791664,-0.022811241
"(113.93536174493374, 22.5036007232126)",0.18226519,-0.08127921,0.0016128235,-0.011309953,0.14497311,0.17619082,-0.2793635,0.0035698488,0.15461296,0.009548135,0.023366414,-0.0794422,0.14800563,0.24501002,-0.13681644,-0.049011316,0.044284716,0.010114662,0.30665758,0.08242424,0.1015305,-0.1122928,-0.0072290003,0.16004534,0.06932841,0.119344965,0.014867105,-0.08198235,0.16477656,-0.20525534,-0.07893534,0.023122944,0.5536337,0.06777931,-0.10213166,-0.18656813,0.069857426,-0.018263832,-0.3391726,-0.07431702,-0.23776343,0.07505808,-0.2006918,0.01629436,-0.09387079,-0.15530191,0.045424722,0.0024163239,-0.19965175,0.009420576,0.0022494346,0.12877694,0.016318657,0.104153775,-0.5405402,-0.39116827,-0.15784806,0.31267515,-0.08258617,0.1021988,-0.01708972,-0.0046135643,0.0977083,0.12434904,0.10124718,-0.2096043,-0.09867151,0.23281783,0.08743087,-0.33697593,-0.094347164,0.17371781,0.10897194,0,-0.038808964,-0.015610289,0.058183003,0.19019365,-0.030108064,-0.05205234,0.2626377,0.16361606,0.17630902,-0.31675106,0.09747405,-0.10228725,-0.118499205,-0.13018239,-0.15421495,0.117499635,0,-0.35697013,-0.07959708,0.10373778,-0.03405253,0.41073242,-0.084866665,0.14678212,0.25749606,0.072965965,0.439877,-0.033424973,0.09348346,-0.14822885,-0.14487258,-0.12217601,0.1511718,0.24332744,-0.07065411,-0.13436833,-0.20967191,-0.0017333961,0.10921078,0.2109079,0.030054308,0.1690636,-0.027804164,0.200997,-0.110086106,-0.15391171,0.14574789,0.17858955,-0.017098319,0.28124306,0.001529539,-0.04665278,0.09348434,0.025860637,0.13010308,0.1502175,-0.21364364,-0.102454394,0.010550008,0.03714875,0.041421622,0.24018325,0.12333641,0.045324083,-0.13106598,-0.036631428,0.26861686,0.03845124,0.26742697,-0.16182515,-0.24669468,-0.31428635,-0.04469303,0.017711325,0.38974327,0.1840137,0.07763474,0.11977253,0.27287805,0.13505794,0.2459557,0.0015440993,0.22208177,-0.037217617,0.06221261,0.13777004,-0.17652461,0.44718733,0.122810856,-0.06857787,0.09351817,0.07663894,0.26933208,0.05940701,0.08276631,-0.1853992,0.07063993,-0.070903465,-0.5504918,-0.037305385,-0.58606946,0.018789887,0.06258367,-0.0874754,0.11351503,-0.23309308,0.09609842,0.066283934,0.15388963,0.24090144,0.19035068,-0.44905955,-0.11401699,0.064504415,-0.11319399,0,0.047252353,0.14392927,0.08282082,0.08951999,0.051477753,0.28129143,-0.017240554,0.09966896,0.13601641,-0.42366365,0.14150074,-0.07082012,-0.0093381265,0.00862422,0.19884707,0.0452639,-0.009351328,0.09355967,0.21904889,0.2416869,-0.09292644,-0.15918376,0.1269599,0.14005871,-0.06888149,-0.3821838,-0.028221333,0.09160156,-0.40671694,-0.0055113733,0.03336807,-0.26684475,0.18819536,0.23088613,-0.034892615,-0.048062794,0.3203733,0.11683362,0.23657814,0.05288016,-0.14517815,-0.11369284,0.21008421,0.28497967,0.14954342,0.037781924,-0.11848396,0.07954636,-0.25395805,0.40090874,-0.058898695,-0.1438252,0.124519885,0.11751175,0.033610787,0.014401369,-0.027874961,-0.0035103522,-0.14070827,-0.49638176,-0.23612714,-0.23820096,-0.1772552,-0.03953372,-0.20691329,-0.027005665,0.12069116,-0.06623205,-0.026924506,-0.44010162,0.08413454,0.13702196,-0.0028020628,-0.010643631,0.050156664,-0.017751414,0.026091367,-0.22838262,-0.0883518,0,0.2357238,0.09477781,-0.13557762,-0.30577892,0.057285294,0.10300011,0.09982073,0.088464394,0.33378348,-0.32948506,-0.09189265,-0.036004428,0.123093635,-0.047492526,0.14533328,-0.028706472,-0.13098505,0.10067096,-0.21116698,-0.03451501,-0.29061708,-0.15683883,-0.5959273,0.17487219,0.40863764,0.03670525,0.039982915,-0.19290377,0.10207315,0.009895496,0.17695972,-0.05826471,-0.016445152,0.17711955,0.05902949,-0.11123185,-0.13327996,-0.034148518,0.07552929,-0.01668059,-0.03152102,0.5759939,0.00088559836,0.21425836,0.28016466,-0.14988622,-0.12383652,-0.1848352,0.018448923,-0.16252635,-0.18141995,-0.08712214,0.478558,0.07047511,-0.04078891,0.17062835,0.3595392,-0.22497281,-0.20353661,0.07023847,-0.16299476,0.14927913,0.00036535412,0.021937737,-0.09793902,-0.00012824684,0.20579167,0.1399792,0.08713364,0.04974715,0.17405051,-0.047724493,0.055120572,0.103506945,0.08726798,0.013628915,-0.42514813,0.10746568,-0.19808948,0.044481378,0.31941983,0.09723066,0.09944449,-0.013863079,0.057841934,0.3459234,0.04610625,-0.44975722,-0.18074667,-0.2587576,0.069128074,-0.080085404,0.061569348,-0.07338486,-0.15764141,-0.06876722,0.18036416,0.31802565,-0.12069559,-0.2791919,-0.20021588,-0.08604022,0.105747595,0.27873075,-0.062079497,-0.42931193,0.024114836,0.22485915,0.012466241,0.25369895,0.027625244,0.11768128,-0.012465939,0.4639288,-0.12504905,0.20798321,0.30034503,0.20550084,-0.0402053,-0.22068855,0.1034377,-0.06852926,-0.15145527,-0.22218756,0.5630385,0.1351865,0.1229928,0.30445603,0.107336074,0.02008577,-0.10231511,-0.0704345,0.025511004,-0.06846794
"(113.93650255265092, 22.52985678629051)",0.1988487,0.1452787,0.075049624,0.08322789,0.026326846,-0.18992685,-0.017893627,-0.028079,-0.008609712,0.16221896,-0.047317088,0.31553134,0.07418531,-0.05971632,-0.11323305,0.0043730624,0.09581761,0.20545818,0.027970213,0.3100741,-0.054031454,-0.14901857,-0.11882674,0.25975764,0.0016448759,0.0705968,-0.11523607,-0.0035252413,-0.020860571,-0.041540936,0.049623463,0.12936005,0.1536271,-0.11768813,0.10939016,-0.11683466,0.04814042,0.09637622,-0.11412062,0.11873939,-0.07900994,0.33218008,-0.12909156,0.0535068,-0.013254665,-0.041815005,0.08538553,-0.11459336,-0.10866089,-0.11362928,-0.048491508,0.07733994,-0.0062133484,0.03826895,-0.18354204,0.082896054,0.0951049,0.12447194,-0.10507518,0.122164704,0.01741502,-0.046336964,0.032449756,-0.029028222,-0.048686776,0.10499998,-0.23351161,-0.0035145879,0.006411191,-0.17291403,0.039694108,0.11661928,0.014558487,0,-0.16382827,-0.028273176,0.13616052,-0.0067803487,-0.020916969,-0.027101152,0.17687203,0.05282384,0.27264535,-0.22305422,0.13256292,0.17972851,-0.006869197,-0.17643785,0.0076619238,-0.005982384,0,-0.026699848,-0.03844265,0.26004454,0.22449866,-0.15719719,-0.06935912,0.06925954,0.1466282,-0.13835245,0.005872965,0.106210135,0.08236727,0.09786014,0.09309444,0.016768947,0.26683217,0.17345847,0.0857945,-0.14135127,-0.14441012,0.1009885,0.13322976,-0.05214826,0.028477348,0.15591261,0.23686107,0.21838607,-0.14371338,-0.053951092,0.030087799,0.0071197017,0.08952798,0.0963926,-0.0716772,-0.033750713,0.09463942,0.036884606,0.055685468,0.23345354,-0.2504232,0.023441812,-0.1032282,0.03844481,-0.19216496,2.7431175e-05,0.2116051,0.08404833,0.17426136,-0.13911125,0.16964714,0.026546497,0.28289288,-0.002384849,-0.15597653,0.016754575,-0.05235427,0.13250107,0.23063616,0.08991756,0.43092403,0.15926707,0.047471985,0.015764669,0.16271648,0.304912,0.33670717,-0.009886526,0.2550245,0.22228138,-0.03169564,0.15873688,-0.19119476,-0.25491962,-0.025718316,-0.0862867,0.037154287,0.15051074,-0.109578624,-0.052244887,0.07961153,0.25052297,0.016121417,0.13432893,-0.21050195,0.13468598,0.15150262,-0.015176845,0.104271315,-0.10756005,0.336279,0.009453349,0.18650776,0.13722424,0.2075055,-0.25851732,0.06414226,0.09794174,0.1822476,0,-0.041768167,0.10156273,0.026363896,0.052979052,0.05134306,0.1746817,0.1959212,0.12434781,0.06251967,-0.112972245,-0.08968814,-0.14977023,-0.037624482,-0.13709918,-0.014697075,0.0106693655,-0.015217572,0.27566713,0.017330453,0.19685286,-0.062199906,0.08966594,0.105153695,0.07557589,-0.19637579,-0.13945758,-0.017857822,0.10261657,-0.13643882,-0.00925833,0.024603156,0.088159405,0.22247966,0.2807825,-0.020777177,0.12295474,0.23527786,-0.016957555,0.17533308,-0.0024518743,-0.05645285,-0.18847845,0.2635131,0.05945093,0.05546461,0.18552603,0.030130591,-0.04978086,-0.107736066,0.17407694,0.015550651,-0.10694163,0.12573627,0.06564827,0.11652392,0.22256178,-0.06382428,0.16683471,0.033538975,0.13383828,-0.086614974,-0.09843558,-0.17514248,0.06871838,0.026115723,0.0019059554,0.18899006,0.021800831,-0.062132835,-0.18586138,0.10509313,0.29703295,-0.00421891,0.019383542,-0.00019333139,0.002817724,-0.11791378,-0.013305724,-0.18791455,0,0.23202375,0.0073370505,0.092716105,-0.22191201,0.25299695,0.06323426,0.11519171,0.009495202,0.04343497,-0.17847326,-0.051090814,-0.08818557,0.05042579,0.003334485,-0.031811457,0.11337888,0.16958903,-0.006662298,0.0017616749,-0.098557286,-0.10858892,0.24768649,-0.28627986,-0.09755621,0.24924117,-0.08274964,-0.017837135,0.10641794,-0.07744317,0.11762074,0.118665084,0.15923622,0.016223226,0.23839198,-0.03514169,-0.12707078,0.06803286,0.07862024,-0.0225753,0.26129052,0.09712231,0.26226962,0.032849066,0.008981867,0.088774055,0.106756054,-0.11649299,-0.038456663,0.22211888,-0.104702614,-0.00924582,-0.031074386,0.12616318,0.11189086,0.29510158,0.05762592,0.020743482,-0.15821981,-0.106281735,0.18711677,-0.2748884,0.14109798,-0.16847962,-0.010185292,0.2535907,-0.06712489,0.17638011,0.17428792,0.16936058,-0.13705382,0.20863983,0.04842087,0.06580418,0.08364887,-0.09970775,0.084935665,0.0029085912,0.011473518,-0.10532919,0.1295961,0.10927668,0.13389201,0.23302008,-0.102117,0.19322374,0.0587371,0.07487889,-0.10944614,-0.036238126,-0.16508938,0.119556285,0.026423672,-0.06313604,0.052401192,0.0810261,-0.041052297,0.14396253,0.21100226,-0.07545629,-0.11577938,-0.07862414,0.05097913,0.06574124,0.2158694,-0.10390451,-0.24277835,0.06638915,0.05671945,-0.07519163,0.1948922,-0.12856744,0.030008081,-0.09423409,0.23798758,0.11760309,0.13235813,0.074614964,-0.05956854,-0.1306917,0.05304829,0.12836999,0.058161184,-0.05966346,-0.18104279,0.29642454,0.02836284,0.16880916,0.08556066,0.037558064,-0.14164148,0.03959741,0.052795634,-0.06126324,-0.04495459
"(113.936579969734, 22.52856776680973)",0.19729817,0.06586322,0.04121236,0.076001175,0.06322629,-0.11542466,0.0065213144,-0.0033457614,0.057317436,0.14289933,-0.025233597,0.19846845,0.05315864,-0.0021876283,-0.083699405,0.010668088,0.039940253,0.102905266,0.055423684,0.19077678,-0.03261762,-0.11268995,-0.058344554,0.17716077,0.020717021,0.03436289,-0.099321954,-0.016464941,0.004800562,-0.0057648867,0.056904197,0.09796057,0.094477765,-0.025800211,0.08281977,-0.052675575,0.03879433,0.049437508,-0.10086049,0.114554204,-0.045763128,0.20997438,-0.10745582,0.038362496,0.009168126,-0.048842125,0.07515463,-0.05114058,-0.06782895,-0.08839981,-0.0451957,0.0711383,0.0023684017,0.057227857,-0.11077548,0.045191754,0.06936494,0.083696865,-0.07147531,0.058849737,-0.034317505,-0.045627628,0.037589815,0.0417092,-0.014814772,0.04133206,-0.118661016,0.024107646,0.0042998902,-0.17684212,0.0076079294,0.109545805,0.03407755,0,-0.118924566,-0.027121287,0.16499723,0.04422596,-0.012034282,0.0027940124,0.15059309,0.025812298,0.19749686,-0.18988824,0.09626557,0.11701955,0.004856989,-0.18815833,0.0051567107,0.022547297,0,-0.025327824,-0.032545924,0.17259425,0.14243397,-0.11904609,-0.06469671,0.08951579,0.10320193,-0.07810338,0.045301676,0.066306494,0.040181268,0.09348546,0.025672734,0.03313966,0.17758194,0.16389461,0.068807416,-0.07894027,-0.121224634,0.04745749,0.121394224,0.017285407,0.051906653,0.1214862,0.2057329,0.19911727,-0.089615494,-0.006594237,0.061781228,0.04724794,0.09948503,0.0873282,-0.056282543,0.007084757,0.04181451,0.03466496,0.08405661,0.23486757,-0.18995027,0.010874426,-0.05003023,0.046341285,-0.10748848,0.042944595,0.17803586,0.08232792,0.1480832,-0.07091455,0.118211955,0.0077485405,0.19949497,0.014527746,-0.104896344,-0.018846296,-0.057268605,0.09655454,0.15667404,0.11997341,0.30746526,0.11141301,0.054150134,0.027299896,0.1635432,0.18640245,0.25415367,0.026160054,0.18501619,0.21991898,-0.033866026,0.13700251,-0.051386863,-0.15662655,0.03828749,-0.05966164,0.043825105,0.15817298,-0.048355684,-0.036607467,0.0717701,0.18251677,0.020461276,0.10228163,-0.17717218,0.092682295,0.13046734,-0.017298825,0.078953974,-0.08380334,0.23034506,0.015224643,0.13812639,0.15206435,0.15797216,-0.21402097,0.053596616,0.07671295,0.09554517,0,-0.017195001,0.11688546,0.023985619,0.020789744,0.03019207,0.14095548,0.15033075,0.09869776,0.040659007,-0.10289017,-0.08299476,-0.11261442,-0.01186083,-0.10440048,0.004915118,0.021286443,0.017729208,0.226244,0.031661674,0.14952694,-0.049448103,0.064948894,0.053701095,0.10671711,-0.037989818,-0.07079278,0.0003055837,0.059576213,-0.12887937,-0.012544915,0.015873391,0.049876817,0.21041016,0.18911138,-0.026095416,0.098698854,0.16511825,0.020763336,0.13171361,-0.0005983189,-0.042492162,-0.12514044,0.17868815,0.04569409,-0.006582074,0.121930525,0.019389879,-0.03505955,-0.079519704,0.18918559,0.077183485,-0.08572917,0.09532149,0.022117883,0.08097798,0.17344621,-0.06914404,0.12190132,0.009111814,0.093531154,-0.08120903,-0.1086933,-0.13680159,0.061275385,0.012488462,-0.011334084,0.14673853,0.02445485,-0.005468443,-0.12990087,0.06872938,0.2204803,0.03047077,0.0020327643,-0.0060974695,0.0022543408,-0.11146952,-0.012899175,-0.13939756,0,0.18355009,0.033652402,0.037206963,-0.13600051,0.17373668,0.06495886,0.12873222,0.026012916,0.049891256,-0.15642849,-0.038030285,-0.0435163,0.022935152,-0.023278609,-0.07117297,0.094933294,0.13004844,0.004848294,-0.053185582,-0.060998008,-0.06965277,0.113928124,-0.20656952,0.017251335,0.17418629,-0.07253222,-0.02141167,0.018159337,-0.03386748,0.07339684,0.11795576,0.1245037,0.046573237,0.16232397,-0.008019491,-0.06594467,0.03230572,0.05504426,0.029748205,0.16884062,0.070229664,0.19107907,0.0513985,0.02838437,0.08887607,0.030115508,-0.09432,0.010165781,0.17418173,-0.08293065,-0.026742086,-0.012632053,0.13925636,0.050412394,0.18854296,0.07848498,0.08435402,-0.12668034,-0.07737555,0.16446641,-0.21063705,0.09153227,-0.105422355,-0.04438851,0.17509907,-0.04337626,0.1559268,0.12924956,0.13009402,-0.119264126,0.15675172,0.030172667,0.060322613,0.059017032,-0.02571705,0.061186127,-0.02781361,0.055946525,-0.096958056,0.06406388,0.052299615,0.09652975,0.14320321,-0.03758087,0.119096555,0.049454413,0.035493575,-0.099101946,-0.001024507,-0.15589604,0.1318785,0.011659453,-0.04215412,0.05530095,0.076455384,-0.07503177,0.08876104,0.13769585,-0.071931414,-0.117294535,-0.05231837,0.021789739,0.0597113,0.22637942,-0.08584408,-0.16946216,0.105311766,0.07421704,-0.046423834,0.13248001,-0.12788008,0.06662269,-0.07133167,0.22975364,0.10508224,0.114858225,0.074875034,-0.049202733,-0.030409008,0.021338537,0.122848675,0.009959176,-0.028269544,-0.13266166,0.21620983,0.023627497,0.17460118,0.057318285,0.08695691,-0.08133511,0.03560582,0.06688517,-0.05089782,-0.07479981
"(113.9376902392651, 22.50847344017616)",0.19404179,-0.06526512,0.0063496493,-0.005558992,0.13480005,0.13431321,-0.18855286,0.026404575,0.22060758,0.029671669,0.032691114,-0.088134065,0.044460043,0.15572774,-0.100093625,-0.017911877,0.0069624037,-0.0460191,0.1929983,-0.04158656,0.029991545,-0.10803213,0.008379146,0.09549551,0.050940756,0.043528233,-0.019244246,-0.08861859,0.10432255,-0.0971984,-0.03483553,0.03732936,0.31793246,0.02915583,-0.07228155,-0.068599075,0.061734635,-0.05726999,-0.2885172,0.011293717,-0.095483966,0.047363885,-0.172831,-0.03355603,-0.032890894,-0.1241928,0.010964476,0.047750127,-0.14754218,-0.005842624,-0.01989147,0.105578974,0.012439944,0.12653837,-0.23539516,-0.2659719,-0.056363188,0.21200392,-0.05284204,0.07529261,-0.01739965,0.005999348,0.12487851,0.14560781,0.07996212,-0.1533255,-0.0099301785,0.17069206,0.06272465,-0.24897924,-0.0925815,0.16199556,0.09687929,0,-0.009376308,-0.02149063,0.1140918,0.17921647,-0.005931288,-0.08039512,0.19094193,0.0900473,0.090406254,-0.17628731,0.080843106,-0.058810927,-0.09654397,-0.13664812,-0.07823739,0.13245904,0,-0.20332181,-0.024282336,0.0073188636,-0.051089466,0.15143338,-0.06636971,0.19765274,0.17852412,0.04850932,0.23188153,-0.03181638,-0.03180262,-0.10229902,-0.20162764,-0.04509896,0.072229244,0.18087462,-0.05769393,-0.017385617,-0.16370891,0.004682727,0.14381531,0.21836317,-0.02632185,0.08046974,0.004086764,0.111824274,-0.077532604,-0.06861458,0.06769487,0.14938115,-0.015133702,0.14970675,-0.006969517,0.025100186,0.062950015,0.032021675,0.101413585,0.17169842,-0.12396027,-0.068739526,0.031071663,-0.020207584,0.08991249,0.16579376,0.08029136,0.0148440115,0.006453611,-0.011803681,0.18794143,0.057045884,0.16636163,-0.07261629,-0.16179293,-0.24582732,-0.059316568,0.07857008,0.2697934,0.12960978,0.067906484,0.052143708,0.2392929,0.15227516,0.23119909,-0.03477107,0.15034589,0.008056134,-0.020165734,0.10669218,-0.07421793,0.28052297,0.23308843,-0.018910993,0.1312116,0.027445154,0.23371916,0.10033314,0.10681032,-0.10743398,0.060141094,-0.0044418294,-0.26171294,0.004431501,-0.31323653,0.04676725,0.04698573,-0.08455954,0.093882956,-0.180013,0.042061068,0.017066397,0.13564917,0.17762537,0.16478014,-0.25837657,-0.085006304,0.057432935,-0.09418015,0,0.07092044,0.120960705,0.047643363,0.04685949,0.04237353,0.25242257,-0.0075083673,0.051081933,0.14922397,-0.24913692,0.064737946,-0.058047876,0.00614218,-0.02316841,0.20602703,0.036717087,0.07014638,0.10914022,0.11821035,0.15609577,-0.06170909,-0.027915122,0.035992205,0.15190554,0.13204959,-0.18242325,-0.005806515,-0.021600805,-0.27183402,-0.020040229,0.0135196,-0.10155899,0.12284293,0.16441505,-0.009324517,0.0005720556,0.14799477,0.17410159,0.16834739,0.04510239,-0.02074432,-0.023263652,0.07972536,0.19144863,-0.022804186,-0.060845025,-0.08276749,0.05621931,-0.10861708,0.28185424,0.12091763,-0.07219459,0.10353261,0.090856,0.045854,0.03220483,-0.076629266,0.0048535056,-0.052642338,-0.26191115,-0.15361077,-0.19601534,-0.07083593,-0.031912252,-0.16444984,-0.026396565,0.117499016,-0.03299325,0.03999585,-0.19829401,0.0024123117,0.12737682,0.005029436,-0.041555263,0.021057587,-0.042513616,0.03335856,-0.071214706,-0.03109105,0,0.19799834,0.10023242,-0.09624117,-0.1910644,0.09378655,0.047003575,0.08893286,-0.0034161992,0.18311954,-0.19721556,-0.030958205,0.0039919363,0.04968621,-0.011488102,0.010536972,0.012141295,-0.09705436,0.091028735,-0.25802112,-0.0019157436,-0.1518004,-0.19120705,-0.33156353,0.3060748,0.2172808,0.08014016,0.019025596,-0.11192906,0.13330075,-0.014400922,0.12409668,-0.103758335,0.03821036,0.16936561,0.111171626,-0.05042596,-0.100388154,-0.046577938,0.13379921,0.03583549,0.02002677,0.37780213,-0.011757918,0.098566875,0.22718911,-0.09308607,-0.015203133,-0.10729552,0.038979534,-0.13975167,-0.13148251,-0.040553782,0.3037966,0.026693523,-0.05073666,0.17997748,0.2940527,-0.19156024,-0.06304058,0.06436595,-0.18206559,0.05489339,0.06527237,-0.049652755,-0.064983755,0.035525344,0.14843242,0.05150665,0.05560843,-0.026880167,0.1590305,-0.050658204,0.09199531,0.10330658,0.14311506,0.029451244,-0.27458674,0.11362611,-0.12256305,-0.023803633,0.13914724,0.045391526,0.1143993,0.06353761,0.03043992,0.19114044,0.032069877,-0.25872982,-0.035512917,-0.2720678,0.11842207,-0.031304173,0.06741381,-0.038914546,-0.072832055,-0.14045817,0.13033512,0.20162289,-0.04045927,-0.19090967,-0.09791928,-0.008091992,0.051394038,0.25944933,-0.015854174,-0.23138945,0.118373975,0.22116248,0.020096425,0.098077565,-0.09225856,0.13534966,0.051350735,0.43737033,-0.083396345,0.1161775,0.214865,0.09258263,0.050255314,-0.148945,0.07107233,-0.049237654,-0.053954586,-0.16307077,0.296808,0.15967894,0.11779176,0.19787103,0.08796662,0.035134863,-0.06698324,0.0054541454,-0.0061076283,-0.0836691
"(113.93794169096442, 22.557709479448647)",0.06355932,0.07543588,0.024207752,-0.0033851583,0.10310646,0.16404197,-0.23912463,-0.021849487,0.044206202,0.14943995,-0.052372023,0.085365534,0.14358476,0.122243084,-0.21758282,-0.10484448,0.19588111,0.25239265,0.2872945,0.42035943,0.16169152,-0.0720095,-0.16022156,0.21882242,0.03479601,0.17773797,0.010948755,0.026743524,-0.05178457,-0.22508627,-0.06262639,0.003401354,0.6948735,-0.104066186,0.0058967136,-0.26562208,-0.009292565,0.09200088,-0.23111297,-0.14776695,-0.35006654,0.3050324,-0.27483404,0.040790252,-0.19058323,-0.15787488,0.17045999,-0.13150986,-0.2988761,-0.036054343,-0.02448973,0.11246964,0.0034575127,-0.009211823,-0.628569,-0.28027627,-0.18810813,0.39524677,-0.09900838,0.041901805,0.007447306,-0.04698786,0.023127738,-0.047494248,0.03680612,-0.07382833,-0.31844097,0.17152311,0.088754624,-0.2659455,-0.006618373,0.1884298,0.07384711,0,-0.22944461,-0.018647369,-0.05494025,-0.01797431,-0.1390863,0.023600332,0.28830057,0.16457236,0.24716999,-0.4222325,0.102546915,-0.09116535,-0.04401514,-0.09071431,-0.27724996,-0.026547201,0,-0.36736456,-0.1248479,0.16698493,0.062974446,0.34597114,-0.057434082,0.041215196,0.26650727,-0.08110346,0.45185897,0.041001298,0.19043012,-0.09336637,0.109420836,-0.17936376,0.3328482,0.3045796,0.050670125,-0.29663986,-0.13595054,0.027407005,-0.013072424,-0.04964497,-0.08708111,0.30237943,0.07103435,0.28887355,-0.14926812,-0.28943482,0.2553624,0.12816416,0.052790888,0.40181687,0.005947152,-0.18583295,0.17382827,0.017447311,0.045308955,0.13848718,-0.35283598,-0.11392825,-0.019584492,0.008216545,-0.16260646,0.19446509,0.20942363,0.051363077,-0.23254126,-0.19247535,0.34705034,0.071145,0.26526642,-0.22676915,-0.28936318,-0.35383266,-0.008883344,0.047171846,0.5658064,0.24918398,0.22822754,0.24069169,0.11077544,0.062293485,0.2654376,0.05523749,0.2729985,-0.09888722,0.2205401,0.17586727,-0.3503321,0.49494782,-0.1845317,-0.2450417,-0.04092069,0.042916834,0.17750917,0.06637244,-0.18542828,-0.2671295,0.03145533,0.08134435,-0.62546396,0.018303514,-0.6158759,-0.026611783,0.16902564,-0.04522213,0.04600648,-0.19506505,0.30120414,0.15949962,0.16735692,0.12497363,0.227878,-0.5182566,-0.031276613,0.036112465,0.06738124,0,-0.024951573,0.021595798,0.13054284,0.18985945,0.051826857,0.15600064,-0.0059584677,0.18854636,0.085838094,-0.39620385,0.16645148,-0.06869897,-0.067086644,-0.0024806987,0.0889018,-0.03218536,-0.17532764,0.14819892,0.28048742,0.2393462,-0.14874475,-0.16901164,0.19096892,0.10977784,-0.42853868,-0.5147646,-0.058912687,0.24696225,-0.29190075,-0.080236405,0.021585539,-0.3001934,0.23746921,0.3209937,0.0075961538,-0.038031206,0.58643734,-0.020568965,0.2845481,0.018102244,-0.1202385,-0.33940434,0.30744982,0.31636962,0.27390558,0.2248861,-0.15040974,0.094669014,-0.34837657,0.2665322,-0.39008385,-0.22698377,0.119161144,0.18902536,0.025347766,0.0052487776,-0.08095975,0.04820879,-0.11942997,-0.52456045,-0.26953724,-0.19606245,-0.3055259,0.04775648,-0.1506716,-0.031723924,0.1466416,0.058628686,-0.20289694,-0.541449,0.100002356,0.23366213,0.0030058436,0.03191696,0.07927324,-0.032641575,0.11598258,-0.115780026,-0.13546932,0,0.19270113,-0.014323359,-0.053155787,-0.3361425,0.16959818,0.18746987,0.015220884,0.05096117,0.34076437,-0.35115075,-0.034285344,-0.033521216,0.22430024,-0.023733594,0.32668173,-0.026426949,-0.0614296,0.023470532,0.04168567,-0.04719548,-0.35879618,0.095520526,-0.7173812,-0.064259864,0.51320547,-0.0037860386,0.09956859,-0.13782072,0.011297328,0.1493627,0.15464963,0.118399724,-0.14089148,0.2833103,0.15976919,-0.21585076,-0.1340734,-0.008630704,-0.018406536,0.19164765,-0.09218027,0.63135755,0.029296607,0.2668424,0.096080855,-0.002395697,-0.24917626,-0.3171404,-0.008084092,-0.19030434,-0.10175164,-0.10594642,0.51656383,0.0523516,0.18782806,0.24903877,0.21058127,-0.11004412,-0.29458532,0.13383292,-0.17935997,0.26230758,-0.14572966,0.1513707,0.04695467,-0.16374901,0.25568724,0.30543464,0.16909647,0.08819498,0.27439255,0.0016164538,0.08791883,0.009486416,-0.0703568,0.0147304535,-0.39092883,0.08151628,-0.23869169,0.2822034,0.42747924,0.19829656,0.23641466,-0.1603381,0.12010173,0.39682,0.08839011,-0.44111425,-0.30562475,-0.27316827,-0.028095089,-0.08739429,0.0013244879,-0.022218352,-0.1991187,0.12679057,0.17101946,0.4477886,-0.18506657,-0.37063718,-0.24236307,-0.109309696,0.03591848,0.34563884,-0.1446031,-0.6022767,-0.031336848,0.13452382,-0.044457566,0.3815709,0.09671156,0.039871234,-0.06575487,0.48798248,-0.12461589,0.33154458,0.30843958,0.0952816,-0.37003228,-0.16176254,0.21959597,0.0058692694,-0.3419842,-0.31338483,0.6787653,0.05295203,0.099671796,0.4209653,0.07602442,-0.077340856,-0.068260506,-0.12518698,0.120508716,0.0486283
"(113.93818599367344, 22.586656589563027)",0.19425103,0.08769435,0.100697815,-0.002522381,0.017865507,-0.14403036,-0.12651664,0.008049753,0.053201735,0.13330522,-0.022909604,0.21523619,-0.12675211,-0.13006449,-0.21013105,0.069905475,0.13464569,0.24864608,0.09877467,0.36391193,0.117706664,-0.089287326,-0.05764746,0.20390634,0.0140136145,0.10811372,0.03602729,-0.0534769,-0.20919299,-0.098249,0.03258504,0.061811082,0.45854437,-0.020928642,0.16679016,-0.18149106,-0.03140778,0.013857603,-0.07097988,0.086983226,-0.23766547,0.4336664,-0.15273973,-0.11668843,-0.15868162,0.043359183,0.17280741,-0.052924085,-0.24056667,-0.01572342,0.028167173,0.07686046,0.07964672,-0.12518747,-0.18031526,-0.044881906,-0.07138944,0.057910554,-0.19412667,-0.092140116,-0.003432583,-0.053587228,0.034879018,-0.025534883,0.055789497,-0.17161107,-0.17930736,-0.008190151,0.118414044,-0.2775642,0.15013069,0.04890115,0.10469154,0,-0.03271275,-0.051959436,0.13035695,-0.07000703,-0.18817079,0.028472267,0.07480766,0.06610504,0.23461829,-0.28505728,0.0356136,-0.14605466,0.002126485,-0.0055408403,-0.11029712,-0.024651073,0,-0.039665006,-0.03829944,0.20328087,0.1694268,0.08552234,-0.089382656,-0.029058143,0.04519675,-0.044414233,0.175872,0.2208789,0.030499358,0.06748347,0.22422032,-0.030866772,0.28006336,0.2927454,0.17476176,-0.23561656,0.061797168,0.092323646,0.101228796,-0.15996298,-0.16331232,0.22096038,-0.0022936598,0.17206717,-0.24102828,-0.22132513,0.21572025,-0.04541757,0.037178077,0.07417765,0.056059696,0.028861374,0.093404815,0.05338669,-0.023899235,0.29533917,-0.39916906,-0.114865966,0.21792756,-0.038091876,-0.17077851,-0.037053965,0.4849425,0.0586839,-0.082859844,-0.117703,0.412666,0.008809468,0.19983487,-0.1677492,-0.14357966,-0.09384957,-0.028030487,0.19151944,0.45608395,0.2221297,0.0935712,0.159433,0.34551334,0.044482872,0.33424088,0.16461256,0.12103027,0.20090008,0.076932885,0.173669,-0.16810581,0.34443706,-0.18464081,-0.3766406,0.011024609,-0.17067891,0.2798774,-0.040329978,-0.02596958,-0.2260814,0.10099441,-0.01411319,-0.06993781,-0.018411867,-0.21971135,0.14807352,0.16281606,0.11128126,0.07262861,-0.29065678,0.4781414,0.028787903,0.1499964,0.020360764,0.24310899,-0.32604218,0.0653783,0.15919335,0.18180573,0,-0.12896928,0.13766292,0.13743822,0.11769429,0.3120039,0.02486342,0.2333277,0.11281621,0.19677529,-0.090254836,0.04218176,-0.1936217,-0.054821942,-0.072052486,0.110356145,0.06575842,-0.120448634,0.17603661,0.16722152,0.20197478,-0.03304179,0.0093555655,-0.065848015,-0.016981065,-0.28366402,-0.25188565,-0.026022905,0.2037473,-0.06714251,-0.09020458,0.12435675,-0.048485257,0.48774898,0.17001012,0.11917077,-0.096332,0.42493364,0.052121677,0.14693987,0.0356218,-0.07391067,-0.21263817,0.26194605,0.24816637,0.22507356,0.21326192,0.009429973,0.16183916,-0.31574482,0.3302866,0.023026109,-0.07003918,0.061504662,0.20874406,0.16351388,-0.022618614,0.020966947,0.13584596,0.027135104,-0.13700978,-0.20655188,-0.1981979,-0.18475987,0.09585116,-0.032903053,-0.0030051395,0.16084206,0.069989815,-0.115637824,-0.3070357,0.10859687,0.3569573,-0.06479202,0.042638905,0.115119815,-0.005678512,0.17653304,-0.08228323,-0.2931115,0,0.19068384,-0.1374764,-0.11270955,-0.027113825,0.25760698,0.059659533,0.105746046,0.109783605,0.051666252,-0.18446265,0.011498048,0.08248706,0.15383387,-0.02376549,0.15749262,0.2110065,0.0037903753,0.028128784,0.1989947,-0.1615256,-0.077302255,0.10118677,-0.46311736,-0.12754846,0.37782517,-0.1453363,0.11487132,-0.047460794,-0.017699422,0.18693224,0.18430257,0.041236475,-0.012507454,0.16567387,-0.04055842,-0.18256195,-0.040089007,0.25639173,-0.15085171,0.29303452,0.10656649,0.44736984,-0.0007571131,0.180423,-0.1748798,0.09208282,-0.16538563,-0.19501351,0.0178078,-0.2664813,0.23043035,-0.063506246,0.18571456,0.083889045,0.23722702,0.1384472,0.008822583,-0.062882185,-0.16223507,0.13255359,-0.11829801,0.04240027,-0.07898978,-0.090437286,0.0047771186,-0.1376679,0.18304875,0.24378696,0.27746296,0.03743798,0.26418123,0.056473926,0.11933089,0.067925885,0.01764895,-0.029883593,-0.27385554,-0.10947916,-0.18467405,0.21663569,0.19751461,0.16195364,0.30136913,-0.035980545,0.037310503,0.31346017,0.06524275,-0.17152122,-0.11989858,-0.15620336,-0.026592538,0.030351559,-0.074747786,0.16204315,0.07446102,0.18948814,0.06532971,0.3927802,-0.28135437,-0.2204373,-0.24146023,-0.015692567,0.19980985,0.30319348,-0.2842701,-0.36797577,-0.03955366,-0.062548116,-0.0031556897,0.35894626,-0.017605204,0.03805599,-0.07892876,0.3559014,0.046880975,0.16870095,0.121186025,0.061235897,-0.2185615,0.114119664,-0.001959689,0.19873177,-0.13402267,-0.09535831,0.2697003,0.18443748,0.12644471,0.26954162,0.019643951,-0.032625664,0.07389267,0.08329209,-0.07220111,0.08418561
"(113.93856891856674, 22.55878606879449)",0.050876252,0.07398184,0.02401774,-0.021587672,0.07570025,0.16836217,-0.26890397,-0.017574552,0.069490194,0.13498083,-0.045301236,0.07202667,0.07793191,0.11435411,-0.24570999,-0.111827195,0.19724421,0.2553785,0.3012001,0.40159896,0.20398316,-0.05184337,-0.15123226,0.20490155,0.021042746,0.16697888,0.048149534,0.005683669,-0.0729667,-0.24228117,-0.067376256,-0.014007047,0.7108767,-0.09298524,0.0029493198,-0.25807154,-0.0037268698,0.081539586,-0.2293139,-0.1515708,-0.3522606,0.3156219,-0.27762818,0.020590357,-0.21351591,-0.15781774,0.1841994,-0.11390464,-0.32893026,-0.029707102,-0.023154914,0.09980929,0.017650824,-0.022082984,-0.5974599,-0.30230835,-0.20254986,0.3831406,-0.10058661,0.003949072,0.009749148,-0.042519793,0.04704095,-0.036006257,0.043785296,-0.09835246,-0.30412132,0.16851723,0.10082662,-0.26645836,-0.001816757,0.18329716,0.08817954,0,-0.20916925,-0.020991217,-0.07110475,-0.03557714,-0.17039877,0.03236351,0.26974505,0.16565353,0.22401932,-0.4033239,0.08455625,-0.15669902,-0.041430496,-0.051108323,-0.30505067,-0.03244356,0,-0.35223854,-0.11122579,0.14504968,0.050771564,0.3693576,-0.06122432,0.03537275,0.24364892,-0.053250473,0.45540664,0.06441464,0.16802302,-0.11367546,0.08703534,-0.18659359,0.33140522,0.30366412,0.05208849,-0.30630663,-0.10495147,0.011259045,-0.006723188,-0.064180724,-0.12953788,0.3192412,0.032804057,0.25455344,-0.16738507,-0.305258,0.28421175,0.13585842,0.04439171,0.38528526,0.036085196,-0.16950187,0.17235228,0.019008026,0.021488912,0.13962033,-0.34871173,-0.12454296,0.04765883,-0.0057761893,-0.14288181,0.18516134,0.22053456,0.039555307,-0.2673702,-0.18834722,0.36043623,0.07343144,0.24933131,-0.24192467,-0.2664064,-0.40207535,0.0018400829,0.04258909,0.6061212,0.27328864,0.1623439,0.22417879,0.1594941,0.06020166,0.30189115,0.03175934,0.23815396,-0.07825921,0.17786598,0.14950673,-0.37698773,0.5197631,-0.16436945,-0.2570564,-0.02425614,0.011507155,0.2241093,0.043628708,-0.18816917,-0.29274094,0.03024201,0.05180268,-0.6247965,0.0029323846,-0.5916386,-0.039484546,0.16319524,-0.037998457,0.030939095,-0.22969672,0.32257324,0.15720382,0.15683609,0.076003686,0.23986173,-0.5212941,-0.031826563,0.045180097,0.06948599,0,-0.03783782,0.0005170107,0.15822375,0.20246825,0.08719709,0.1356965,-0.014739975,0.17551497,0.099782795,-0.38860258,0.20345584,-0.056864038,-0.070830695,0.002447987,0.11836965,-0.013778612,-0.17020248,0.14269948,0.29692793,0.22101979,-0.12901239,-0.17004903,0.18029577,0.10381755,-0.43007085,-0.5246396,-0.062147334,0.26131865,-0.27253634,-0.10017736,0.021780726,-0.30449682,0.25155178,0.29830104,0.043174285,-0.05650325,0.6077297,0.01128399,0.27805823,0.013929948,-0.11660926,-0.3394933,0.282406,0.31986114,0.2806701,0.21395133,-0.15992619,0.13267475,-0.35705292,0.2771803,-0.38948965,-0.22316706,0.10318428,0.21313755,0.027971473,-0.009989433,-0.054619297,0.045605477,-0.112698354,-0.55311507,-0.28730032,-0.1845881,-0.27978772,0.039284922,-0.16317743,-0.025310718,0.13319486,0.050022345,-0.19108339,-0.53946465,0.090459295,0.24224374,0.005743567,0.037561193,0.11157386,-0.053749993,0.17696556,-0.10396448,-0.120465256,0,0.17023239,-0.020657575,-0.060352877,-0.30476576,0.16405101,0.1657157,-0.0076066144,0.07036659,0.33033815,-0.33955878,-0.025137916,-0.009729381,0.22272563,-0.028707892,0.36579677,-0.016243711,-0.079629794,0.028305847,0.07513626,-0.05809264,-0.35613912,0.082029864,-0.72264296,-0.034424104,0.5015093,-0.0025883913,0.1385731,-0.1537065,0.045064524,0.14981167,0.17245106,0.09365502,-0.15120569,0.2651518,0.17037927,-0.19835442,-0.15967853,0.015633784,-0.024592523,0.21217656,-0.07611562,0.644597,0.01753217,0.2861817,0.04936807,0.003187947,-0.2378704,-0.3461323,-0.046936322,-0.20997337,-0.055816576,-0.112760335,0.5168921,0.050977,0.16439301,0.25809664,0.21242666,-0.087417856,-0.30331123,0.10198811,-0.14940287,0.2549901,-0.1265631,0.14257033,0.0030771792,-0.16727501,0.25589243,0.2898609,0.17020431,0.11161287,0.28454196,-0.0067132358,0.10322585,0.009144867,-0.027405277,-0.0026202202,-0.41800627,0.06331184,-0.250072,0.3095664,0.43889657,0.20514087,0.2553803,-0.15138839,0.091936134,0.411583,0.09280728,-0.44647646,-0.30554527,-0.28232238,-0.062079288,-0.07523387,-0.004299002,-0.015100731,-0.20869097,0.17248811,0.15429029,0.47062117,-0.19939952,-0.37690195,-0.2509319,-0.12547879,0.05564218,0.34409198,-0.14946403,-0.61451054,-0.033925097,0.11950888,-0.017478596,0.37977386,0.103754565,0.051826853,-0.03713814,0.50245404,-0.1467559,0.33835292,0.32115138,0.09267908,-0.3947557,-0.16870034,0.20139877,0.04382135,-0.36553508,-0.3071014,0.65833604,0.08673219,0.08932869,0.45585304,0.06459085,-0.050732013,-0.051037747,-0.14458597,0.118137345,0.051074825
"(113.9390273772386, 22.569254415931365)",0.046630785,0.10162401,-0.0142728165,-0.03736508,-0.019376382,-0.060054142,-0.21001704,0.035600718,0.0686315,0.12938201,-0.014689714,0.10855974,-0.3648616,-0.09159917,-0.34849843,0.0007094629,0.14943598,0.2235364,0.12168446,0.19109161,0.14417046,-0.015150191,-0.016366675,0.14234835,0.0069234036,0.060416136,0.13262627,-0.07418188,-0.18949561,-0.16786522,0.023730267,0.045726825,0.34099555,-0.026164552,0.18022391,-0.18718497,0.09202257,-0.08764176,-0.10726233,-0.005334802,-0.16679761,0.47786707,-0.18788469,-0.14089043,-0.15656747,0.07675313,0.16104764,-0.12578712,-0.27053255,0.029415222,-0.05194138,0.09672658,0.021820411,-0.06744522,-0.09387917,-0.017773781,-0.096812144,0.11307833,-0.10093087,-0.2239551,-0.008540925,-0.04031729,0.14360598,-0.065174386,0.063980766,-0.19474265,-0.06087573,-0.054910734,0.16392086,-0.22241214,0.07114775,0.15545377,0.0916135,0,-0.14658985,-0.070453644,0.056285296,-0.07517954,-0.23460546,0.04077124,0.09961493,0.096144855,0.23609556,-0.27919245,-0.017107893,-0.16068974,-0.019837592,0.080387495,-0.1930185,-0.077293344,0,0.06686043,0.038712576,0.22929047,0.0804366,0.13210559,-0.06690318,0.0039861947,0.06376035,0.07757275,0.14576492,0.14803806,0.03886688,0.012982123,0.11551644,-0.059818283,0.3046559,0.27178982,0.13991454,-0.17981836,0.17334491,-0.039568085,0.057439543,-0.14064553,-0.27185026,0.37507424,-0.001701335,0.18962625,-0.22149432,-0.19347897,0.3878466,0.058047406,0.025136817,0.14244333,0.14171383,0.0054995716,0.004510734,0.06616561,-0.062093414,0.20767698,-0.37312624,-0.18659994,0.35929638,-0.036073416,-0.10228312,-0.14227949,0.44509405,0.09565109,-0.11980921,-0.10042207,0.31468052,0.045371152,0.2913928,-0.10544763,-0.0020310953,-0.24466512,-0.004121827,0.050623402,0.46278977,0.36448595,-0.020650756,0.10337899,0.42160112,0.026287958,0.48670506,0.23982152,0.09147227,0.18413472,0.12111343,0.11643785,-0.27762082,0.4611921,-0.13091254,-0.28435203,0.07046741,-0.1757208,0.30602756,0.026927158,-0.14525722,-0.28117436,0.08229403,-0.0021479148,-0.10877234,-0.040296488,-0.16644701,0.10665789,0.14523984,0.09081454,-0.06647127,-0.19671616,0.4959279,0.038888432,0.12817436,-0.050243013,0.30223253,-0.36257237,0.045243263,0.1554288,0.21711093,0,-0.114365995,-0.054197863,0.24477617,0.17309049,0.28739238,0.06125629,0.25044388,0.14706919,0.18634091,-0.07218378,0.0856964,-0.10649577,-0.080320634,-0.034227118,0.09235773,0.12633051,-0.028827682,0.1448352,0.2503641,0.15831494,0.029261597,0.052955814,0.11838074,0.04585801,-0.2556814,-0.23798613,0.032393724,0.21774107,-0.009135105,-0.2231562,0.039475866,-0.056849085,0.45679954,0.16825503,0.16359584,-0.023234129,0.39464954,0.10803739,0.14186758,0.037570186,0.03669237,-0.18926162,0.08983666,0.20521325,0.25566632,0.14445123,-0.010578487,0.1827352,-0.35779262,0.332149,-0.01947473,-0.08918872,0.049688533,0.1547329,0.15127651,0.051630132,-0.087297305,0.16273302,-0.07596805,-0.13274162,-0.2627478,-0.15128253,-0.16062258,0.13674624,0.008797474,0.08232138,0.18961078,-0.053285494,-0.07840566,-0.27918154,0.058083065,0.37682775,0.018600296,0.094564684,0.15173806,-0.0990825,0.21412203,-0.058897898,-0.16337386,0,0.1270091,-0.13648292,-0.092064604,0.043760866,0.14787589,0.059009276,0.04453926,0.24179198,0.054298364,-0.15607154,0.05111674,0.11124935,0.19969481,-0.07438749,0.24070926,0.14576559,-0.05175229,0.060362373,0.36234242,-0.16701157,-0.14851081,0.083164036,-0.36129665,0.0797717,0.23284253,-0.113895215,0.19347563,-0.097149014,0.021028189,0.23235112,0.15676275,0.0989936,-0.0037745498,0.19865794,0.0612494,-0.11287874,-0.116718024,0.22295642,-0.06378864,0.24799359,0.11860089,0.4498193,0.031241283,0.3849321,-0.22806232,0.02373039,-0.07233828,-0.24673982,-0.09196128,-0.26029655,0.21259524,-0.10875553,0.15701514,0.15761158,0.1572847,0.1511066,0.14365792,-0.02596891,-0.19220714,0.070996284,-0.08088569,0.20116378,-0.1748147,-0.008298626,-0.074071765,-0.16586539,0.20626709,0.27926958,0.2894798,0.03799573,0.3034084,0.032915734,0.13507818,0.036115102,0.04635568,-0.039246053,-0.30429193,-0.11026103,-0.23424137,0.27645823,0.24713673,0.1811643,0.33732182,-0.076899566,-0.030976392,0.28677034,0.038113154,-0.13037087,-0.14754608,-0.19985275,-0.1730873,0.09785489,-0.14440544,0.16573852,-0.03541804,0.27319318,-0.030837886,0.41623414,-0.2541943,-0.2924754,-0.212486,-0.068739004,0.13246997,0.22332951,-0.30291012,-0.52920604,-0.017763551,-0.01548389,0.085316494,0.30821556,0.08410008,0.117009595,-0.024859749,0.32298392,0.095704064,0.2111634,0.24637556,-0.104771,-0.19304398,-0.04002822,0.100934185,0.31209248,-0.2606635,-0.07674497,0.24588448,0.24108647,0.19764818,0.4433533,0.0063421726,0.1497599,0.10797253,0.05581738,-0.038033105,0.14683367
"(113.93951866231644, 22.56989592098537)",0.032538455,0.064862885,-0.012592774,-0.04939957,0.027975766,0.05394497,-0.2165385,0.043298602,0.14092469,0.11599417,-0.010513566,0.025643077,-0.27378744,-0.033425532,-0.30589458,-0.028672043,0.14505209,0.16677597,0.17589255,0.16503981,0.18997574,0.010192596,-0.0041679144,0.07777457,-0.0023790486,0.04856326,0.14380395,-0.05280315,-0.15743278,-0.17082635,0.0035176873,0.014132433,0.3953138,0.0004040394,0.11677808,-0.16149518,0.06634419,-0.07182829,-0.12498917,-0.047810733,-0.20105547,0.3657503,-0.20093781,-0.13009752,-0.16859308,0.016413877,0.15559304,-0.073237166,-0.28715575,0.028842883,-0.025018796,0.0825668,0.04400618,-0.059103146,-0.14963013,-0.121815026,-0.1334966,0.164244,-0.099710286,-0.2017442,-0.0032581948,-0.03018878,0.10748613,-0.015124366,0.07578935,-0.22099411,-0.051319167,0.0051975586,0.15125448,-0.2039788,0.035844572,0.14554691,0.10307938,0,-0.10697179,-0.053481128,0.013200868,-0.0517629,-0.22893581,0.043629862,0.101389125,0.09451698,0.1588129,-0.24867769,-0.018343162,-0.22884946,-0.030809838,0.08055822,-0.22962695,-0.059567414,0,-0.018208064,0.030308753,0.12045533,0.015078843,0.21352527,-0.050266303,0.020243958,0.06828018,0.07091273,0.22687295,0.12708077,0.019894753,-0.048136815,0.060867444,-0.07246195,0.25388262,0.26507795,0.09865672,-0.17728171,0.14456329,-0.053302802,0.04587213,-0.100867175,-0.252111,0.31387615,-0.04775285,0.14375713,-0.1864643,-0.20294261,0.37134588,0.088271126,0.017083805,0.1734161,0.14664514,-0.005756259,0.02177811,0.055439357,-0.04647111,0.1778121,-0.30782297,-0.17013238,0.33920008,-0.03592881,-0.052287996,-0.057116836,0.36818743,0.06055161,-0.17432067,-0.06510263,0.3132364,0.043679647,0.20253764,-0.14012384,-0.027134947,-0.3160692,0.006252056,0.03664172,0.47450888,0.34545726,-0.084735945,0.09152287,0.382708,0.041051418,0.42495072,0.09170097,0.025906056,0.15775028,0.06296519,0.09021847,-0.29940453,0.4625028,-0.050494775,-0.21938872,0.08759427,-0.10060858,0.3139678,0.0028163344,-0.09859221,-0.28597778,0.05821971,-0.036922872,-0.2250123,-0.05027411,-0.18984462,0.045858815,0.12100293,0.065376274,-0.06526307,-0.21245527,0.392541,0.0656284,0.09791428,-0.06312685,0.2548753,-0.33901328,0.012366518,0.11114152,0.123683214,0,-0.088189736,-0.03691133,0.22391199,0.1810865,0.25396076,0.037121058,0.13188197,0.11763335,0.15725522,-0.12059441,0.1422207,-0.06446275,-0.06313956,-0.003954945,0.14931533,0.10085173,-0.03363061,0.11144526,0.25355357,0.12335069,0.023306444,0.0026129093,0.083368436,0.056512475,-0.18371642,-0.2612995,0.010223074,0.19706318,-0.042959876,-0.20403376,0.040346302,-0.13299412,0.37460017,0.13412207,0.16609295,-0.053870358,0.38496244,0.108628616,0.15514016,0.025743522,0.03933846,-0.17824341,0.06936995,0.22221023,0.21162204,0.11477536,-0.06169605,0.21260202,-0.3368313,0.29471982,-0.080330424,-0.10260313,0.0401015,0.17130303,0.10572399,-0.021098994,-0.07100755,0.107393324,-0.055406004,-0.2724985,-0.25578693,-0.16079967,-0.11866777,0.09197935,-0.056257464,0.050203107,0.15069133,-0.018050246,-0.06898306,-0.2731269,0.029467441,0.30899617,0.026892915,0.067512564,0.16222866,-0.09729877,0.26705542,-0.041105703,-0.10559675,0,0.0895344,-0.08677057,-0.10004769,0.021626323,0.13655137,0.048445277,0.02987783,0.17488642,0.12280462,-0.14933565,0.063742414,0.13203156,0.18128914,-0.06677893,0.27133176,0.09611521,-0.10752212,0.058225174,0.27947325,-0.12360674,-0.15818563,-0.01905173,-0.3993867,0.1428188,0.23270786,-0.044716045,0.21447672,-0.145814,0.06904915,0.18601051,0.16518325,0.037483707,-0.023812693,0.15934168,0.12502883,-0.09047343,-0.17098662,0.17811272,-0.033885594,0.19441777,0.07025349,0.45280215,0.01859364,0.35488036,-0.17337085,-0.010588907,-0.079833835,-0.25675732,-0.14217894,-0.2504951,0.17455716,-0.10092163,0.22375607,0.09922614,0.097307004,0.19219749,0.16108194,0.0064789355,-0.17134544,0.026503503,-0.035727758,0.16116616,-0.08563218,0.011870155,-0.12161574,-0.14078465,0.18863276,0.22886886,0.23582843,0.09734361,0.27622563,0.020916557,0.1425227,0.01701692,0.09925388,-0.0547577,-0.35953313,-0.050851744,-0.2098384,0.25901666,0.26966596,0.17837302,0.27603006,-0.04017499,-0.052923746,0.309732,0.042415068,-0.18336044,-0.15744951,-0.20306453,-0.151786,0.05929769,-0.08282851,0.12831551,-0.09894168,0.24057294,-0.014563851,0.38784686,-0.22169775,-0.29286578,-0.2055394,-0.07716987,0.092182696,0.25333002,-0.22796553,-0.4813354,0.0028896816,0.030379828,0.09223296,0.2865851,0.06136189,0.122780934,0.01227548,0.37667564,0.00041727722,0.22163816,0.25866523,-0.025940865,-0.2072086,-0.0833731,0.09108467,0.24467857,-0.2664743,-0.10289954,0.25441605,0.22314458,0.12838875,0.44406247,0.021958157,0.14424118,0.07759097,0.009551175,0.014501125,0.10457037
"(113.94072932324636, 22.523838306781595)",0.22903907,-0.039472923,0.04606362,0.08074726,0.1672045,0.030264985,-0.0012178905,0.0071831048,0.14732024,0.11808249,-0.0001443401,0.03679576,0.189502,0.09982372,0.040730134,-0.010386944,-0.025322676,-0.015320189,0.0883034,0.0634485,-0.044630356,-0.11982286,-0.048077155,0.08354552,0.059330557,0.029851679,-0.1379277,-0.022613063,0.06715703,0.03188169,0.040253688,0.045293115,0.15543714,0.030919159,-0.0063537136,0.035596,0.00047254562,0.0026020333,-0.12526856,0.09969544,-0.00817553,-0.025376283,-0.12618503,0.06652921,0.045526564,-0.16351797,0.01734054,0.043187823,-0.038601123,-0.08213878,-0.012235761,0.07867632,-0.0060999133,0.13695028,-0.13892344,-0.1000516,0.046437554,0.1045633,-0.0057776775,0.11382034,-0.057739984,-0.033766832,0.010556828,0.14476973,0.012554433,0.0148383975,-0.062465206,0.14074105,-0.027458046,-0.18301569,-0.043803968,0.10090912,0.06234846,0,-0.04626765,-0.012065243,0.1744059,0.10850903,0.023822919,-0.0149020925,0.15614334,0.012392804,0.08156456,-0.16460378,0.111135244,0.09211928,0.005712554,-0.2661169,0.0029302426,0.08915895,0,-0.17868817,-0.05810643,-0.015214404,0.04335706,-0.069920346,-0.08050031,0.15664177,0.111846395,-0.060993623,0.13762543,-0.01894842,-0.029466491,0.025049381,-0.10394563,0.04949473,0.06467016,0.15643343,0.040765584,0.009252325,-0.22100736,0.037223585,0.09765927,0.16779374,0.104420595,0.013963521,0.18047209,0.18182312,-0.0099020675,-0.004428914,-0.028098106,0.11586945,0.09559784,0.12977573,-0.12733579,0.018413112,0.08650282,0.016791582,0.1382359,0.20559993,-0.083861604,0.04338097,-0.12804109,-0.003921762,-0.028971002,0.22675933,0.019305132,0.030730035,0.14868373,-0.0030461494,0.103051946,0.030924652,0.05563286,0.020393528,-0.18631694,-0.083851695,-0.071913585,0.091942474,0.10708214,0.044839077,0.24523218,0.066279836,-0.004330188,0.06713566,0.06673661,-0.044306256,0.19992778,-0.040206548,0.06163021,0.21341492,0.01012449,0.07046801,0.15984339,-0.022823926,0.082389176,0.066237815,0.020181892,0.19014992,0.07465966,-0.012983045,0.06773753,0.120629445,-0.07428123,0.083397575,-0.27481216,0.024266448,0.07699232,-0.06860114,0.13820484,-0.07371884,0.01250737,0.0047061667,0.12191929,0.23578355,0.07263347,-0.1489345,-0.008687228,0.027010622,-0.038451202,0,0.062797084,0.14809334,-0.023365518,-0.022069037,-0.08214592,0.19133717,-0.004769087,0.06292456,0.05311312,-0.17602068,-0.05686386,-0.07206759,0.0336184,-0.06496125,0.030943602,-0.04493119,0.020970777,0.15318698,0.039659448,0.14660317,-0.087749556,0.0016486105,-0.025846,0.16063851,0.17651764,-0.035687983,-0.0052824784,-0.03538706,-0.18794462,0.03277251,0.004510807,-0.006180471,0.11688768,0.14277835,-0.058587875,0.07104934,0.09296051,0.04184854,0.10390816,0.03082544,-0.08803843,-0.027297307,0.11485707,0.09620556,-0.116588116,-0.0196402,-0.03331473,-0.05794979,0.011986002,0.16485074,0.10968754,-0.06523048,0.08701138,0.049639508,-0.022965733,0.07599417,-0.1051341,0.020278055,-0.016204469,-0.032746777,-0.0641895,-0.123174354,-0.116571054,0.01679582,-0.09391578,-0.045243792,0.10104044,0.10754142,0.043021336,-0.11376443,0.0011744648,0.060099833,0.024523713,-0.05748654,-0.04627328,0.051692862,-0.119660184,0.030382812,-0.05271102,0,0.18379685,0.13086665,-0.018900696,-0.15633127,0.11053339,0.08157372,0.15368888,-0.109502494,0.09773233,-0.21513948,-0.042033695,-0.052660305,0.0018729344,0.027594157,-0.16481398,0.04241361,0.043676883,0.01964065,-0.31138054,0.03660696,-0.05150904,-0.07099623,-0.17559354,0.117679104,0.16293329,0.041073687,-0.05242592,-0.053604417,0.03249502,-0.025011811,0.06566693,0.017489322,0.04427526,0.11009818,0.089811936,-0.021414893,0.030135918,-0.09746662,0.14894007,0.07066344,-0.029451963,0.1576341,0.050708536,-0.07963954,0.21075441,-0.03703218,-0.07608837,0.037226796,0.15422106,-0.04107488,-0.18474366,0.029313922,0.23858583,-0.07063431,0.034641065,0.14458063,0.17751244,-0.13678837,-0.04486265,0.13763535,-0.19161189,0.01532978,0.023837633,-0.06595223,0.12603438,0.03838011,0.120462164,0.057058748,0.010467909,-0.13409975,0.08568034,-0.027785996,0.060124747,0.062944375,0.055344045,0.05983849,-0.052985128,0.17213847,-0.06446922,-0.035206545,-0.005944982,0.037789207,0.036741927,0.026322626,0.08133822,0.047182996,0.0052993298,-0.18664564,0.07373921,-0.22528882,0.20660627,-0.0271878,0.0907232,-0.0086104255,0.055713065,-0.19809414,0.10588399,0.047494393,-0.026299737,-0.13013509,-0.024481855,-0.0011968818,0.010847985,0.29333308,-0.0065914933,-0.04586494,0.18497807,0.16858654,-0.06424247,0.038951207,-0.1852261,0.090039074,-0.01075346,0.31700662,0.007361032,0.10499111,0.082082905,0.034808464,0.02957891,-0.023730483,0.11595652,-0.1577865,0.050877288,-0.14462583,0.21898085,-0.0019214666,0.1603844,-0.029265089,0.14753166,-0.12037638,-0.031796407,0.03591463,-0.0007313676,-0.13583878
"(113.9412348725557, 22.49956162373745)",0.29507944,0.068975024,0.06535387,0.043229282,0.028439151,-0.16436018,-0.13046704,-0.015287738,0.015378386,0.11478756,-0.019608736,0.29049486,0.057463124,0.021380581,-0.28553838,0.03745429,0.08101778,0.2056713,0.22388068,0.4298095,0.13339442,-0.2211948,-0.07949173,0.36721674,-0.023943711,0.17338936,-0.05054363,-0.051884983,-0.05146167,-0.17445682,-0.05118004,0.15083277,0.5194633,-0.050105117,0.0572551,-0.3504065,-0.042526588,0.17967336,-0.26440522,0.028359525,-0.36356857,0.47594976,-0.13675877,-0.07990202,-0.17077798,-0.023413425,0.17216116,-0.08400272,-0.24669945,-0.13244513,-0.052374154,0.11280748,0.023932654,-0.10097253,-0.45410636,-0.1228295,-0.10667202,0.15608862,-0.26701027,0.09746488,-0.021370318,-0.06039078,0.09610446,0.017420486,0.04126828,-0.08908989,-0.3102637,0.07897794,0.09890525,-0.40832552,0.08510923,0.12811299,0.06252405,0,-0.13607936,-0.008555453,0.14830093,0.087066166,-0.12764561,-0.0030796304,0.22064872,0.13672711,0.38556015,-0.34470314,0.1047975,-0.0049705654,-0.09071238,-0.14848775,-0.09240923,0.1094276,0,-0.14502952,-0.14651227,0.30794075,0.19265288,0.11343591,-0.07678262,0.009355202,0.19986773,-0.06914665,0.23186585,0.16181275,0.15822975,0.073075175,0.1491976,-0.13736719,0.34704417,0.32599118,0.034964837,-0.31902227,-0.17625551,0.08165466,0.23770061,-0.103868686,-0.005487755,0.18107158,0.17236954,0.2544146,-0.2516969,-0.1958524,0.1391804,-0.03626695,0.015524014,0.18161288,0.08430327,0.004379362,0.0994578,0.04467473,0.038691558,0.3942292,-0.46268293,-0.122968815,0.04323536,0.08358248,-0.121372834,0.021060525,0.45278847,0.014412966,-0.052395817,-0.23394118,0.32899734,-0.0024289154,0.39200702,-0.18097386,-0.22101647,-0.14121185,-0.100849934,0.26769426,0.49119854,0.25383955,0.31794715,0.24961439,0.28809845,0.07909082,0.27978233,0.32306984,0.3640319,0.11701035,0.21655923,0.22568841,-0.22082299,0.40271994,-0.23765932,-0.39994764,0.042143553,-0.20589395,0.30190137,-0.04128699,-0.072830185,-0.113800354,0.08119429,0.106431186,-0.2913061,0.056595787,-0.43268114,0.1936903,0.18972166,0.017045606,0.13678077,-0.33964512,0.49162254,0.08426569,0.24269783,0.16826198,0.24085727,-0.5211515,0.039610133,0.1461931,0.11429202,0,-0.054100007,0.27611208,0.042764522,0.070957676,0.25733143,0.13274905,0.22824056,0.056905814,0.10066676,-0.26796108,0.035373777,-0.19218048,-0.063330196,-0.18139431,0.19736288,0.15402709,-0.1345421,0.2772616,0.12266762,0.26839915,-0.19463871,0.022393918,0.088653356,0.005156786,-0.42633626,-0.43722636,-0.04820261,0.22555128,-0.33233267,0.043728963,0.14890087,-0.11507932,0.36499304,0.24908191,-0.024509352,-0.016170874,0.5367152,0.05672595,0.28546664,-0.02591677,-0.11384885,-0.35893026,0.45569587,0.19169609,0.22101997,0.38489074,-0.011866499,0.072993666,-0.3023818,0.39475286,-0.046201862,-0.1842099,0.10483359,0.07583274,0.19543664,0.13634676,0.06880312,0.1349136,0.00087543577,-0.20708327,-0.19696295,-0.28301266,-0.24685483,0.011768246,-0.07800888,-0.055675544,0.13659284,-0.0746983,-0.15381572,-0.4319537,0.17308998,0.36816707,-0.02244981,0.0086279325,0.034662586,-0.101200625,-0.016178608,-0.20757237,-0.39636815,0,0.29370674,-0.08507365,-0.086721346,-0.2929325,0.28110844,0.11076171,0.060208704,0.18421939,0.20649582,-0.263241,-0.061743956,-0.0047830967,0.10497621,-0.10920358,0.15412506,0.104983255,0.11928104,0.029766474,0.0011531115,-0.17448859,-0.27285254,0.19579385,-0.7052191,-0.11898268,0.5085273,-0.2493456,-0.052737802,-0.01494389,0.020752503,0.15293817,0.2527574,0.136077,0.014960032,0.3139373,-0.1250403,-0.2845482,-0.05564746,0.25283113,-0.117929146,0.32382673,0.17632669,0.60587883,-0.028660908,0.16508235,0.042432055,0.07195138,-0.3045625,-0.22021995,0.18095419,-0.24269071,0.12712663,-0.11139536,0.31480247,0.15883076,0.31469753,0.14158067,0.042906098,-0.21346444,-0.17732972,0.21040419,-0.32221124,0.089863,-0.14300632,-0.026644027,0.13511752,-0.165187,0.27488965,0.21320656,0.27275687,0.004227776,0.28588262,0.08631653,0.1333242,0.08847442,-0.0234247,0.046331525,-0.23380604,-0.06301765,-0.24342325,0.15169731,0.31688964,0.15261613,0.27013484,0.0093338415,0.15469623,0.39762408,0.08280836,-0.31129187,-0.25201926,-0.19490173,0.13198438,-0.07209944,-0.10553673,0.041212946,0.029739298,0.016701862,0.19562557,0.4562867,-0.20030521,-0.23177038,-0.14969108,-0.027566334,0.17825636,0.30402014,-0.16405079,-0.45934242,-0.05625501,-0.014548752,-0.039330464,0.35313594,-0.007904906,0.008086208,-0.13865528,0.43495548,-0.031149209,0.26305655,0.121973254,0.09545024,-0.1933968,-0.0015745955,0.107445545,0.09915894,-0.14879356,-0.24033701,0.522802,0.1431499,0.14070506,0.28690472,0.046353243,-0.10404228,-0.02127191,0.053598963,-0.12771839,-0.017878331
"(113.94309869316469, 22.5595855788792)",0.038109694,0.00801939,0.021739338,-0.064616986,0.054333266,0.2738654,-0.35418475,-0.01970194,0.1346784,0.08975294,-0.03707706,-0.040712144,0.07629162,0.19651166,-0.25918353,-0.14356925,0.18891741,0.22883269,0.40226573,0.371888,0.33101982,-0.0025658458,-0.13332586,0.17143124,0.019656237,0.16876099,0.11489207,-0.032307196,-0.059516955,-0.27923444,-0.09090331,-0.08629818,0.84956926,-0.015669113,-0.05530121,-0.23176828,-0.01766523,0.08620386,-0.24452646,-0.19845009,-0.3933524,0.22551867,-0.29918894,0.0193123,-0.26661238,-0.21991612,0.22215426,-0.042461026,-0.38244638,-0.010556458,-0.0039483905,0.0709758,0.054850925,-0.027213626,-0.66234416,-0.460336,-0.29375643,0.40988877,-0.092219874,-0.035494782,-0.0066182725,-0.03607089,0.062181514,0.032421753,0.077603206,-0.16987649,-0.27909708,0.24091256,0.105765656,-0.30603793,-0.016163163,0.15668583,0.1307919,0,-0.15637349,0.0009132512,-0.110784486,-0.03472366,-0.20849907,0.06430722,0.25562683,0.17356077,0.13038054,-0.39693826,0.057539176,-0.34615943,-0.04061105,-0.002139382,-0.38131472,-0.033835977,0,-0.45558792,-0.12406685,0.048999853,-0.014510781,0.54630214,-0.066487074,0.038494304,0.22592427,-0.003406357,0.59291565,0.07937644,0.13485093,-0.18538502,0.017335132,-0.22949892,0.28911072,0.3021142,0.03596934,-0.34558484,-0.10279893,-0.027682869,-0.029706024,-0.030787066,-0.15384498,0.33316508,-0.078800894,0.19556695,-0.17445713,-0.35031387,0.33526856,0.19098473,0.03406979,0.4072737,0.06880853,-0.17298436,0.18704602,0.0071474053,0.019093074,0.117325895,-0.30040517,-0.1335889,0.14363545,-0.010453902,-0.06881511,0.2867044,0.17468533,0.01616111,-0.41580108,-0.16931334,0.3821276,0.06819746,0.15894555,-0.30409467,-0.2799605,-0.5269338,0.031532325,0.008885993,0.6840166,0.30938122,0.0131621845,0.1981377,0.20269385,0.07193151,0.33504063,-0.14851877,0.15249129,-0.08510351,0.06708182,0.10868719,-0.4426475,0.5783192,-0.062225208,-0.2258939,0.004770636,0.01730437,0.30529353,-0.013227686,-0.14826433,-0.34931597,0.014390765,-0.05283378,-0.76963556,-0.059792683,-0.67211694,-0.12246764,0.15157188,-0.057010613,0.018819056,-0.30568978,0.26152217,0.18905616,0.11280054,0.024770305,0.22267106,-0.5607692,-0.07339634,0.025852835,-0.036024705,0,-0.042926803,-0.0031621382,0.19588666,0.21486652,0.09973676,0.080948815,-0.12373471,0.14980891,0.08963753,-0.45787707,0.32857788,-0.010176688,-0.06673968,0.07333739,0.19605395,-0.014566854,-0.2007096,0.0994778,0.35904822,0.18569556,-0.11305614,-0.28146756,0.13372901,0.12301323,-0.42483473,-0.5962316,-0.09249311,0.3012348,-0.32463664,-0.10718733,0.021032099,-0.43267784,0.2504064,0.24222952,0.06884496,-0.1291276,0.68826526,0.07678501,0.26727542,0.008881412,-0.16001214,-0.35976547,0.2570547,0.3826578,0.29276186,0.17504698,-0.21926823,0.20683199,-0.3813938,0.3192902,-0.4627311,-0.23327003,0.07212198,0.2549112,-0.009923462,-0.111314066,0.024937645,-0.016256336,-0.1298241,-0.7785886,-0.33088693,-0.18654168,-0.2554719,-0.010034239,-0.2418651,-0.04950703,0.07102846,0.049626987,-0.17477594,-0.61291873,0.07000635,0.18233326,0.008867014,0.025606118,0.16693006,-0.08054053,0.29438508,-0.12176533,-0.07046321,0,0.121153586,0.01210461,-0.108872615,-0.29252952,0.12086694,0.1585938,-0.04823642,0.08258131,0.38999423,-0.36401036,-0.03998561,0.021335583,0.21441203,-0.045908332,0.47200307,-0.038453758,-0.14746523,0.0362175,0.03947401,-0.038315043,-0.39012903,-0.022313029,-0.82715017,0.030534666,0.5384677,0.021561053,0.22369474,-0.26847956,0.12962662,0.11280826,0.22720101,0.018279478,-0.20613968,0.19284938,0.20095147,-0.16333751,-0.24437392,0.002532892,-0.028158437,0.16256034,-0.13148135,0.6908627,-0.0046671256,0.32596612,0.027909353,-0.03925579,-0.24013737,-0.4063954,-0.14955057,-0.22940028,-0.034959123,-0.118310735,0.636234,-0.008302234,0.05173085,0.30740824,0.29011744,-0.05679883,-0.3526199,0.03793648,-0.059985597,0.23872112,-0.042780273,0.13992363,-0.12563476,-0.17216119,0.2622879,0.25230736,0.12678525,0.20822972,0.2712224,-0.044414125,0.09915514,0.0009908471,0.060283676,-0.0443608,-0.5404324,0.089772895,-0.27958468,0.33486274,0.49404147,0.20576699,0.22504988,-0.13120522,0.04015083,0.49631315,0.088365674,-0.54923683,-0.33612552,-0.31874847,-0.09746771,-0.11012777,0.027444107,-0.043234088,-0.26913592,0.22211929,0.14408073,0.51544887,-0.24112979,-0.42802453,-0.31353924,-0.19928344,0.10774938,0.3827733,-0.12486599,-0.6408519,-0.04787192,0.122775495,0.018277247,0.3984849,0.16167788,0.06298563,0.004035242,0.5536521,-0.26698387,0.3861515,0.3716559,0.17644389,-0.43643287,-0.21991585,0.16369483,0.013425991,-0.43117076,-0.31671172,0.70729995,0.10303036,0.046019673,0.5246046,0.075596586,-0.016900834,-0.057277944,-0.22813344,0.15338436,0.03455481
"(113.94474429252963, 22.51575615312388)",0.20581123,-0.19373673,0.049957316,0.024332235,0.23210175,0.28930753,-0.18257627,0.035005443,0.39004478,-0.009458452,0.06860859,-0.23621434,0.23885447,0.28539917,0.095603816,-0.11749193,-0.10425809,-0.18451771,0.2732138,-0.16225146,0.18153554,-0.06029363,0.0260927,-0.10609135,0.0118389055,0.009970674,-0.002608873,-0.089312635,0.17317918,-0.08228746,-0.0528027,-0.077624515,0.41528952,0.18255699,-0.20653296,0.09991708,-0.0010596886,-0.046104625,-0.19995296,-0.01667393,-0.064971544,-0.3459319,-0.14997378,0.060027324,-0.02655679,-0.37156516,-0.02730985,0.23559992,-0.16560003,-0.07873331,0.06954351,0.045681924,0.041758806,0.1939264,-0.25866172,-0.5014787,-0.09335343,0.15817583,0.03114831,0.12843955,-0.031808097,0.013856095,0.033445247,0.35596597,0.07743701,-0.13228008,0.015068173,0.3393614,-0.016699325,-0.2019817,-0.11919112,0.06844977,0.15218365,0,0.15875195,0.030669723,0.03617471,0.155922,-0.07350339,-0.012954026,0.11835909,0.061240494,-0.13463947,-0.060614705,0.080458015,-0.20731035,-0.034412652,-0.19176361,-0.14520895,0.17648126,0,-0.41921106,-0.048319623,-0.35660514,-0.14773095,0.26769206,-0.10907636,0.18907268,0.088653035,0.10491423,0.38240555,-0.042012855,-0.1397839,-0.2313082,-0.40558618,0.0050677285,-0.05214481,0.1590232,-0.05759536,0.028751187,-0.2992271,-0.05866206,0.121418096,0.32242343,0.08252888,-0.08732667,-0.021425392,0.02043933,0.020549513,-0.10267009,-0.05223739,0.26288882,0.025565632,0.20553476,-0.0634651,0.07829532,0.1713398,-0.0043399446,0.12624265,0.13600525,0.09141745,0.06350391,-0.004782713,-0.05448953,0.16928205,0.49280918,-0.1920886,-0.12219828,-0.038386222,0.1324653,0.1517443,0.060244877,-0.15046856,-0.07636033,-0.24957645,-0.43553847,-0.036784753,0.033745952,0.26260895,0.033543415,-0.116098404,-0.04244134,0.13973506,0.08091301,-0.010678466,-0.4312662,0.0025657043,-0.08994005,-0.2439487,0.07376973,-0.08268845,0.16537726,0.4828226,0.12448917,0.22070418,0.2013614,0.21191104,0.07343082,0.26667988,-0.0935618,0.056982346,-0.11741761,-0.42474338,-0.010320619,-0.4467402,-0.13612567,-0.062394023,-0.12322577,0.18995357,-0.24941555,-0.20084701,-0.0028138384,0.07432547,0.17154759,-0.023509651,-0.1520396,-0.13932309,-0.016147096,-0.25725773,0,0.1324678,0.13735345,0.019049473,0.0006686415,-0.09472385,0.20849459,-0.32459718,-0.07720622,0.08445622,-0.36728808,0.210611,0.06381143,0.08745136,-0.0028809067,0.23599826,-0.015499622,0.040542454,0.01867637,0.13113496,0.10894652,-0.070392966,-0.124310605,-0.08465804,0.17041035,0.39183703,-0.15392365,-0.045966893,-0.05154655,-0.29246548,0.06304614,0.023244679,-0.19396566,-0.021997916,0.005034592,0.044990186,-0.040348887,0.13307509,0.13978744,0.11650527,0.04261575,-0.20328452,0.078542516,0.007174677,0.18669401,-0.18795826,-0.18833508,-0.17414376,0.08765176,0.060733348,0.1988298,0.02570368,-0.0760303,0.015949132,0.2034987,-0.18549834,-0.120163925,0.011268809,-0.14200222,-0.032911062,-0.47437572,-0.12498856,-0.103020534,0.03233047,-0.1351746,-0.35219136,-0.050347254,-0.035047702,0.14100054,0.14496015,-0.17741391,-0.092199564,-0.15514505,0.03669517,-0.103449024,0.05722591,0.033905808,0.118006915,0.055252306,0.1250853,0,0.1038359,0.2977763,-0.10313287,-0.16240942,-0.014675021,-0.0063990727,0.091445655,-0.19532654,0.25199944,-0.30191764,-0.03391218,0.007366252,-0.02010917,0.060756605,-0.059457414,-0.06195341,-0.1805717,0.06594296,-0.55115664,0.10319328,-0.11607475,-0.3757581,-0.31979075,0.3318788,0.1793201,0.21864045,0.07861196,-0.22604991,0.2785402,-0.17154196,0.10332131,-0.22982913,-0.011245329,-0.04485719,0.24141298,0.09430623,-0.106950015,-0.1952145,0.2819116,-0.028129749,-0.08948065,0.28497756,-0.012748502,-0.14053255,0.28355372,-0.14372033,-0.07447326,-0.08597601,-0.047878537,-0.05671083,-0.25453,0.023547634,0.45463824,-0.1887249,-0.28357318,0.2394312,0.30298117,-0.053653687,-0.07087932,-0.096463695,-0.019638035,-0.08386157,0.2876046,-0.057266124,-0.12689747,0.1644338,0.088538125,-0.12463592,-0.16963327,0.009593856,0.011583239,-0.13046727,0.12752628,0.077264875,0.3547631,-0.016240694,-0.25720534,0.26799592,-0.07513713,-0.033990014,0.105553254,0.02841859,-0.08320874,0.1477158,-0.06107729,0.18488221,0.005271077,-0.4632432,0.09962491,-0.31173557,0.15868929,-0.047969036,0.29068044,-0.1247021,-0.098867156,-0.17732023,0.12111897,0.04474848,0.0034452798,-0.16710807,-0.015520863,-0.1307955,0.0037912708,0.34764835,0.15876691,0.018613473,0.24005178,0.2621061,0.0421925,-0.043496724,-0.24319322,0.16176027,0.18894754,0.5073986,-0.29754195,0.17803313,0.17386882,0.2667202,-0.05401513,-0.19141814,0.042959377,-0.25107414,0.05107236,-0.19472118,0.2847013,0.0923219,0.037402015,0.04024346,0.17362031,-0.08491233,-0.077764705,-0.15791026,0.08004051,-0.2659295
"(113.94523629645774, 22.543715459950235)",0.020503964,0.12804678,0.05268837,-0.021135272,-0.015152883,0.09681909,-0.34201533,-0.05965611,0.023538142,0.105479315,-0.06858019,0.11547916,0.09283739,0.10394085,-0.21689993,-0.14548568,0.22339433,0.3114758,0.24086457,0.35523325,0.18728459,-0.036991034,-0.16677293,0.23708859,0.009101551,0.1475219,0.07285429,-0.027370598,0.016576719,-0.2608315,-0.032130543,-0.016843818,0.6332118,-0.11179943,0.020647569,-0.19044402,0.12199405,0.07017903,-0.19599317,-0.106627226,-0.21604162,0.29522437,-0.28230917,0.11064363,-0.15945631,-0.18365443,0.1492455,-0.14742188,-0.31510052,-0.03457591,-0.014531091,0.07280057,0.0040344,0.06409406,-0.55679744,-0.26807362,-0.12514798,0.40166852,-0.052220963,0.09247233,0.09703402,-0.01896362,0.056044888,-0.05320929,-0.010098297,0.008727811,-0.31561816,0.13318828,0.05749196,-0.19576453,-0.009532027,0.15578993,0.06515291,0,-0.21017022,0.006564442,-0.10704452,-0.09501786,-0.14123577,-0.010531634,0.24262656,0.17401032,0.1911019,-0.3353675,0.124599546,-0.111342706,-0.04469817,0.006182395,-0.24644136,-0.12863478,0,-0.32278374,-0.03440988,0.19410948,0.12582693,0.35140613,-0.069828846,0.055661425,0.25557864,-0.06325273,0.36118278,0.0947654,0.13121353,-0.14609988,0.024081558,-0.13051565,0.3443867,0.20128314,0.06892549,-0.29523388,-0.11693182,0.03385243,-0.014352895,-0.039517917,-0.10903078,0.36724862,0.0017619669,0.19842207,-0.19467975,-0.26981702,0.21659826,0.17049392,0.0375685,0.32454813,-0.023302844,-0.20970026,0.20502672,0.017943218,0.00644166,0.026813626,-0.22414745,-0.025286207,0.03586313,0.006723769,-0.17063102,0.1629225,0.09094579,0.08626178,-0.18628998,-0.16528827,0.30283818,0.09271969,0.26993304,-0.15188521,-0.26993197,-0.31610572,0.060649484,-0.037178013,0.55222356,0.17815326,0.23769198,0.16907704,0.1351395,0.011999115,0.2852459,0.09253089,0.2477082,-0.16429639,0.1960586,0.11303525,-0.25888258,0.46206716,-0.1818632,-0.23062384,-0.07369752,0.041888446,0.17293993,0.07182531,-0.17300491,-0.29664165,0.048687838,0.10046254,-0.52355146,-0.0011108965,-0.5688522,-0.04248789,0.12356453,-0.07263974,0.045540966,-0.19569981,0.31791964,0.09996169,0.1606732,0.017817363,0.272549,-0.46396065,-0.073841214,0.05827456,0.08686175,0,-0.06200135,-0.08800167,0.19456919,0.21407184,0.033403955,0.1852495,-0.017974481,0.19720364,0.0889269,-0.35191947,0.23275259,-0.049117446,-0.08215018,0.06383568,0.05818666,-0.035917982,-0.12005751,0.17269859,0.2548446,0.22684126,-0.01705429,-0.17247778,0.25278336,0.12086934,-0.44270483,-0.46545982,-0.074337825,0.27514142,-0.26623663,-0.11787644,-0.02782907,-0.23519896,0.20905162,0.3657172,0.059612293,0.02567704,0.5274214,0.023339896,0.2437689,0.027906716,-0.142018,-0.29891065,0.24515322,0.29598793,0.27115822,0.12300843,-0.13382733,0.09977949,-0.29181033,0.24377733,-0.39992553,-0.18695691,0.12906824,0.2457953,0.027372804,0.047129624,-0.020502225,0.09033549,-0.09875917,-0.455549,-0.25964025,-0.06762838,-0.24205856,0.020355629,-0.14064574,0.04089845,0.17246905,-0.008392446,-0.13718116,-0.5130057,0.09406794,0.2542839,-0.02227461,0.062286466,0.15037383,-0.039297625,0.15229172,-0.07548517,-0.027947117,0,0.18464917,0.065166794,0.06851193,-0.34246215,0.18221134,0.09465679,0.0027012788,0.03273214,0.26280144,-0.33069393,-0.08087032,-0.101503335,0.18808442,0.018156976,0.3598947,0.0018576505,-0.045874793,0.02686641,0.10041092,-0.08086565,-0.34237444,0.17620422,-0.6603712,-0.061012678,0.44244915,0.06418027,0.25460103,-0.07051687,0.011630548,0.1553655,0.17404535,0.075128466,-0.18797307,0.23163176,0.120741345,-0.12929489,-0.10460052,-0.028926833,-0.04093727,0.17814809,-0.084875554,0.56059724,-0.0034821704,0.23662648,0.09347455,0.05127,-0.11499035,-0.30888665,-0.040081892,-0.16361952,-0.08159478,-0.10765442,0.4417533,0.12565231,0.1328176,0.15707791,0.23484394,-0.123423025,-0.32690167,0.04166843,-0.12661517,0.35568282,-0.16265601,0.16246194,0.02843681,-0.11738193,0.23418282,0.26666,0.13539937,0.0834185,0.27333018,-0.03727793,0.038895845,0.08280596,-0.07539019,0.020105287,-0.3315797,0.047186162,-0.2054794,0.34918708,0.4356771,0.23312037,0.30116355,-0.25219354,0.16607678,0.2972609,0.1142904,-0.4155593,-0.21873131,-0.28989556,-0.1145243,0.005047152,-0.0056088436,-0.032639727,-0.19823626,0.18159743,0.17966533,0.45752177,-0.16693942,-0.33102518,-0.30512294,-0.111340515,0.09468163,0.2598754,-0.105504446,-0.60702336,-0.03946081,0.13443026,-0.008961957,0.3759014,0.09509827,0.041525576,-0.027306564,0.37028936,-0.11199467,0.32005528,0.33864376,0.077923104,-0.4150039,-0.15266521,0.14481169,0.08362867,-0.3604141,-0.2905265,0.65303475,0.07220926,0.0997784,0.43641418,-0.011657558,-0.06317727,0.009518016,-0.20215827,0.10559179,0.05008454
"(113.9453108447964, 22.556207249093983)",0.07940133,0.094927214,0.028369296,-0.025513226,0.0013314881,0.0726749,-0.23690216,-0.026907142,0.012605518,0.17474008,-0.07329043,0.15132931,-0.007227391,0.055722915,-0.33418676,-0.08088863,0.21085148,0.32809097,0.305903,0.52171975,0.27744955,-0.04734315,-0.16080855,0.27152285,0.005252134,0.1734405,0.05856327,-0.0075695952,-0.17247602,-0.22077867,-0.03691789,-0.006038159,0.7090778,-0.07102514,0.08142217,-0.2858179,-0.041936547,0.14139259,-0.17378475,-0.11725852,-0.39178374,0.44923913,-0.26872903,-0.021931194,-0.25877267,-0.103999905,0.2774874,-0.1293869,-0.3519733,-0.0606758,-0.053528905,0.07536093,0.036598884,-0.10914686,-0.54000854,-0.22287235,-0.22851557,0.3113603,-0.14600599,-0.07926031,-0.02937175,-0.07538237,0.053577397,-0.057342157,0.039417766,-0.09852943,-0.33430636,0.11036317,0.10586439,-0.3228637,0.06605051,0.1501028,0.087900504,0,-0.25788832,-0.01313531,-0.023489412,-0.088539906,-0.22986743,0.09937421,0.23228212,0.13548811,0.2550723,-0.43091315,0.054536212,-0.22901648,-0.011322573,-0.031401582,-0.3144714,-0.078665785,0,-0.27454224,-0.13365188,0.2088492,0.11093739,0.32301533,-0.05848363,-0.019375458,0.18699123,-0.0855587,0.4301618,0.15236935,0.16782774,-0.018296123,0.19965802,-0.19919708,0.38199288,0.33109722,0.118221216,-0.3960391,-0.03951404,0.0021101497,0.003284119,-0.18453789,-0.1630454,0.3773912,0.0646005,0.26949364,-0.22687611,-0.3186415,0.3695383,0.08236009,0.076577164,0.34050363,0.083459355,-0.15788776,0.13748604,0.022538193,-0.00929261,0.2292495,-0.43114617,-0.15015422,0.1580971,0.014113888,-0.17680863,0.11441986,0.36171043,0.060697522,-0.31632537,-0.25437328,0.36745235,0.038899563,0.24740788,-0.2508367,-0.22247481,-0.3590569,-0.0005326737,0.09333773,0.64421034,0.36330587,0.17614044,0.25286072,0.17774333,0.034048542,0.38537198,0.074310735,0.23081733,0.007318206,0.21090397,0.19054179,-0.43138477,0.52793896,-0.2571289,-0.36582413,-0.032390103,-0.119230546,0.25395876,-0.0006325394,-0.25115636,-0.30341277,0.025928406,0.07508507,-0.5294417,-0.0077041984,-0.5363006,-0.016330525,0.23308794,0.0050215824,-0.0077210143,-0.27401933,0.46370247,0.18784615,0.14654836,0.01123482,0.26295227,-0.568312,0.022752963,0.06983368,0.107340224,0,-0.10403289,0.034848712,0.18195605,0.19429472,0.17555869,0.0072250497,0.069133535,0.17431751,0.057956684,-0.31988433,0.20046937,-0.08979678,-0.099480964,-0.0062489714,0.12069009,0.024148777,-0.24212302,0.1997486,0.30510035,0.19392128,-0.13502844,-0.16390228,0.13239428,0.0820663,-0.56186646,-0.53634816,-0.07378227,0.3469609,-0.24143648,-0.12292008,0.050401032,-0.31372598,0.38013828,0.2636667,0.051683683,-0.07116243,0.72334486,0.030147534,0.25473025,-0.020704597,-0.10102366,-0.4590439,0.33603582,0.308265,0.33199137,0.32825947,-0.1303102,0.16275382,-0.41146082,0.31283966,-0.40613937,-0.23670195,0.07478064,0.17671697,0.08851871,-0.011562504,0.0022080094,0.08629131,-0.08384929,-0.5111913,-0.30031216,-0.20576888,-0.31718767,0.067705706,-0.10716372,-0.04565496,0.12072743,0.033067614,-0.22907828,-0.5671295,0.112597235,0.32423308,0.012658071,0.04762713,0.13299234,-0.10770812,0.2024166,-0.10800566,-0.22242597,0,0.15070245,-0.096502356,-0.07266637,-0.2363058,0.2209633,0.18147275,-0.027295675,0.15424494,0.27734545,-0.3092342,-0.022206798,0.029760983,0.21060279,-0.08940992,0.41630846,0.04752878,0.0037945886,-0.0018886998,0.20755722,-0.1100871,-0.343492,0.16936195,-0.77783567,-0.11005101,0.52421284,-0.13873851,0.1688965,-0.17534938,0.024931086,0.21234512,0.23510045,0.1699846,-0.16114274,0.2632745,0.09705988,-0.23562765,-0.18049069,0.13736825,-0.12072018,0.29281446,-0.03926738,0.6248241,0.015474334,0.3440883,-0.10477243,0.052267097,-0.28963488,-0.36051723,-0.050617162,-0.24964088,0.10411476,-0.1216574,0.48842543,0.052186973,0.25051215,0.26684988,0.15624422,-0.05975534,-0.32856715,0.15030907,-0.14829904,0.24865974,-0.17678827,0.110583805,0.019864336,-0.26885402,0.2913839,0.33309102,0.2485395,0.13944428,0.32847944,0.03884431,0.1075044,-0.01545283,-0.053694114,-0.018046021,-0.39575076,0.0046106544,-0.29330638,0.36782968,0.4328528,0.22869335,0.30871075,-0.15084857,0.09228928,0.46025914,0.08077681,-0.39485484,-0.34158674,-0.2743464,-0.07390285,-0.08133265,-0.09940769,0.052918725,-0.14552808,0.24717195,0.10876524,0.548034,-0.28800192,-0.4101611,-0.29489282,-0.14962004,0.12987825,0.3789802,-0.22539285,-0.6611355,-0.073298365,0.0058315657,-0.019873988,0.44183043,0.17780088,0.0189153,-0.101613514,0.46853608,-0.11625819,0.3879068,0.27991003,0.0425646,-0.43773058,-0.0928132,0.18964206,0.110308364,-0.42300266,-0.2773208,0.62690246,0.079528935,0.11739089,0.49442762,0.055192083,-0.045241456,0.0056166537,-0.10779006,0.06666591,0.10182013
"(113.94649398322632, 22.58364589422311)",0.12759073,-0.020852929,-0.018233985,0.03592795,0.18983945,0.12790777,0.028321654,0.07926623,0.2715636,0.16431266,0.0144713,-0.03364898,-0.055336684,0.025625877,-0.116892315,-0.030883063,-0.00020454824,-0.048780806,0.13569656,0.038672227,0.09636872,-0.045524694,0.007111106,-0.04921338,-0.020310406,-0.020358903,-0.028564684,0.017661083,-0.112708524,0.0037285835,0.01370501,0.037948526,0.1446681,0.020861829,0.023345824,-0.020754164,-0.06115193,-0.011389345,-0.106997594,0.0038269833,-0.119493775,0.087823905,-0.13623759,-0.10524552,-0.05917363,-0.099273495,0.08235839,0.056983706,-0.15428948,-0.08475925,-0.04254082,0.06886592,0.016794961,0.0056657344,0.012736447,-0.08947213,-0.041430026,0.079505496,-0.056868527,-0.09822973,-0.081622764,-0.03985097,0.040184613,0.13322803,0.049837578,-0.10162976,0.0047946945,0.08355051,0.051820125,-0.14044179,-0.030031823,0.13920237,0.0768337,0,-0.070032276,-0.028118487,0.09907143,0.06418077,-0.13358605,0.049378864,0.09611893,-0.002198033,0.043138493,-0.1099834,0.0069018416,-0.07557907,-0.0015277043,-0.14765486,-0.13617036,0.09335035,0,-0.040342934,-0.028807193,-0.13655691,-0.07246498,-0.07487346,-0.025557704,0.1020564,0.025378445,-0.0064961426,0.12705156,0.019641563,-0.064904615,0.0056569055,-0.07395968,0.0008420646,0.09046804,0.23164593,0.033393793,-0.017563447,-0.032861955,-0.068047434,0.10868468,0.018026166,-0.08718128,0.02596096,0.15511017,0.12137407,-0.019771677,-0.06171931,0.15822777,0.09271298,0.07286088,0.15439066,0.07108914,0.076866835,0.015099052,0.03306008,0.035682194,0.269465,-0.1564579,-0.076198764,0.107143514,-0.037641563,0.04316245,0.09769681,0.17143011,-0.052603845,0.019697003,-0.007997105,0.13377544,0.035090514,-0.01013121,-0.046529092,-0.036715105,-0.28933376,-0.079549484,0.13979122,0.24110971,0.23467737,0.004202891,0.057462864,0.12024292,0.06404926,0.16357978,-0.10809246,0.023355052,0.114762746,-0.0030384138,0.14284271,-0.20215064,0.18044129,0.17351453,-0.049026217,0.1802367,-0.0077675413,0.15708959,0.095748186,-0.0110310465,-0.07007786,0.018846834,0.083661854,-0.10595569,0.0702904,-0.06261118,0.0034738854,0.09047182,0.0024309224,-0.0005200133,-0.11976746,0.11938591,0.06425541,0.079614475,0.05714307,0.06525927,-0.13582878,0.038095318,0.012746034,-0.0033194423,0,0.04650027,0.09236973,0.035554446,0.04741035,0.06791576,0.028272187,-0.027022213,-0.0068988577,0.04406893,-0.08233986,0.014431862,-0.0023345798,0.016530868,-0.111405596,0.16200009,0.051781386,0.015594035,0.12097369,0.09540459,0.034955196,-0.10120799,0.10511056,-0.048312,0.10952447,0.18859747,-0.06278893,0.01826447,-0.00064282864,-0.039771073,-0.06811319,0.040717885,-0.04309825,0.13144465,0.006517645,0.06870644,0.019553594,0.17514963,0.07264208,0.1276393,-0.019789927,0.08813073,-0.086687304,0.01050551,0.062273517,-0.1185697,0.06353614,-0.075279206,0.089890674,-0.064981624,0.10495735,0.051680062,-0.09714734,0.008176284,0.051834553,-0.006983403,-0.0058928207,-0.14320421,0.014449295,0.03441842,-0.11355592,-0.10088866,-0.17144029,-0.026022345,0.03866069,-0.09883427,-0.04560841,0.05711794,0.11722978,0.010362342,-0.0149112865,-0.07533601,0.110337324,0.095961034,-0.046334207,0.018089604,-0.07575704,0.10454938,0.13000786,-0.04986399,0,0.054292254,0.030088605,-0.081059836,0.020948917,0.12227428,0.05771505,0.05118239,-0.04252782,0.10835158,-0.09174389,0.113571614,0.14119738,0.03845577,-0.0390718,-0.023647632,0.018563548,-0.033996087,0.01567765,-0.10686357,0.01868018,-0.049802594,-0.15698452,-0.16043773,0.28275415,0.063323066,0.015091222,0.0020273197,-0.11695683,0.13543418,0.037485763,0.07998793,0.0245183,0.0694534,0.12816942,0.23709822,-0.031277344,-0.12213501,0.036022726,0.15948626,0.17907488,0.05338897,0.20028342,0.04128972,0.058232512,-0.017649546,-0.033193417,-0.12278834,-0.083350435,-0.01352508,-0.12937152,0.020157792,-0.008501776,0.18740132,-0.09599389,0.056769766,0.26538247,0.08876107,0.04149741,0.026719151,0.06829494,-0.11580138,-0.0483855,0.07126983,-0.037836075,0.025962353,-0.051616833,0.1267161,0.048966777,0.07634575,-0.022994457,0.1541025,0.023577875,0.19789073,-0.043539904,0.19107573,-0.003865622,-0.13168745,0.13210958,-0.098957285,0.05263376,0.040611904,0.07200387,0.07516688,0.14608109,-0.06628809,0.14720234,-0.0038563646,-0.11037666,-0.0044640824,-0.21281545,0.10882981,-0.01442351,0.045759127,0.06397552,-0.024740122,-0.058121108,-0.009643655,0.10558815,-0.037167177,-0.17531642,0.058094673,-0.01993679,-0.088359766,0.3240828,-0.022452587,-0.09237209,0.19944265,0.10842085,0.030580673,0.010284413,-0.17727356,0.13174707,0.06815591,0.4335564,-0.058457255,0.16326983,0.092498764,-0.043918937,-0.058485642,-0.06910732,0.16101673,-0.009757467,-0.050835088,-0.12898144,0.05830846,0.10168195,0.09237753,0.14577496,0.13722408,0.017780665,0.0049478,0.06736182,0.03028297,-0.080231
"(113.94930246955154, 22.583646418056787)",0.174559,-0.06354955,-0.046950568,0.109380566,0.3064131,0.08946815,0.21911265,0.123707,0.29695737,0.22616243,0.032382794,-0.01564435,-0.02541551,0.00032360852,-0.05337002,-0.008177582,-0.09572545,-0.15967047,0.08721647,-0.0081066005,0.04799301,-0.07616867,0.051678903,-0.14427686,-0.035951655,-0.058946062,-0.106985375,0.07337419,-0.14371984,0.09722179,0.03813774,0.08497594,-0.044998065,0.08302824,0.04921572,0.008969037,-0.13581717,-0.007704273,-0.030796308,0.035643496,-0.10547807,0.009922929,-0.06539756,-0.1350078,-0.0060740337,-0.093672544,0.05198545,0.088948116,-0.07470652,-0.15229447,-0.05423615,0.0828292,-0.010171179,-0.014351398,0.14652017,0.022213351,0.002369144,-0.05844582,-0.048036765,-0.13473791,-0.16089378,-0.07100322,-0.02142658,0.18797465,0.046086255,-0.085900165,0.068404235,0.06274605,0.029344833,-0.12483777,-0.021315321,0.13163531,0.060306955,0,-0.06636494,-0.036194142,0.17372262,0.10413923,-0.14895721,0.107662134,0.059246626,-0.0598234,0.057239108,-0.07962848,-0.017124549,0.038492285,0.03496241,-0.27032313,-0.08813698,0.16487457,0,0.043222636,-0.056557275,-0.22116427,-0.0970324,-0.2509808,-0.025441926,0.074136436,-0.049753882,-0.0026543252,0.053058088,-0.015723743,-0.07222159,0.09912944,-0.057775505,0.06440559,0.053538002,0.27487725,0.051206395,0.062266037,-0.05219531,-0.116313465,0.14077577,0.007569082,0.0058750436,-0.09546851,0.32777265,0.18651046,0.061961718,0.0097180195,0.1268344,0.06124045,0.12739521,0.15859061,0.07429949,0.16752258,-0.04199406,0.03473664,0.06805258,0.38040328,-0.17013958,-0.06881306,0.052142024,-0.01854296,0.047671355,0.10305773,0.20446151,-0.10133046,0.14319988,0.050128713,0.05260894,0.00059382245,-0.07881588,0.02043099,0.01709979,-0.24851122,-0.14805059,0.18931137,0.09990795,0.25944495,0.011343259,0.04668402,0.048299134,0.021299273,0.037789304,-0.10776,0.0110272765,0.184257,0.02211497,0.2158482,-0.19835842,0.063311666,0.21406549,-0.0035626628,0.26174858,0.021401802,0.07347357,0.13302657,0.017791256,0.036240272,0.02366644,0.12329376,0.014237642,0.12954874,0.029691085,0.023451924,0.08494981,0.04297467,0.010373689,-0.05824961,0.08318139,0.050108753,0.07224181,0.14072342,-0.045619003,-0.055243563,0.10403737,-0.006212922,0.011194333,0,0.08539161,0.17375812,-0.040128425,-0.027681233,0.029972307,-0.018683767,-0.0143587515,-0.07517987,-0.02196543,-0.02398001,-0.104767375,0.008993089,0.05997871,-0.22130579,0.115648225,0.08357513,0.026544034,0.11866645,0.04066217,0.0133545,-0.16870566,0.21992156,-0.1037506,0.092523545,0.37004736,0.07169451,0.061588317,-0.06378213,0.032440983,-0.023936622,0.07920698,0.02814381,0.12246532,-0.108789876,0.047102008,0.061761953,0.07938872,-0.013718536,0.09781655,-0.039476655,0.099748716,-0.038236696,-0.009420334,-0.053712666,-0.23110443,0.11763337,-0.034546096,0.031917684,0.01069583,0.050445333,0.1510607,-0.102100305,-0.038485803,-0.04024271,-0.06201442,0.022150218,-0.21470344,0.0047261007,0.0527419,0.06554519,-0.034308255,-0.20094937,-0.0056865066,0.071796015,-0.064869665,-0.061310045,0.020142265,0.19360118,0.041288428,0.115353175,-0.11110958,0.035061993,0.16036,-0.07358997,-0.059847724,-0.048042104,-0.012517899,0.18989821,-0.10541552,0,0.027181752,0.031528592,-0.11429906,0.123386115,0.085453965,0.07780952,0.109324485,-0.06180447,0.077455856,-0.07857646,0.16911016,0.19053903,0.0040523782,-0.0645893,-0.2181399,0.006960883,0.021105995,-0.011948593,-0.17927186,0.04481267,0.028505482,-0.19802159,-0.0024723336,0.27738407,-0.041850317,-0.04913281,-0.13753934,-0.12324246,0.12273964,0.009993941,0.020644138,0.10772152,0.17472766,0.09015958,0.25378,-0.014689127,-0.07356197,0.051047098,0.24580573,0.1880272,0.095871866,0.06648317,0.09802822,-0.03542717,-0.041935205,-0.070629306,-0.21183968,0.027763456,0.050227758,-0.08143861,0.0042622015,0.02930203,0.11003992,-0.17483687,0.08210001,0.2785646,-0.0023736432,0.11858243,0.118711665,0.10452551,-0.1312506,-0.16429462,0.08610471,-0.073518254,0.12328629,-0.03476531,0.10384281,0.010098232,0.053023405,-0.10574204,0.090047546,0.07055106,0.25352898,-0.10934627,0.23482446,0.002251394,0.012988899,0.18046169,-0.07444672,-0.035129428,-0.085842766,0.03640118,-0.048435763,0.2578831,-0.12288364,0.09450403,-0.0630593,-0.045627836,0.06671213,-0.15912353,0.20657739,-0.017127877,0.071666345,0.10008764,0.062308818,-0.15213186,-0.07846969,-0.049729925,0.00059044454,-0.12695691,0.224872,-0.017633295,-0.1856288,0.35552356,-0.0044363234,0.08727111,0.29123712,0.07952742,0.013979841,-0.10432255,-0.28416476,0.14828224,0.053617112,0.41789642,0.0036949813,0.15408461,-0.026089065,-0.09171904,0.03066951,-0.03145034,0.23170343,-0.08232298,0.08862975,-0.08802007,-0.08966701,0.04513959,0.13423252,-0.0139925685,0.22684625,-0.021126151,0.0072608627,0.16654074,0.0023234896,-0.14622125
"(113.94955763025688, 22.6820558804572)",0.04481762,0.019157903,-0.09226125,0.08809713,0.1675804,0.040083777,0.091870695,0.053919025,0.07256681,0.22382954,-0.010098256,0.024751332,-0.17553553,0.0074855983,-0.05502759,-0.057522994,-0.0063574463,-0.0037681088,-0.014248159,-0.055426758,-0.16529658,0.0006036982,-0.056983456,-0.035424188,0.10701026,-0.07840147,-0.12443471,0.0038519641,-0.059615824,0.08556775,0.11090851,0.018931076,-0.20619842,0.0024083797,0.120845154,0.12807234,0.076798625,-0.17039557,-0.025148172,0.080230914,0.14789313,0.061996378,-0.16506872,0.060327627,0.09958338,-0.0713493,0.025502212,-0.080614135,0.016608715,-0.017915158,-0.12494753,0.09852964,-0.0746672,0.1800986,0.1434044,0.16366737,0.12348688,0.05552382,0.19032483,-0.19410494,-0.17051712,-0.070147336,0.067941755,0.02857308,-0.01090147,0.03088817,0.099601045,-0.0029978082,6.869063e-05,-0.06339811,-0.108632885,0.23142362,0.039750077,0,-0.24870203,-0.12037982,0.16904514,0.020086072,-0.0135664195,0.08764172,0.18022053,-0.04626012,0.11409597,-0.23295182,0.02209917,0.18065813,0.10376197,-0.27804133,-0.08834646,-0.016472496,0,0.06104114,0.017116088,0.04924766,-0.017247662,-0.2732407,-0.08884657,0.17208843,0.03953757,0.015643973,0.0036547035,-0.11567148,-0.006189402,0.0999317,-0.0994665,0.09629026,0.090813346,0.16250023,0.10902431,0.1452457,-0.016679835,-0.117631525,-0.046222135,0.11807467,-0.024827257,0.21832593,0.32868013,0.3163536,0.06822907,0.08260532,0.23419933,0.19773191,0.20474851,0.18290457,-0.117741264,0.006694153,-0.068669915,0.029031008,0.119092174,0.16678974,-0.1416752,-0.04402425,-0.03369972,-0.07428301,-0.09414621,0.063674636,0.050045222,0.1371991,0.21728027,0.030408865,-0.029910946,0.046116244,0.1185703,0.14121243,0.037673697,-0.17213291,-0.078775644,-0.11025286,-0.0037484095,0.24255736,0.18675797,0.021057867,-0.064061195,0.0017216206,0.24648067,0.08384958,0.20917717,-0.031217802,0.20554137,0.26065266,-0.12395896,0.10210334,0.14661814,0.040540237,0.10910687,0.02762569,-0.1293687,0.43046302,-0.1889833,-0.06956416,0.058238305,0.22008531,0.117532164,0.13735226,-0.093565494,-0.045253754,0.12866105,-0.037195027,-0.06973257,0.16064772,0.07108028,0.0028070137,0.05786631,0.199223,0.13903454,-0.12443265,0.101117454,0.021290278,0.15508138,0,0.03901736,-0.12365565,0.08592434,0.012460666,-0.17290896,0.19085984,0.12122364,0.19415459,0.03336051,-0.063081644,-0.20115915,-0.017114133,0.014628443,-0.090700954,-0.18953602,-0.07352868,0.1115579,0.13988394,0.13039145,0.073547654,-0.018195271,0.10808497,0.113802776,0.26162428,0.2888448,0.15442665,0.10247649,-0.06438247,0.07243114,-0.1847139,-0.13944778,0.11555756,0.18938726,0.12955919,-0.012504067,0.18057781,-0.015312187,-0.0040225964,0.018850379,0.037371267,0.04110879,0.034772452,-0.13696778,-0.040687643,-0.0911151,-0.084957965,-0.007928509,-0.11145565,-0.028562292,0.10036003,0.1305018,-0.083279036,0.06331028,-0.05084169,-0.066744566,0.23524696,-0.37006253,0.08994576,-0.14770448,0.25661135,-0.11569125,-0.046578348,-0.15957142,0.19462278,0.08021781,0.03607621,0.17066914,0.1271025,0.07102646,-0.0049245283,-0.06121489,0.10533547,0.15903,0.017063249,-0.061080683,0.043370914,-0.17430833,0.1501154,0.06436852,0,0.066862546,0.040453,0.008275722,0.055870414,-0.036039457,0.1435489,0.15963525,0.0240216,-0.01803165,-0.18551621,0.03983858,-0.007021631,0.07594463,-0.012644768,-0.22598882,0.039195694,0.056218315,0.007931266,-0.0065952986,0.053157806,8.342799e-05,-0.02835489,0.18768479,0.23945251,-0.09496623,0.028657475,-0.056178957,-0.10841525,-0.04517275,0.04229316,-0.05852747,0.21833494,0.08695548,0.11538488,0.25476456,0.0886092,0.02555709,-0.15393336,0.27221537,0.083358996,-0.049368564,-0.012986917,0.19543257,0.12780306,0.028816268,-0.11536858,-0.0037663877,0.093474865,0.09795691,-0.0034149662,-0.22050385,0.03085249,0.12442429,-0.08971427,0.058461018,0.16841185,0.26350123,-0.012754992,-0.08787405,0.17659357,-0.14987604,0.165724,-0.17521232,-0.0059765335,0.15466158,-0.025198467,0.12429069,0.17730261,0.049966894,-0.2685519,0.1232978,-0.021382162,0.078198835,-0.065039024,0.018652916,0.04678972,0.03870574,0.18621655,-0.116406545,0.047809903,-0.12676571,0.05005623,0.05821185,-0.08227381,-0.03408248,-0.12728824,-0.06317959,-0.010477235,0.11202408,-0.24424608,0.04907871,0.06613342,-0.030867549,0.087583356,0.035984747,-0.06533036,-0.10850588,-0.051647346,-0.036340956,-0.21103488,0.0636644,-0.04178024,-0.11948765,0.25020376,-0.1658269,-0.1486309,0.2918401,0.18772529,-0.02781203,-0.06104968,-0.079971746,0.20350006,0.007686898,0.22499213,0.25728837,0.090128705,0.15649566,-0.33186033,0.08363959,-0.106967494,0.32817715,-0.041544557,-0.06810154,-0.07087946,0.0453896,-0.028469935,0.35081413,0.021002995,0.2234171,0.039791998,0.041572828,0.08831911,0.06019021,-0.038045272
"(113.94960784157357, 22.67980068070437)",0.034122832,0.024158778,-0.10043409,0.09710122,0.17594066,0.059124615,0.12014228,0.05629684,0.080626965,0.25607014,-0.021603126,0.024020728,-0.1676229,0.0064030886,-0.06503178,-0.07935723,-0.008880213,-0.0028936043,-0.008678742,-0.037130248,-0.13773173,0.0055303555,-0.07339544,-0.052341178,0.09121303,-0.08686574,-0.13646993,0.022272322,-0.08996825,0.10109456,0.11583497,0.013422333,-0.22232755,-0.0065781083,0.12607732,0.13955411,0.054249078,-0.14426635,-0.006432671,0.068077974,0.14559385,0.056878008,-0.1757748,0.060023673,0.09287312,-0.09965243,0.04491201,-0.07973297,0.0046374127,-0.052128896,-0.14350252,0.0893062,-0.08519299,0.17362219,0.16747123,0.17507058,0.118921846,0.05551959,0.20290974,-0.20580932,-0.18207751,-0.08067094,0.0574446,0.03573166,-0.024415754,0.06602632,0.08386339,-0.0007758625,-0.014678653,-0.05038095,-0.10940773,0.23628852,0.03161002,0,-0.28758684,-0.11004995,0.15864377,-0.00037054718,-0.03900364,0.11331362,0.17654493,-0.062151387,0.09438023,-0.22267115,0.018186871,0.17651764,0.1171547,-0.29734644,-0.11069446,-0.02729053,0,0.061628483,0.0062843114,0.0037865136,-0.02582391,-0.31791347,-0.07965339,0.16982867,0.027041325,-0.010299098,-0.0057428926,-0.11513471,-0.018938985,0.11170186,-0.09960835,0.09445861,0.097763255,0.16801384,0.12047615,0.13533212,-0.023573555,-0.13986447,-0.053305402,0.0904045,-0.031692013,0.21104959,0.37871382,0.32120714,0.08058981,0.07941306,0.2446823,0.20496124,0.22488539,0.2039097,-0.112169705,-0.0015910119,-0.065061495,0.02379974,0.11000546,0.18292071,-0.13324983,-0.03573572,-0.034955963,-0.08121703,-0.09544805,0.07895439,0.030551724,0.11666396,0.21586704,0.0125182625,-0.05884762,0.051005743,0.075532556,0.15472218,0.042045824,-0.20313793,-0.08364694,-0.0972954,0.0016747937,0.26430896,0.20318736,0.0235162,-0.11711685,-0.01320596,0.23058972,0.04625481,0.19907574,-0.04245699,0.21309406,0.27062207,-0.15894747,0.07927981,0.15130289,0.04399379,0.11846164,0.027310627,-0.15143843,0.44087976,-0.2239844,-0.058421344,0.041956484,0.26302105,0.11797094,0.15592198,-0.077051565,-0.070102066,0.14103584,-0.044613,-0.0864088,0.17224765,0.06942293,0.021983914,0.052681234,0.17709807,0.11683423,-0.113987595,0.111633345,-0.00012647174,0.15175916,0,0.045712177,-0.13500056,0.079238474,0.01016189,-0.19737795,0.15205409,0.08792099,0.17931208,-0.006125979,-0.050831348,-0.19510436,0.005015254,0.0130342785,-0.10092086,-0.19086511,-0.08000673,0.08760221,0.15409742,0.12781546,0.046891347,-0.040991545,0.12291921,0.11078717,0.27393425,0.29272753,0.16016912,0.098464236,-0.057556354,0.08808529,-0.19131619,-0.14514224,0.10925155,0.1660213,0.110489726,-0.012007516,0.20139754,0.011206314,-0.013559608,0.016400628,0.017765246,0.06279118,-0.0024754005,-0.14767785,-0.06235961,-0.12200625,-0.06558641,-0.022278097,-0.11580579,-0.004589334,0.05475586,0.0844955,-0.102537625,0.04765591,-0.06448445,-0.088947594,0.23106694,-0.3879388,0.08303479,-0.13400063,0.25836003,-0.105932795,-0.040374458,-0.15996598,0.1960241,0.07535349,0.024815567,0.1540089,0.15210493,0.06185314,0.014473595,-0.08865276,0.09073194,0.18165252,0.004995603,-0.06728469,0.019081172,-0.1685456,0.20560504,0.07495443,0,0.042560354,0.049385585,0.024844522,0.06434631,-0.02252464,0.15331984,0.13766019,-0.0036692508,-0.01918722,-0.17991161,0.060487475,0.004691166,0.06505339,-0.01877492,-0.22734709,0.023096472,0.07640587,-0.011457376,-0.015385821,0.06961382,-0.0051857717,-0.018298686,0.19366527,0.25191545,-0.11914611,0.025586514,-0.0527613,-0.114704594,-0.031621367,0.047097072,-0.06519847,0.247637,0.07761167,0.12254013,0.29862195,0.08991115,0.011319537,-0.16691478,0.29356605,0.11530211,-0.060691502,-0.045004148,0.19922352,0.10997306,0.0033943802,-0.099570386,-0.026747942,0.08644387,0.09026641,0.0058933273,-0.2156051,0.036479816,0.13040422,-0.12406,0.07204295,0.20404512,0.24569562,0.020421088,-0.076703034,0.18044546,-0.15689993,0.16250718,-0.1741944,0.011695007,0.18530935,-0.05027397,0.13022357,0.17167664,0.038026936,-0.27083406,0.12933552,-0.0122958515,0.09860716,-0.09288574,0.025070831,0.04955215,0.078267395,0.21369372,-0.11707251,0.06750667,-0.13707012,0.05632526,0.054305404,-0.07098797,-0.036956526,-0.13148177,-0.07164038,-0.003177707,0.11618424,-0.2683872,0.061103396,0.05965545,-0.02903396,0.08846379,0.03152389,-0.071476385,-0.12447942,-0.057834197,-0.025086291,-0.22735216,0.09304977,-0.05418227,-0.15773124,0.2800109,-0.14401999,-0.13382524,0.31979752,0.18112396,-0.03333242,-0.088207364,-0.0852337,0.19868098,0.013320319,0.24382077,0.23509005,0.12633602,0.14241074,-0.36459026,0.045226246,-0.109959975,0.36168647,-0.059021324,-0.08654852,-0.08675359,0.029003747,-0.053334266,0.3506687,0.020670908,0.23331448,0.022370588,0.047451843,0.080201924,0.07461273,-0.04070644
"(113.95076757536349, 22.542692380283736)",0.02057305,0.10952583,0.03229359,-0.049304813,-0.03503384,0.10805024,-0.3519686,-0.04453362,0.034689844,0.11927697,-0.07587106,0.08658466,-0.0001963973,0.0882285,-0.30802593,-0.12919714,0.23175175,0.31725705,0.28786516,0.38753474,0.27939036,-0.014008131,-0.13707863,0.2337628,-0.0034771003,0.14440095,0.12077538,-0.0388923,-0.057195082,-0.26977003,-0.031387318,-0.024095148,0.6799644,-0.06592461,0.05363421,-0.22796407,0.09088287,0.08146258,-0.18773262,-0.12632206,-0.28489244,0.3668507,-0.29074016,0.0334294,-0.21788979,-0.14182413,0.21341646,-0.1371749,-0.3639799,-0.031230358,-0.02889505,0.064294726,0.027478654,-0.010861039,-0.53093404,-0.27944583,-0.19556525,0.3751434,-0.09217222,-0.009408496,0.06420389,-0.03497108,0.06819515,-0.048010394,0.020156331,-0.075205274,-0.28930128,0.11119281,0.090580344,-0.24913098,0.018442295,0.14577577,0.0815625,0,-0.22254609,0.010015849,-0.09473157,-0.1055172,-0.20969898,0.038039796,0.21106707,0.16323613,0.18502569,-0.3536693,0.07671586,-0.23661087,-0.04877539,0.053831823,-0.29580876,-0.14367852,0,-0.28409845,-0.042047873,0.18817897,0.1008794,0.40252352,-0.056603026,0.023511901,0.21402341,-0.046155345,0.40104148,0.14098558,0.116678506,-0.12123415,0.07372548,-0.16152272,0.35920918,0.24399513,0.08897606,-0.3528338,-0.034832366,-0.0058508925,-0.008810304,-0.10646198,-0.17132194,0.40315968,-0.031061007,0.1891022,-0.23288745,-0.30057245,0.32762533,0.14958748,0.03345034,0.31629062,0.05847778,-0.18907052,0.1598055,0.023563996,-0.021095283,0.085776016,-0.2857341,-0.08694335,0.18013653,0.0097614005,-0.14047384,0.11471616,0.21135256,0.082472175,-0.28353617,-0.18581805,0.33210012,0.069365576,0.24932408,-0.19105026,-0.22137603,-0.36033118,0.0582707,-0.00980939,0.61677974,0.28703818,0.14025588,0.17529657,0.21527351,0.016313061,0.37323827,0.059389006,0.17454675,-0.067994036,0.17325306,0.11289121,-0.34620908,0.5293757,-0.18665986,-0.27467918,-0.041338146,-0.027826896,0.2563394,0.0056246966,-0.18636473,-0.3361276,0.036092386,0.054506555,-0.5352422,-0.04236366,-0.52846855,-0.040097788,0.15763392,-0.03659883,-0.009298094,-0.2511006,0.39238238,0.13608679,0.13734819,-0.04621096,0.28412414,-0.5097206,-0.058695175,0.06738933,0.06754915,0,-0.09838474,-0.06261006,0.22823794,0.22744872,0.12913051,0.07858845,0.006870836,0.17856932,0.07347651,-0.32213393,0.27290785,-0.051778674,-0.100363985,0.07727067,0.12324516,0.011710748,-0.16483392,0.17390142,0.2965707,0.19120419,-0.018957615,-0.18126991,0.20744894,0.10316041,-0.49088886,-0.500769,-0.07778877,0.32967362,-0.2521876,-0.15739572,0.0036494434,-0.30026153,0.29991928,0.30550084,0.08944057,-0.021898933,0.614293,0.063518725,0.236648,0.0063178986,-0.09680344,-0.36976305,0.24540427,0.31974614,0.31851715,0.18497472,-0.13988796,0.1715161,-0.37028468,0.29074776,-0.4168903,-0.20058785,0.09671354,0.22690083,0.065933734,-0.012148313,0.008212253,0.092644796,-0.08878321,-0.531162,-0.29404685,-0.122030914,-0.24279203,0.029106645,-0.13610107,0.022952057,0.15282291,-0.03229896,-0.16193849,-0.540243,0.08716457,0.30012178,-0.009199146,0.064582825,0.18376864,-0.101418495,0.23724233,-0.09262934,-0.083931334,0,0.1478962,0.0056769643,0.009222706,-0.26456198,0.20142,0.1012711,-0.022342999,0.10781659,0.26785472,-0.2978831,-0.05039795,-0.02238803,0.19732612,-0.04321015,0.43966416,0.023866389,-0.05909325,0.024132054,0.20118049,-0.111483365,-0.34898224,0.13938206,-0.73264885,-0.029871233,0.45392057,-0.008950293,0.29929438,-0.14361551,0.039199546,0.19545484,0.22549942,0.08497866,-0.18656269,0.22121371,0.11156021,-0.15489705,-0.18236016,0.06701408,-0.093243375,0.19762745,-0.06342888,0.5950735,-0.013542011,0.33632424,-0.025232479,0.040826134,-0.1475867,-0.35665482,-0.11213729,-0.22102785,0.046355274,-0.12825614,0.45152912,0.11797253,0.14294341,0.20136343,0.23103857,-0.080980584,-0.33187848,0.041994944,-0.0907013,0.33300155,-0.1540268,0.14519346,-0.040758252,-0.19045106,0.2574654,0.28898585,0.19407973,0.15553825,0.31253156,-0.0054174904,0.06527026,0.05149182,-0.039118752,-0.015468568,-0.39970028,0.011911619,-0.24831784,0.3817264,0.4642595,0.24884729,0.32374573,-0.20900342,0.114872865,0.39212987,0.096712574,-0.4029265,-0.27362585,-0.29247653,-0.14711514,-0.009294322,-0.0593459,0.015927723,-0.20484534,0.24602349,0.12872055,0.5343594,-0.2364838,-0.3844824,-0.34511545,-0.14098589,0.12958068,0.29894462,-0.15709679,-0.66791546,-0.06940429,0.0746413,0.021078188,0.4241958,0.17219926,0.041307528,-0.04688789,0.40159002,-0.13452858,0.36718395,0.34426942,0.075041324,-0.4294956,-0.14498545,0.13003665,0.1404783,-0.42475867,-0.26160347,0.62066466,0.108090214,0.09646951,0.5284808,-0.014224097,0.0004816316,0.035208408,-0.17509663,0.08663345,0.10048378
"(113.95181994628692, 22.69413978225068)",-0.113942616,-0.16393925,-0.22268273,0.04446157,0.26984882,0.22503562,-0.01076442,0.16277958,0.26664382,0.12924741,0.08444824,-0.34030882,-0.483355,0.10281236,-0.078351825,-0.0990808,-0.12343788,-0.23855248,0.054571684,-0.5046075,0.012361817,0.16336946,0.19976452,-0.3901656,0.10015392,-0.16469361,0.13270694,-0.050489604,-0.01141252,0.0013759434,0.105214044,-0.06834847,-0.2533537,0.31443962,0.11967931,0.20780537,0.19526634,-0.45371717,0.08572146,-0.040779337,0.21707514,-0.19295925,-0.096515894,-0.048489038,0.09982952,-0.038391337,-0.058158316,0.015183751,-0.0024634153,0.10511531,-0.059705645,0.120560735,-0.0795373,0.2096226,0.3402461,0.022095673,-0.015953302,-0.09659956,0.29367843,-0.48433504,-0.21205579,-0.042622168,0.097610384,0.16731533,0.11059564,-0.27477574,0.48669362,0.00061457977,0.10236269,-0.015269201,-0.1438224,0.21395253,0.11959432,0,-0.06754831,-0.12585275,0.0917515,0.041338257,-0.20127109,0.1756635,0.012794595,-0.02456779,-0.038394433,-0.14071707,-0.14302424,-0.0642497,0.10562904,-0.0819317,-0.19197014,-0.02462279,0,0.15480664,0.15851532,-0.17920808,-0.25765845,0.06830619,-0.10495313,0.103075266,-0.1239366,0.39725432,0.13809481,-0.17518365,-0.09939867,-0.039381303,-0.2888051,0.15677173,-0.023274496,0.19554706,0.12308522,0.30654824,0.23725535,-0.36049685,-0.11439815,0.21953005,-0.10067515,0.26906005,0.12701803,0.27145225,0.15184763,0.07851297,0.4710495,0.350523,0.16119015,0.23928598,0.056757182,0.16046786,-0.20676114,0.054467343,0.08026454,0.06394866,-0.02017037,-0.1398203,0.37385678,-0.06611831,0.11058982,0.059831783,0.05395226,0.104668275,0.071914315,0.33399686,-0.05722114,0.031919785,-0.012155741,0.1844959,0.25306043,-0.4130564,-0.03214313,-0.32911417,-0.054628447,0.41997495,-0.43052602,-0.18350086,0.28370452,-0.087632194,0.305726,-0.101462394,-0.16059458,0.14001048,-0.015880123,0.14462216,-0.2350156,0.25110856,0.44988656,0.28542176,0.34677076,0.1796778,0.035925828,0.33739042,0.007132426,-0.1866416,0.09912524,-0.14679869,0.01823569,-0.054704875,-0.04744447,-0.13047162,-0.039628953,0.070568845,-0.18020844,0.1774782,-0.035185065,-0.061712354,-0.05716825,0.12836048,0.036854662,-0.04985636,0.03279194,0.041768104,0.06587196,0,0.053320315,-0.25902748,0.26293564,0.040701434,-0.089692466,0.12875591,0.03722518,0.103085704,0.07959437,-0.03716441,-0.03850826,0.13414784,0.07379181,0.012813745,-0.15323521,0.085694805,0.23810461,-0.11367108,0.31453145,0.024109064,0.14396001,0.105215944,0.1403815,0.235328,0.649737,0.27360818,0.21346983,-0.053805985,0.22362708,-0.32168496,-0.119731486,-0.0019129049,0.28669837,-0.15664624,0.17875427,0.10003425,-0.15493447,0.03374372,-0.09713529,0.11295976,0.024256032,0.30362722,-0.46070793,-0.015115356,-0.07186423,-0.28582406,-0.01667967,0.059683293,-0.10820407,0.22483078,0.22000557,-0.008593177,-0.07407816,-0.01263804,-0.21418476,0.048197106,-0.40863335,0.017855477,-0.3089321,0.07534341,-0.1997397,-0.007223502,-0.006489411,0.22385548,0.022808172,0.1931895,0.09666644,0.0732687,0.24291666,0.067296274,-0.16814892,-0.08596244,0.25447688,0.08334622,0.059626225,0.0540299,0.02510959,0.11414587,0.23423344,0,-0.096143596,0.09585632,-0.17769906,0.44252482,-0.35679072,0.0684294,0.2092149,0.21335585,0.008669324,-0.19622919,0.13528977,0.17843914,0.15779401,-0.06768155,-0.20104097,-0.013037591,-0.224861,0.092614725,0.14791948,0.045627832,0.052281857,-0.386342,0.37582713,0.50456685,-0.32004976,0.089203335,0.12167628,-0.37172744,0.08861876,0.026253521,-0.100812584,0.11791286,0.1821053,-0.15152569,0.35020453,0.29408658,-0.08141935,-0.12154476,0.41988963,-0.17990655,-0.047557663,-0.041937638,0.25842622,0.35623673,-0.15074497,-0.3610056,0.07855366,0.08145739,-0.23719716,-0.007066086,-0.17623045,0.00971734,0.091812536,-0.10464489,-0.33009526,0.1549213,0.42954057,0.21075691,-0.098425545,-0.08867374,0.20379017,0.14947146,-0.07300289,-0.024812238,-0.20660065,0.07505413,0.060578093,0.12740563,-0.008601569,-0.14808926,0.002571158,-0.08211932,0.12831455,-0.108760506,0.308036,-0.09288226,-0.1533696,0.1763175,-0.15533179,0.03707632,-0.10042201,0.044307154,-0.12548923,0.044066884,-0.358677,-0.030366756,-0.18219781,-0.06889235,0.19553989,-0.1679605,-0.21140897,0.20538509,0.045324042,0.16009586,-0.052876607,0.11854566,-0.35591426,-0.15480067,-0.10993518,-0.26684773,0.09569167,-0.22449076,-0.13664892,0.1664473,-0.21936986,-0.13921976,0.32270768,0.17696635,0.1908144,-0.13799767,-0.03741588,0.361626,0.14498994,0.14953847,0.25444677,0.119265765,0.263463,-0.27532306,0.2123669,-0.262196,0.2955256,0.06723453,-0.016573533,0.1335911,-0.15564439,0.119299896,0.39356092,0.14626223,0.2839583,0.3472229,0.12873536,0.08549152,0.092509225,-0.021082982
"(113.95274764641194, 22.58518115319401)",0.2458731,-0.094739735,-0.010523006,0.14513305,0.35312396,0.07611334,0.23470725,0.10838716,0.29950094,0.22102235,0.03385205,-0.0056156367,0.12903911,0.036505505,0.03330937,-0.01769257,-0.14024442,-0.19555384,0.08350664,-0.015372749,0.029618196,-0.13070238,0.036929257,-0.14142022,-0.03608771,-0.046309024,-0.16708559,0.072023384,-0.079893626,0.115500055,0.034664623,0.09479452,-0.02006372,0.10493866,0.010037318,0.03408967,-0.1513719,0.021399587,-0.03847863,0.06608651,-0.08890895,-0.09420582,-0.05936435,-0.08806181,0.02705498,-0.17650571,0.012901723,0.12623958,-0.05549168,-0.20529146,-0.0304107,0.08402189,-0.021642517,0.030978099,0.091145016,-0.027778644,0.029027786,-0.06704915,-0.038853936,-0.01961007,-0.14929186,-0.07124818,-0.06249275,0.24749844,0.029308556,-0.03873875,0.02907632,0.118451074,-0.014981117,-0.1457187,-0.02643416,0.103541605,0.058417775,0,-0.028986728,-0.01272494,0.19568719,0.13140813,-0.125368,0.08951145,0.062987074,-0.062754706,0.03997473,-0.064453185,0.027494866,0.09480952,0.028630868,-0.35245916,-0.045167096,0.20182097,0,-0.043642282,-0.08310387,-0.282217,-0.076780364,-0.2772471,-0.048833374,0.0942128,-0.03360138,-0.035573978,0.06251982,-0.026910745,-0.09601569,0.08714898,-0.11023992,0.093937576,0.031492546,0.26933545,0.044949852,0.07606958,-0.17389362,-0.09014141,0.17376125,0.06751994,0.098635666,-0.18320078,0.37915552,0.19165555,0.07775382,0.013783362,0.00651744,0.06817148,0.13171332,0.16416709,0.006247068,0.1776448,0.013167795,0.023218274,0.104064964,0.39782974,-0.1225373,-0.0030255113,-0.05413589,-0.024570562,0.043635175,0.20758726,0.11922745,-0.13830742,0.21557455,0.06920763,0.041872773,0.0026287027,-0.12331322,0.047817536,-0.07153433,-0.21674746,-0.16764691,0.22160584,0.06498515,0.1744247,0.08827303,0.039017342,-0.008266494,0.013889581,-0.07767674,-0.15699098,0.045829453,0.13049415,0.0007409677,0.24186794,-0.1287356,-0.010948822,0.26258743,0.019011792,0.26697713,0.08456347,0.03686215,0.14231817,0.10025601,0.08349557,0.038687766,0.1412036,-0.0010964572,0.1508431,-0.056069493,0.022992149,0.055350438,0.011692815,0.09694927,-0.08067513,0.011856763,0.021348879,0.09886527,0.2121032,-0.09775088,-0.033734795,0.076363474,-0.017798174,-0.0369199,0,0.11921978,0.24119985,-0.097067006,-0.07098169,-0.035175875,0.027451186,-0.07567722,-0.11407044,-0.03738339,-0.075560935,-0.11475286,-0.0010103881,0.08447266,-0.24423896,0.11420648,0.056883752,0.00842835,0.13044938,-0.0012284219,0.048798658,-0.20315282,0.21392003,-0.13629745,0.09729946,0.44016716,0.082152784,0.042856887,-0.09823734,-0.036602326,0.04714758,0.097032666,0.03782945,0.07582955,-0.10132527,0.011321899,0.08560198,0.05047146,-0.040434062,0.09803561,-0.033310995,0.024603847,-0.013026302,0.036715183,-0.053351894,-0.2883618,0.09260711,-0.037466798,-0.016528308,0.08518939,0.038694732,0.16969696,-0.10354501,-0.030857643,-0.025479004,-0.10894312,0.018031053,-0.19963178,-0.023055416,0.07212661,0.06952428,0.0001148954,-0.20112306,-0.006053731,0.031093692,-0.121173285,-0.07800003,0.0056162477,0.23422779,0.06305751,0.10406301,-0.118896656,-0.031711854,0.13993244,-0.11106209,-0.094139025,-0.0071031377,-0.084359944,0.20377454,-0.112707414,0,0.07186542,0.10940728,-0.09816739,0.050761685,0.10316976,0.06812455,0.14814466,-0.15883076,0.09312976,-0.13966559,0.13546064,0.138387,-0.032525882,-0.029026851,-0.31744865,-0.0047469307,0.03823373,-0.019834824,-0.35557613,0.068883054,0.03214453,-0.21472284,-0.030351415,0.23249501,-0.010680847,-0.019603949,-0.17543857,-0.10169838,0.12900794,-0.042440485,0.004764391,0.07765801,0.18084185,0.072925285,0.23955642,-0.013636606,-0.024673086,-0.009204986,0.28630444,0.1744237,0.07545808,0.04896645,0.0855484,-0.17274731,0.059968993,-0.06682464,-0.23745131,0.066430494,0.111947715,-0.047864936,-0.081376955,0.053588584,0.14278682,-0.2116268,0.05643045,0.27101955,-0.009540699,0.081822276,0.13384926,0.104153454,-0.16975775,-0.20896761,0.13408816,-0.08838982,0.18038428,0.020271301,0.09239401,-0.039621513,-0.009672418,-0.14937147,0.051378474,0.061119206,0.24941929,-0.07726579,0.24609068,0.024838708,0.07723351,0.23116957,-0.04782006,-0.08617169,-0.11329959,0.021273967,-0.0976001,0.27995777,-0.08293136,0.08015575,-0.06790058,-0.11212881,0.12632284,-0.1888495,0.2927627,-0.02937924,0.14639416,0.05711957,0.096956074,-0.25575295,-0.025707956,-0.09489016,0.032676402,-0.10275485,0.24882564,-0.01536659,-0.1954472,0.39041042,0.059473723,0.18004407,0.33062217,0.110002756,-0.023576763,-0.13992904,-0.35158822,0.13201629,0.054711007,0.44204924,-0.03777679,0.16275384,-0.06812489,-0.020419978,0.03615044,-0.014449543,0.21536016,-0.1852037,0.17586227,-0.114314556,-0.052340154,0.006945175,0.13509247,-0.11886433,0.24469104,-0.11965437,-0.01842732,0.1512115,-0.011236787,-0.20915624
"(113.95420538297624, 22.59833971000406)",0.23431933,-0.09381436,0.013424683,0.089477606,0.28289357,0.0006374009,0.14089371,0.13215077,0.29423216,0.22064933,0.044259675,0.038196024,-0.113816366,-0.06729545,-0.15054446,0.0301073,-0.090796575,-0.06810891,0.1676885,0.16256519,0.2792263,-0.08727369,0.084095076,-0.12975518,-0.07936497,0.018493775,0.008463256,0.032540202,-0.29820627,0.0045586824,0.015923705,0.06411506,0.29669178,0.19563161,0.11878679,-0.11818879,-0.22162622,0.017750114,0.04245564,0.02458965,-0.30694503,0.14741647,-0.051469624,-0.24853477,-0.15804178,-0.07178758,0.15409955,0.12811288,-0.22570482,-0.1745776,0.021281362,0.07625542,0.04887431,-0.19423804,0.053228594,-0.08396205,-0.14569657,-0.17236918,-0.17625862,-0.24608311,-0.163448,-0.10085216,-0.053021114,0.21752067,0.102225944,-0.25534248,-0.005948484,0.06579618,0.103278205,-0.27188087,0.13741669,0.03209251,0.12648273,0,0.037542425,-0.02250987,0.16622935,0.011384569,-0.37272963,0.1991623,-0.04316709,-0.024304077,0.105165556,-0.15459955,-0.070772976,-0.201592,0.051686943,-0.16269639,-0.18426162,0.14766824,0,0.005346462,-0.09978417,-0.23617645,-0.041937646,-0.043553405,-0.07364984,-0.09275992,-0.14561537,0.062638804,0.20870689,0.15952724,-0.07477896,0.10865505,0.104497135,0.02682481,0.16104724,0.42319375,0.1698656,-0.121732205,0.041918427,-0.121374466,0.17776087,-0.1702061,-0.07446108,-0.04723888,0.23241664,0.19649738,-0.07156143,-0.18204215,0.247074,-0.013773294,0.10469919,0.1713298,0.19114244,0.23886395,0.01199374,0.045949183,-0.016192302,0.5149343,-0.35438702,-0.14065424,0.30934653,-0.035754673,-0.0049220994,0.10612645,0.48574156,-0.16545105,-0.049860906,0.03462775,0.27948877,-0.03503501,-0.11720371,-0.11321301,-0.03351134,-0.33305913,-0.14247471,0.29535994,0.35772973,0.38017544,-0.18573284,0.08249159,0.30831867,-0.036168396,0.10583013,-0.13303642,-0.09936249,0.3653423,-0.07225006,0.22560759,-0.34436485,0.2252076,0.0960309,-0.21458465,0.29994532,-0.07867005,0.29403576,-0.08824785,0.08862159,-0.09086094,0.06973968,-0.068826094,-0.09426278,0.021844663,-0.09838469,0.06458503,0.09471725,0.17470683,0.05848784,-0.2986756,0.33606276,0.057123713,0.094866425,0.058417372,-0.045550086,-0.19379497,0.12529093,0.07701324,0.05980123,0,-0.014850384,0.27662158,0.045359664,0.009237058,0.28498876,-0.16851345,0.037022054,-0.13767308,0.042994298,-0.05282397,0.033353314,-0.052606016,0.04418614,-0.24301189,0.20694876,0.19335692,-0.14378293,0.093980655,0.16092733,0.081248894,-0.19435368,0.17751493,-0.21674636,-0.043616265,0.15880737,-0.10633162,0.034583963,0.11863136,0.036000997,-0.028171428,0.22675738,-0.08884426,0.40699708,-0.203994,0.17316304,-0.09460686,0.37485337,-0.0255124,0.104714885,-0.032507025,-0.03921729,-0.15097214,0.13195506,0.083295345,-0.0385793,0.2828049,-0.029484924,0.20188436,-0.16996892,0.2231257,0.08011458,-0.11739229,-0.11604817,0.100673765,-0.03875879,-0.14653766,-0.05570294,0.008087676,0.06398977,-0.14970897,-0.13749942,-0.27299476,-0.05692886,0.075500995,-0.13820186,-0.051470444,-0.029166996,0.23544052,-0.026157953,-0.07928229,-0.06188831,0.09746333,0.109722614,-0.047715783,0.051029425,-0.054306533,0.18600337,0.10650265,-0.30209526,0,0.03359264,-0.06756591,-0.25857368,0.23890588,0.12941876,0.06468427,0.11291979,0.04918288,0.103251256,-0.17447211,0.18935797,0.29966354,0.08351751,-0.105341345,-0.06718412,0.10525389,-0.03248899,-0.010329712,-0.017410241,-0.068158165,0.0030210651,-0.18183982,-0.30121154,0.06472853,0.16434425,-0.20599622,-0.031105189,-0.21862072,0.16269511,0.094885096,0.11820552,0.08659844,0.1451996,0.022937521,0.15677944,-0.10398227,-0.11273338,0.27830082,0.097376704,0.3112168,0.16245101,0.28433773,0.059602983,0.038680654,-0.29519078,-0.025545873,-0.38877547,-0.124571644,-0.061841693,-0.21796536,0.25302827,-0.012939896,0.18339427,-0.16867295,0.10222676,0.30932295,-0.11019456,0.20818874,0.017628027,0.056815,-0.028565783,-0.24774428,0.11505069,-0.1310669,0.0108757615,-0.11529828,0.14883727,0.07430687,0.15975696,0.029481772,0.13603519,0.11171866,0.3226782,-0.10576449,0.32530525,-0.08731482,-0.14296986,0.04782955,-0.17601871,0.1051418,0.05623683,0.10955311,0.011183612,0.31120396,-0.21083796,0.37818074,-0.065787695,-0.19737254,-0.016642816,-0.13980864,0.103052825,-0.00022048317,0.06264332,0.1944291,0.112938374,0.071347944,-0.11288007,0.15654059,-0.21560122,-0.21623121,0.10628637,-0.12768385,-0.031192716,0.45527336,-0.15094793,-0.037642345,0.17608617,-0.10660072,0.0629344,0.0846764,-0.21970318,0.11373687,0.021752317,0.50670856,-0.07645205,0.2836686,-0.04445695,0.061099023,-0.16808334,0.06517103,0.12813947,0.043925114,0.055917248,-0.050893478,-0.005668454,0.1526606,0.120409235,0.110583425,0.21112739,-0.037457164,0.06994404,0.16456464,-0.06466407,-0.078768104
"(113.95435079302445, 22.688773143132995)",-0.021974154,-0.03268618,-0.15950046,0.061015084,0.15993641,0.028248426,0.016840324,0.096948534,0.11005311,0.12995747,0.051484056,-0.059764687,-0.4115836,0.028678484,-0.09282852,-0.055132363,-0.054431215,-0.10300983,-0.004721675,-0.29126546,-0.16502297,0.07573862,0.08183781,-0.14629105,0.11784613,-0.14155836,0.007987417,-0.06381175,0.030030582,0.008803308,0.10623036,0.008738503,-0.32994884,0.14755309,0.11887143,0.14373164,0.21127805,-0.34182662,-0.023980323,0.06642894,0.20474574,0.0126471,-0.11068964,0.03126178,0.12198608,0.013466837,-0.04123275,-0.070466906,0.0350272,0.08504306,-0.09892887,0.11586465,-0.058703717,0.21414869,0.22339928,0.15183789,0.12006627,-0.020249002,0.23629667,-0.34351853,-0.1883684,-0.04577325,0.13118875,0.05956477,0.04213061,-0.14407915,0.3042103,-0.0487919,0.06874436,-0.053030785,-0.15541226,0.2513853,0.07767057,0,-0.14291279,-0.17478688,0.15175925,0.06278754,-0.04151775,0.1016761,0.14207119,-0.0128952265,0.12710206,-0.21876398,-0.050743584,0.11459805,0.08900753,-0.17194706,-0.10939308,-0.010380112,0,0.18049273,0.1167103,0.102102794,-0.086470895,-0.10637172,-0.12402973,0.15179674,-0.01575551,0.2458558,0.023824394,-0.13896936,0.005463127,0.03192357,-0.2139607,0.13253279,0.053255156,0.15622526,0.07006279,0.23749354,0.11843153,-0.21913269,-0.04120019,0.19443113,-0.04025665,0.29956028,0.20841606,0.302451,0.0724932,0.13237031,0.36783606,0.26246595,0.1758613,0.15261325,-0.0370968,0.10073525,-0.18254372,0.05265495,0.119879425,0.11035194,-0.12620604,-0.104502834,0.14994574,-0.047275484,-0.022901565,-0.024772944,0.09970268,0.1884614,0.20402385,0.19481993,-0.037474144,0.0131978225,0.21746841,0.16080096,0.19000742,-0.24725094,-0.057955645,-0.2867254,-0.051312275,0.3317817,-0.08529805,-0.07578776,0.18077736,-0.034570947,0.34279642,0.17815496,0.12735392,0.06294096,0.16149977,0.20630093,-0.14057848,0.2338809,0.23192425,0.12037115,0.20407805,0.04159309,-0.036333755,0.42948943,-0.11997223,-0.14079906,0.106961854,0.034898132,0.12512088,0.06478798,-0.05413845,-0.043974347,0.04742019,0.0153715005,-0.12808365,0.16221091,0.08400815,-0.06883899,0.01195642,0.1925166,0.17692584,-0.14627723,0.091446064,0.08342971,0.18072274,0,0.012359098,-0.20231292,0.1907864,0.03366107,-0.09592236,0.25690246,0.19807716,0.20038158,0.09999025,-0.07853231,-0.1845534,0.00921613,0.034754653,-0.07988304,-0.20214118,0.031015784,0.25806198,0.05209002,0.2054455,0.084293954,0.120724276,0.123409115,0.19558638,0.24325068,0.43794072,0.21915548,0.17028752,-0.0698738,0.13582891,-0.2628827,-0.1559633,0.131963,0.27610922,0.058797475,0.07647374,0.15710028,-0.15322684,0.023363858,-0.019420095,0.07851069,0.0029653944,0.21443734,-0.27628058,-0.0776535,-0.009733193,-0.17884138,0.026795756,-0.046273313,-0.11431809,0.24484414,0.26926267,-0.045678347,0.03778544,-0.05216922,-0.07320872,0.27843747,-0.3669454,0.11311549,-0.24821573,0.28460625,-0.18266231,-0.014692098,-0.07920034,0.21875492,0.11135115,0.13771829,0.18601957,0.016392687,0.18592058,0.005110584,-0.037419163,0.102272205,0.20183311,0.09062173,0.012497243,0.073940784,-0.14176449,0.028260112,0.12777057,0,0.02172365,0.03879288,-0.053218264,0.20611656,-0.21607757,0.07211471,0.21956189,0.22460361,-0.021944903,-0.19028732,0.034156162,0.039694507,0.112360746,-0.058121413,-0.22366719,0.04901221,-0.054046694,0.07403734,0.15851489,-0.010318106,0.02618615,-0.14279386,0.3128671,0.34898812,-0.20342547,0.029878033,0.001343267,-0.19551237,-0.025341662,0.024071291,-0.05136241,0.18044189,0.16471213,-0.012587264,0.20295995,0.21035598,-0.00026298687,-0.08728678,0.30672202,-0.058527745,0.023478758,0.012686152,0.23918009,0.2944925,-0.013011575,-0.2646194,0.075632736,0.12792523,-0.0024656989,-0.015961222,-0.19683282,-0.0024195425,0.06615497,-0.00034523755,-0.09207224,0.06265133,0.36600658,0.028539777,-0.13508628,0.05647534,9.576604e-05,0.204095,-0.19279706,-0.031888045,-0.025666907,0.060034715,0.09952611,0.16111542,0.06171959,-0.25435624,0.0795465,-0.04749935,0.06789813,-0.049441263,0.13379307,-0.01327683,-0.07598196,0.11608721,-0.15034944,0.036042336,-0.1044229,0.056047376,-0.002961889,-0.08134233,-0.16992554,-0.14038828,-0.09279458,-0.023812901,0.13464445,-0.15271749,-0.10429143,0.1572785,-0.057093695,0.12263296,-0.00025395304,0.0502007,-0.20870224,-0.10179353,-0.07348109,-0.19157988,0.06191858,-0.097019546,-0.064455986,0.123474926,-0.240453,-0.2019286,0.2768995,0.19922914,0.091991425,-0.06630224,-0.039415825,0.31394506,0.059569143,0.12801781,0.36228535,0.027246643,0.23809539,-0.3295716,0.22157177,-0.20314398,0.30007192,0.089231044,-0.04649158,0.03860055,-0.029840551,0.07945552,0.40981254,0.07715594,0.240482,0.22979195,0.09492844,0.09149696,0.03192957,-0.052429333
"(113.95478520081724, 22.58313684079841)",0.20654494,-0.06296621,-0.023199685,0.14374033,0.31812748,0.046542022,0.2984485,0.11241439,0.25537544,0.27323407,0.011115037,0.064039394,0.06251739,-0.00983876,-0.029414356,-0.007325083,-0.101728335,-0.12391543,0.10523127,0.13497543,0.09637075,-0.07794323,0.025651447,-0.12932216,-0.04562546,-0.043227524,-0.14098243,0.108400054,-0.1869822,0.12517413,0.05677326,0.0804734,-0.013844393,0.12045922,0.07648101,0.0027339514,-0.20482674,0.06982781,0.040407043,0.050751574,-0.16706699,0.013425089,-0.04768364,-0.10257446,-0.026185282,-0.119324915,0.10956626,0.09561974,-0.06863859,-0.20435618,-0.041770846,0.062003523,0.0071955845,-0.07144934,0.09531612,0.04889011,-0.011425509,-0.100310124,-0.071898,-0.14747378,-0.20116849,-0.10591072,-0.093928024,0.1995772,0.028797599,-0.053754814,-0.0011398569,0.06794377,0.0002422966,-0.15240614,0.02286522,0.08851907,0.057728626,0,-0.0851577,-0.027333956,0.19072871,0.065481864,-0.18162261,0.1853095,0.04928219,-0.08455403,0.07593426,-0.12203817,-0.015907567,0.026563153,0.08447842,-0.3244144,-0.10350063,0.14430033,0,0.01159066,-0.11125829,-0.2200119,-0.047126643,-0.26244944,-0.03514175,0.009949833,-0.08744366,-0.05689862,0.10238083,0.031256005,-0.03546043,0.16324155,0.03922525,0.069774255,0.08282654,0.31203875,0.10211644,-0.010669157,-0.07610267,-0.1142234,0.12757403,-0.0697098,0.075176604,-0.10830169,0.40157157,0.23622966,0.06341616,-0.0061603915,0.14395775,0.03197256,0.1881771,0.18227212,0.0592478,0.16033192,-0.029877137,0.024670955,0.08211354,0.44520426,-0.21582833,-0.042770468,0.02197171,0.01256239,-0.02016852,0.15427431,0.25272045,-0.10270463,0.1194828,0.03122772,0.060439978,-0.039600212,-0.13017562,0.0015349314,-0.010695532,-0.2240533,-0.15629272,0.21019463,0.10646336,0.2835243,0.06268658,0.089934185,-0.039797112,-0.029149115,-0.021456476,-0.13221139,0.029810786,0.1974613,0.07180298,0.28706366,-0.24340561,0.037824124,0.12832281,-0.06462607,0.24284618,0.010801224,0.024144655,0.119694114,-0.011934578,0.04674051,0.021874042,0.14764021,-0.0013817698,0.14978981,-0.021858387,-0.0030388273,0.12510513,0.068954244,0.027100213,-0.077153064,0.13111524,0.084532164,0.060592953,0.15384069,-0.08932031,-0.08910109,0.15232813,-0.016935786,0.020564452,0,0.052444916,0.23571378,-0.06334697,-0.04645574,0.026920296,-0.107983515,-0.01825802,-0.078116216,-0.093614995,-0.041619398,-0.118184164,-0.0072574317,0.06434711,-0.24870996,0.07189083,0.07112943,-0.05998163,0.15094103,0.042803295,0.013731407,-0.20909287,0.18797977,-0.14981738,0.07342258,0.296833,0.048367955,0.040479615,-0.0032728538,0.030006096,0.009583361,0.10892327,-0.010558998,0.1783271,-0.13771042,0.031141806,0.048163906,0.17129615,-0.08816991,0.09476936,-0.07013445,0.029434804,-0.12172082,0.07881295,-0.07249342,-0.20841701,0.23099257,-0.031032797,0.024685055,-0.0044439286,0.04733067,0.06698029,-0.14025226,-0.061898172,-0.054737583,-0.08480595,0.009385094,-0.17036033,0.0055061467,0.07132079,0.05718621,-0.029073998,-0.2066372,-0.057305783,0.08400903,-0.054581605,-0.09858226,-0.0140398145,0.26177135,0.0063140914,0.06493514,-0.08094129,0.026285209,0.1763045,-0.0791849,-0.06405975,-0.020844635,-0.044499025,0.18669114,-0.17766024,0,0.009573124,0.018401915,-0.112378515,0.12986113,0.10670292,0.109374516,0.12826218,-0.061980437,0.09595204,-0.11675811,0.15859208,0.19223008,-0.0071436986,-0.08855572,-0.22228427,0.02237967,0.08999062,-0.055435367,-0.16004051,0.03731937,0.033315737,-0.13554455,-0.070694536,0.13223764,0.016332686,-0.12929893,-0.15652107,-0.15183887,0.08603078,0.019991409,0.04947841,0.18580209,0.15703034,0.04870072,0.21740815,-0.03603763,-0.058566894,0.093172505,0.20052461,0.22649315,0.07641901,0.043412652,0.12276234,-0.07174192,-0.09157726,-0.052655675,-0.32781756,0.052452058,0.08041617,-0.06991808,0.038801275,0.04206584,0.15223987,-0.23080501,0.15127212,0.2846759,-0.07570288,0.16627383,0.081759684,0.14418693,-0.115085095,-0.19521286,0.0677487,-0.07301532,0.18943954,-0.08033948,0.121440664,0.034032773,0.06471536,-0.09317282,0.07378813,0.106075235,0.24967945,-0.15146136,0.2055643,-0.007492274,0.04707395,0.19399346,-0.087750465,0.003972467,-0.08370733,0.06253438,-0.09110981,0.24969989,-0.11154661,0.124827765,-0.07072223,-0.08229072,0.042481817,-0.12418841,0.24037012,-0.05288192,0.06330578,0.12345857,0.10185068,-0.1279449,-0.08672341,-0.05476297,-0.050505053,-0.13849342,0.22419468,-0.053475924,-0.16897699,0.41529536,-0.023750538,0.11093143,0.28401345,0.01445638,-0.021138187,-0.061555382,-0.2796699,0.11391771,-0.004756227,0.40180525,0.0032637045,0.2063777,-0.08261863,-0.06506611,-0.04217726,0.02306135,0.25317597,-0.12566519,0.08510491,-0.100003295,-0.052617848,-0.03382249,0.13636664,-0.06896828,0.2696518,-0.10289127,0.023939725,0.15913409,0.0039979927,-0.17115146
"(113.95657587329188, 22.5352395849677)",0.052743863,-0.019525697,-0.048366137,-0.026335815,0.11245859,0.19158775,-0.122234926,0.045532092,0.17419511,0.15160413,-0.012277171,-0.12017879,-0.16137111,0.06036841,-0.17379743,-0.037207596,0.077403024,0.051932253,0.1450767,0.032441426,0.058577992,0.009812196,-0.041273497,0.02223666,0.08381352,0.010328084,0.011213221,-0.039473586,-0.118264675,-0.027162462,0.034716845,-0.03399588,0.24619824,-0.0042492654,0.06406768,0.0021437947,0.01999041,-0.11604862,-0.13534494,-0.01948464,-0.053681098,0.14570284,-0.23228456,-0.06473533,-0.06284342,-0.070523314,0.113082275,-0.01983245,-0.15868533,0.035888582,-0.07312244,0.08842617,-0.003340993,0.068370044,-0.049165346,-0.11426903,-0.084155545,0.18540215,0.041062687,-0.17814043,-0.092389524,-0.038309164,0.10787493,0.04441975,0.071876556,-0.13944986,0.034820665,0.081898674,0.077205,-0.17378722,-0.054558262,0.1874493,0.094064295,0,-0.16314949,-0.05759057,0.09518115,0.026084147,-0.0982403,0.038335763,0.15329292,0.021814555,0.042957034,-0.23672594,0.003422048,-0.13538958,0.01304882,-0.09153698,-0.18498611,-0.012382746,0,-0.098787345,-0.009110533,-0.017021945,-0.07958315,0.054787334,-0.044956166,0.15426631,0.08689415,0.015271205,0.21174106,-0.02708736,-0.04985955,-0.015972905,-0.054322496,-0.039086103,0.10465258,0.20912515,0.08135066,-0.020621225,0.038095605,-0.06741337,-0.02444499,0.074079245,-0.18514928,0.2357507,0.04582265,0.18125045,-0.04657284,-0.09545931,0.2887557,0.16761458,0.07722384,0.19611593,0.009042049,-0.034962624,0.0075803585,0.031386327,0.046693124,0.15238829,-0.18240345,-0.13127436,0.16769779,-0.09007772,0.011633426,0.09134373,0.15646425,0.07543129,-0.08677843,-0.05224549,0.16797507,0.07175857,0.062284693,-0.050315447,-0.05557712,-0.2948097,-0.029157283,0.014351156,0.28083396,0.27758777,0.002400566,0.057856604,0.1415644,0.106107935,0.37050262,-0.10832739,0.053822145,0.042063862,0.030590601,0.1440671,-0.21815589,0.28531584,0.1738103,-0.03713906,0.09862873,-0.019421576,0.14350201,0.18238573,-0.093013,-0.19120681,0.02483466,0.04787019,-0.15711167,-0.0063029975,-0.18873851,-0.03716346,0.1343502,-0.029722076,-0.06514909,-0.052547798,0.11530945,0.081552126,0.06328978,0.061776977,0.18291447,-0.2221812,-0.002951473,0.026296256,0.0087888315,0,0.014246441,-0.05145067,0.13884076,0.09515204,0.024887674,0.0887995,0.027539894,0.14815795,0.11342321,-0.11546766,0.04255414,-0.022192657,-0.026587535,0.04032591,0.073897675,-0.03200908,-0.0025241375,0.08714999,0.21668941,0.06726025,-0.03808604,-0.034207433,0.01687032,0.20252982,0.07856306,-0.104177535,0.027376195,0.036755085,-0.059523426,-0.18337482,-0.052611824,-0.11493867,0.23638584,0.11942917,0.043573607,-0.0020183362,0.23088667,0.14515069,0.08568334,0.040237527,0.08679362,-0.09809237,-0.054390315,0.19494031,0.01668641,-0.05411899,-0.09393023,0.083342925,-0.17067982,0.19250876,0.0006717816,-0.07805736,0.05617179,0.07656266,0.017550375,-0.02052974,-0.21112892,0.025143083,-0.09891664,-0.21156149,-0.19417697,-0.15634443,-0.14576332,0.10250288,-0.062871195,-0.015090413,0.12914953,0.07028465,-0.019679204,-0.16053516,-0.06169279,0.15806574,0.062886134,-0.0067488626,0.041133594,-0.06461488,0.12725583,0.07055813,0.016826779,0,0.07753872,-0.009767225,-0.10866938,0.008013666,0.068278715,0.13122264,0.047436673,0.026190046,0.09633938,-0.15270591,0.057834435,0.08735525,0.12228089,-0.029180065,0.084882736,0.041350055,-0.09261549,0.046773646,0.0036436617,0.029396066,-0.10069177,-0.1504602,-0.18808064,0.30636483,0.115861334,0.049911737,0.10328029,-0.1927811,0.07973535,0.08858776,0.06746459,0.02769237,-0.014972147,0.16207513,0.25795752,-0.028311672,-0.14150989,-0.05629079,0.12911794,0.09545141,-0.073470786,0.25324577,0.06482841,0.2482387,-0.031811044,-0.07032172,-0.00871022,-0.136419,-0.07872522,-0.14753991,-0.050741687,-0.025366161,0.2728057,-0.06423008,-0.0015295073,0.2778027,0.2979589,-0.04080668,-0.10509598,0.114053786,-0.099159285,0.12796573,-0.033808976,-0.011352321,-0.0693186,-0.102555834,0.15768626,0.18513356,0.112690635,-0.0178512,0.20792773,-0.036564507,0.1018801,-0.018880399,0.085275546,-0.00881885,-0.26079187,0.12156438,-0.15939683,0.10798125,0.07741429,0.0739124,0.17009686,-0.013592958,-0.050398327,0.16353264,-0.012884185,-0.12862177,-0.047092132,-0.30480796,-0.0112582445,-0.0040987935,-0.016024964,0.071725525,-0.07792436,0.030181259,-0.03205114,0.21615519,-0.12897812,-0.3057356,-0.12986642,-0.060314067,-0.006248275,0.32183108,-0.15900813,-0.3180495,0.14426051,0.15328297,0.020846296,0.10914545,0.029307377,0.14719817,0.032080837,0.4023665,0.006196685,0.1694424,0.24482195,-0.12049574,-0.04644701,-0.11730009,0.17326047,0.021421373,-0.20659456,-0.108321235,0.18109244,0.10873324,0.18789327,0.2878483,0.12080589,0.107289135,0.0016747974,0.031639934,0.07642186,0.0614411
"(113.9572558961967, 22.558265974384025)",0.010704186,-0.09417169,0.00046303123,-0.039954983,0.17439993,0.36204323,-0.19351138,0.048997022,0.3033089,0.12946048,-0.0195303,-0.20048639,0.040071473,0.16828614,-0.14010626,-0.16235036,0.0799239,0.025680192,0.36437413,0.15868837,0.4277079,0.10766135,-0.0015441403,-0.14464429,-0.023937155,0.018813048,0.15808094,0.0045490665,-0.107172385,-0.14949805,-0.016715202,-0.13944617,0.59343565,0.19425651,-0.033114962,-0.014836194,-0.05573421,0.0048768893,-0.045280237,-0.15794756,-0.28838673,-0.059726678,-0.23983803,-0.026302233,-0.21295679,-0.26943153,0.19905704,0.11158925,-0.33768523,-0.045248598,0.055244163,0.009285433,0.098311596,-0.036102787,-0.32350153,-0.43817493,-0.27195814,0.22064531,-0.020031244,-0.19842777,-0.06513649,-0.05027499,-0.061408635,0.19681285,0.08875696,-0.24828348,-0.052874193,0.21886685,0.06021472,-0.19172956,-0.024850428,0.059621356,0.15692961,0,-0.022014162,0.014823195,-0.097989246,-0.06911593,-0.30614802,0.18537745,0.06860426,0.049696557,-0.109730795,-0.2122301,-0.036420744,-0.4930319,0.032724388,0.0031072348,-0.3919755,-0.063838206,0,-0.3440911,-0.046059407,-0.28421155,-0.14415243,0.46298587,-0.054872002,0.0058978945,-0.0006096866,0.053892586,0.5489007,0.10136414,-0.04944924,-0.178739,-0.08069846,-0.07888338,0.12356524,0.28074008,0.08771717,-0.21824113,0.019511558,-0.15959479,-0.050159447,-0.02574522,-0.12250676,0.16870481,-0.077212684,0.08834683,-0.06536405,-0.26382405,0.3720879,0.2265782,0.09545734,0.32521874,0.10848362,-0.037602156,0.10131581,0.002294965,0.015263058,0.14164516,-0.112521335,-0.068158604,0.30625513,-0.043452136,0.03277959,0.34102586,0.10669433,-0.05185536,-0.36968285,0.05393473,0.27501348,0.012754589,-0.1891062,-0.20686713,-0.13703302,-0.5744157,0.03843624,-0.048683252,0.5080289,0.34274024,-0.28145766,0.044539228,0.17137311,-0.019644395,0.19147949,-0.46392524,-0.17631215,0.048010744,-0.10795855,0.1000312,-0.43400398,0.41822127,0.19194421,-0.048987392,0.15561053,0.1335244,0.26427197,-0.03506747,0.012572557,-0.31814003,0.0026698988,-0.14443778,-0.583313,-0.08597672,-0.40136176,-0.2296041,0.0717469,0.004552397,-0.04215046,-0.27015263,0.099585846,0.15436935,-0.02041851,-0.08454624,0.040149607,-0.30789587,-0.050451465,-0.033482395,-0.15338652,0,-0.041139215,0.008581266,0.18734105,0.16289271,0.081146725,-0.12927572,-0.27794218,0.021144636,-0.01703355,-0.30862442,0.33789477,0.08391802,0.0033560893,0.08861829,0.21201625,-0.0043999404,-0.15996434,0.018745452,0.32421693,0.022653548,-0.01791887,-0.21493897,-0.06455043,0.11623726,0.02079419,-0.31763947,-0.06593441,0.22122696,-0.12800553,-0.14834653,0.041586526,-0.4167653,0.22926342,-0.03941757,0.17799224,-0.13501804,0.4766484,0.04540079,0.125114,-0.018799148,-0.10596529,-0.2054011,0.026769452,0.26399666,0.09292047,0.06195642,-0.22218105,0.27945447,-0.2560202,0.19826168,-0.36916378,-0.17989431,-0.050655678,0.23089238,-0.14352202,-0.2678038,0.0025756657,-0.08196364,-0.04230421,-0.7098381,-0.25709093,-0.14071175,-0.06847794,-0.015307317,-0.2688266,-0.049319975,-0.027164228,0.18918908,-0.03208433,-0.34891933,-0.07242959,0.013919748,0.091965094,-0.01749155,0.20289129,-0.051886685,0.39085975,0.0625045,0.049184702,0,-0.06449414,0.104194924,-0.13382882,0.020195752,0.04731869,0.06070657,0.015974838,-0.027110007,0.31426916,-0.25787133,0.071065605,0.17579186,0.120224394,-0.057211965,0.31599775,-0.036310315,-0.21512668,0.00175054,0.01518026,0.018752964,-0.18340713,-0.2822286,-0.5420737,0.1861249,0.25295365,0.08616265,0.31543604,-0.39483052,0.20364471,0.040590063,0.19108471,-0.048132107,-0.12639984,-0.06976469,0.31923804,0.021754144,-0.30071196,0.014912903,0.07977846,0.055408135,-0.15207322,0.38416165,0.034279983,0.21634099,-0.11212422,-0.12401848,-0.2115883,-0.26270518,-0.3061895,-0.1793162,0.04657968,-0.04685547,0.51462,-0.19476059,-0.11656638,0.34143162,0.22156554,0.18891045,-0.21292602,-0.10238004,0.16767536,0.044415586,0.1524109,0.06908845,-0.21903557,-0.102824576,0.15832484,0.10132688,0.024887733,0.24733736,0.15104422,-0.02126793,0.15727554,-0.08862746,0.27588382,-0.12581833,-0.45047364,0.18052523,-0.1868693,0.280057,0.30631667,0.19363752,0.023847044,0.033840716,-0.15004906,0.40186122,-6.2800944e-05,-0.44601172,-0.1376943,-0.25559747,-0.09702488,-0.05352986,0.124471664,0.039108366,-0.22577277,0.20153311,-0.03651777,0.2799138,-0.2192299,-0.36891294,-0.19646692,-0.23675385,0.0059498083,0.43864316,-0.04676091,-0.31305212,0.10914381,0.09358455,0.0893884,0.22226879,0.0367569,0.13092913,0.09102335,0.50441384,-0.29045212,0.37060764,0.25983804,0.19716728,-0.35602716,-0.17946261,0.11233663,-0.039028026,-0.29416883,-0.17118746,0.32500005,0.06832738,0.008154885,0.37252754,0.14956504,0.03694889,0.037085142,-0.18599823,0.18138728,-0.04655212
"(113.96098820282413, 22.70179586285857)",-0.12186629,-0.096181184,-0.11053598,0.045193367,0.39991337,0.36272624,-0.03456919,0.14370325,0.31885013,0.1400299,0.07297797,-0.32693434,-0.15985563,0.074410446,0.09609591,-0.12687932,-0.021563172,-0.18153214,0.027872017,-0.36265963,-0.08332723,0.11247105,0.083432324,-0.41169658,0.099500954,-0.094977915,0.058513835,0.05242259,-0.014924295,-0.01591263,0.048405282,-0.07568087,0.012878455,0.12223017,0.026315816,0.17716256,0.11120525,-0.40733284,0.028306749,-0.09356994,0.12000101,-0.26898977,-0.17114228,0.0018471852,0.080720775,-0.14891912,-0.13270018,0.019246299,-0.061109964,0.110637665,0.04734367,0.14104582,-0.058312368,0.22541639,0.099541895,-0.12314275,0.0050809877,0.09732828,0.24829751,-0.24900576,-0.077169955,-0.0044411886,-0.034119263,0.1103712,0.08488552,-0.21364796,0.29135308,0.102821484,0.0828457,0.07951176,-0.14577094,0.20292592,0.113647446,0,0.002303416,-0.11942001,-0.0288654,0.010624021,-0.13668296,0.04491446,0.07185221,0.018294223,-0.07204299,-0.14335698,-0.042687286,0.023656331,0.068049744,-0.104733504,-0.20312816,0.010605276,0,-0.085503764,0.12468919,-0.29705533,-0.25523648,0.09723893,-0.0887121,0.13361706,-0.0071309414,0.2307869,0.21241665,-0.20732832,-0.081563145,-0.17483337,-0.24502158,0.13849571,-0.0132581,0.20586401,0.08534202,0.29680103,0.102176115,-0.19316651,-0.15410265,0.24293756,-0.111136794,0.11142821,0.05757059,0.22535804,0.17589146,-0.048206434,0.24391972,0.30707258,0.10243979,0.3194209,-0.05968591,0.059440643,-0.0038278736,0.037004158,0.08166917,-0.041996337,0.009267462,-0.07155584,0.08676822,-0.15927538,0.018168628,0.20409311,-0.08382399,0.01646601,0.08676462,0.31079754,0.11700401,0.10690871,-0.08498083,0.06781485,0.014017999,-0.41517267,-0.018206796,-0.23586178,0.060218498,0.17906101,-0.29396412,-0.11013456,0.15299153,-0.021894224,0.08693056,-0.23682016,-0.14000776,-0.016495295,-0.05817636,0.08977845,-0.16267869,0.21234861,0.39398223,0.27265894,0.21969704,0.38580462,-0.01997404,0.31136042,0.07035929,-0.20613012,0.08266928,-0.113925084,-0.1961047,-0.00318034,-0.16392876,-0.14120993,-0.083883524,0.030365612,-0.052062668,0.15309966,-0.15950955,-0.059451498,-0.001745116,0.16983287,0.005489528,0.024832044,-0.03003075,-0.017662125,0.058733925,0,0.113553226,-0.23762724,0.16788346,0.108488925,-0.16849001,0.24264494,-0.13814195,0.119675376,0.17330004,-0.14179881,-0.009632247,0.11387344,0.09051817,0.01276323,-0.116509736,-0.08115728,0.18134798,-0.1567291,0.2667373,0.09418943,0.075050965,0.060703486,0.089361146,0.18790989,0.61183363,0.15499642,0.14783803,-0.12917328,0.18035947,-0.24111114,-0.09305079,-0.019182352,0.09761354,-0.013934363,0.1790315,0.044521913,-0.15112346,-0.08022482,0.0048919693,0.15222952,-0.0017764084,0.33500198,-0.35924047,0.115138024,-0.099875525,-0.33440876,-0.095971614,0.048916593,-0.06605618,0.06318758,0.07385463,-0.013619242,-0.0023790356,0.18046711,-0.2720622,-0.07173011,-0.4556883,-0.048740696,-0.21671626,-0.09726004,-0.16039273,-0.023780756,-0.007151082,0.1692962,-0.11041079,0.14497308,0.13162053,0.26336575,0.14119722,0.032170884,-0.17842951,-0.13961327,0.14000644,0.0358079,0.030366432,0.17149928,0.100464314,0.18843913,0.279102,0,-0.02573895,0.1420694,-0.13064492,0.2177448,-0.2246255,0.06929024,0.20749529,-0.10828394,0.11504484,-0.24082124,0.16121277,0.11804218,0.2155639,0.10856837,-0.17715673,-0.0693244,-0.3388957,0.0857338,-0.05629023,0.12802763,0.032077707,-0.41447693,0.24817039,0.38654926,-0.15390772,0.32654265,0.08478853,-0.24078262,0.0683353,-0.017784873,-0.19083337,-0.03009303,0.0998226,-0.05616658,0.49418753,0.19655602,-0.037621547,-0.27537486,0.4328874,-0.13323662,-0.14984243,0.09253962,0.20336771,0.13940099,0.048815995,-0.27246657,0.058558434,-0.0033432618,-0.20408444,-0.014336154,-0.34630042,0.033311106,0.18398826,-0.15461203,-0.26601484,0.21832491,0.32249302,0.18578416,-0.047782525,-0.10434684,0.14087097,0.08746391,0.05123674,0.049478143,-0.13047203,0.16257751,0.0068906434,0.118177906,-0.08169967,-0.12241942,0.009054966,-0.10587855,0.15414155,-0.07761604,0.24862558,-0.061385736,-0.20828755,0.24293207,-0.05623161,0.04002632,-0.02404805,0.05637596,-0.094584495,0.009020705,-0.25673398,-0.012146064,-0.08923897,-0.17422324,0.17549285,-0.19327518,-0.13998958,0.15192023,0.23741336,0.06548862,-0.1423364,0.037707657,-0.17222324,-0.15457742,-0.006002304,-0.22080758,0.08067531,-0.10995106,-0.26548573,0.22530907,-0.10709422,-0.071166635,0.31933632,0.30448848,0.096629664,-0.09935568,-0.19502492,0.2972365,0.20748177,0.32884687,0.09902507,0.07059781,0.26478687,-0.08907944,0.038984105,-0.23768143,0.2590975,-0.05811864,0.032986745,-0.0071208775,-0.019115932,0.09683824,0.21611229,0.09215947,0.23552173,0.15599637,0.006257534,0.015351359,0.21900329,-0.042460598
"(113.9615496029532, 22.56452028764668)",0.059814364,-0.12998387,0.019607943,-0.041291017,0.15330148,0.3288082,-0.20502396,0.050164238,0.3485501,0.096527785,-0.014642034,-0.21412492,0.067542985,0.1852231,-0.1471539,-0.15288381,0.041468024,-0.015461445,0.39734453,0.13153596,0.5286425,0.0989705,0.055985555,-0.15633005,-0.07041833,0.010171663,0.19723901,-0.019823167,-0.0739622,-0.15872937,-0.017452683,-0.12774588,0.60915065,0.2785118,-0.044934288,-0.01618973,-0.054401703,0.049860403,-0.027097274,-0.14091986,-0.30796123,-0.09925877,-0.19764617,-0.054479983,-0.22840014,-0.2801924,0.20880331,0.17123254,-0.35832945,-0.08617519,0.08007419,-0.01728285,0.12590493,-0.064834684,-0.3008404,-0.4877955,-0.29961997,0.15902764,-0.07716183,-0.16908088,-0.045698073,-0.045274947,-0.0738069,0.2709598,0.097583786,-0.27689436,-0.032276645,0.22500858,0.052035116,-0.22199197,0.0033478811,-0.0046990644,0.16654602,0,0.05526223,0.061131332,-0.08763251,-0.055254325,-0.34665158,0.19620126,-3.163889e-05,0.04428474,-0.15272339,-0.13706975,-0.048196424,-0.57792556,0.008625731,0.042343818,-0.3638612,-0.053098448,0,-0.33036792,-0.03430207,-0.3370842,-0.13818055,0.51449454,-0.048097722,-0.023104295,-0.046253256,0.07835472,0.5495533,0.16611063,-0.096772686,-0.18404415,-0.11116227,-0.06439854,0.104092285,0.2688793,0.08012172,-0.25449157,0.015696224,-0.1728757,0.015729837,-0.03824365,-0.08631757,0.10811312,-0.11688618,0.015086549,-0.09572461,-0.25968823,0.34164536,0.20742866,0.070456445,0.26785773,0.16108853,0.016845398,0.09523812,0.0039103087,0.0018010065,0.17815393,-0.062408004,-0.038018234,0.3922873,0.001267463,0.094112806,0.3475896,0.122174166,-0.0919234,-0.38757288,0.08679961,0.26369905,-0.017115839,-0.24579757,-0.20324174,-0.12286966,-0.55712634,0.045988157,-0.0077516846,0.5075351,0.33948925,-0.35298437,0.010373052,0.24146202,-0.042252645,0.15013255,-0.5120299,-0.2571789,0.11083906,-0.17799523,0.07551052,-0.4086349,0.3970839,0.23396502,-0.049845885,0.20434116,0.11767552,0.3384622,-0.13931952,0.11464359,-0.29457563,0.0072864946,-0.19821288,-0.5644721,-0.12111497,-0.36596054,-0.21321514,0.043030635,0.020418765,-0.017647706,-0.3539942,0.10836336,0.14198256,-0.031653788,-0.13361003,-0.0035177693,-0.28703704,-0.073095985,-0.024089335,-0.22633198,0,-0.05581384,0.08772852,0.18026863,0.13939205,0.14723557,-0.20389982,-0.3099823,-0.066405825,-0.054899458,-0.28594515,0.40166894,0.09361835,0.012643354,0.094300784,0.29905373,0.062733635,-0.1671059,0.024865791,0.29108307,-0.00094810035,0.006395772,-0.20960811,-0.120022565,0.07288996,0.047056124,-0.31508106,-0.086403266,0.25219002,-0.16139972,-0.10731006,0.097185984,-0.4455875,0.2383344,-0.118216276,0.20327897,-0.15133215,0.48197728,0.07817146,0.113352686,-0.040322684,-0.123026475,-0.21628383,0.050424423,0.25212014,0.06302136,0.08809544,-0.21040589,0.32779726,-0.23617922,0.22472164,-0.34308258,-0.16641015,-0.08523313,0.22810759,-0.13247788,-0.32085028,0.11085567,-0.09020941,0.014763527,-0.75171727,-0.23234168,-0.1472537,0.0018581599,-0.07185585,-0.30325496,-0.051667057,-0.07326811,0.14807165,0.004340254,-0.32661352,-0.07709485,-0.0043386295,0.08501804,-0.03217563,0.23742454,-0.08766307,0.43439716,0.046012446,0.018624008,0,-0.07908759,0.1428218,-0.1402389,0.05528547,0.07260642,0.00024800003,0.015589196,-0.015051372,0.3125629,-0.22528982,0.06474721,0.20724489,0.065449014,-0.08653247,0.32506773,-0.02290558,-0.20670472,-0.0008991398,-0.01381579,-0.013344316,-0.16663711,-0.31952602,-0.5993044,0.19577679,0.2440907,0.04918629,0.36690962,-0.41195008,0.2536132,0.027169228,0.25441012,-0.0952016,-0.10868299,-0.13703802,0.2464107,0.03731578,-0.32782587,0.09498444,0.042394508,0.03673689,-0.10426484,0.3659054,-0.0067639574,0.17786393,-0.13900161,-0.118797645,-0.22085425,-0.25547475,-0.33819696,-0.19094354,0.1441023,-0.049216498,0.48895055,-0.1871129,-0.15834326,0.31592944,0.18115896,0.21098132,-0.17952307,-0.16270252,0.21593092,-0.019583052,0.22551078,0.030885106,-0.26333365,-0.09142249,0.15006933,0.028794086,0.016270407,0.30838993,0.12694502,-0.00505952,0.16818249,-0.063188665,0.3477015,-0.14545503,-0.4450061,0.15885301,-0.17447512,0.2627398,0.318645,0.19961469,-0.007760212,0.10813046,-0.16390565,0.4475522,-0.0075621903,-0.45908076,-0.11438564,-0.22630754,-0.0780957,-0.04603596,0.13475823,0.04592275,-0.19851437,0.1907262,-0.037306912,0.2884264,-0.23135237,-0.33433902,-0.20203072,-0.2537495,0.05784351,0.43385443,0.006240597,-0.24400298,0.09247303,0.041272137,0.12355435,0.22414097,0.011781272,0.11458051,0.093820795,0.47896266,-0.3545865,0.39514452,0.21226172,0.28754747,-0.3467678,-0.14907022,0.030325852,-0.028514862,-0.24827208,-0.14000937,0.27544188,0.09106172,-0.037944786,0.36286867,0.12368618,0.04178205,0.07202597,-0.18663302,0.13071397,-0.0839661
"(113.9646430004112, 22.546176911851457)",0.02119666,-0.27224556,-0.04142028,-0.029354418,0.33922136,0.6596154,-0.22949731,0.049662672,0.4177638,0.07602748,0.003671661,-0.536888,0.33166844,0.4224136,0.08333253,-0.22683415,-0.023475677,-0.19842613,0.41075557,-0.14715,0.32862914,0.09848701,0.012862556,-0.2713034,0.071955785,0.0046719033,0.063852616,0.0015411479,0.12137899,-0.07702902,-0.036410045,-0.21519168,0.58642423,0.26309574,-0.20708966,0.15994756,-0.034453146,-0.08161834,-0.13010266,-0.21304384,-0.12831685,-0.5155065,-0.28376502,0.090416364,-0.08036549,-0.4690407,0.055563286,0.21792574,-0.2194018,-0.015808305,0.06217,0.03792367,0.03217834,0.2048463,-0.39936784,-0.65980786,-0.28304458,0.3374879,0.15569185,-0.026324831,-0.08933306,-0.014642535,-0.0810847,0.34384096,0.11569792,-0.21215719,0.08250428,0.41952604,-0.023011792,-0.16009872,-0.18582499,0.092426084,0.16580507,0,0.016623745,0.06464355,-0.08755049,0.09009465,-0.14258729,0.10534116,0.13210809,0.036947176,-0.30952907,-0.16101608,0.017925132,-0.4233413,0.0012720674,-0.1514327,-0.34083676,0.026658595,0,-0.6123369,-0.06457,-0.54564416,-0.3306806,0.54341793,-0.051221356,0.19421396,0.09482017,0.07602668,0.6684029,-0.1362826,-0.14014752,-0.30544347,-0.37276638,-0.05491703,-0.09173958,0.1880345,-0.01165644,-0.0073395297,-0.195843,-0.18959564,-0.12935066,0.3294078,0.021562107,0.019342642,-0.09255912,0.08086777,0.11951182,-0.17908703,0.18683173,0.40168762,0.084538095,0.42649722,-0.059784263,-0.08715142,0.14403504,-0.032256804,0.15352544,-0.010725148,0.16441597,0.015873646,0.078257285,-0.07706726,0.20466638,0.6487955,-0.30709088,-0.08166431,-0.31556463,0.16481906,0.120931566,0.07250294,-0.36892122,-0.11725379,-0.26005024,-0.6199131,0.028780816,-0.13758299,0.2982971,0.17416024,-0.28167486,-0.050453678,-0.026666045,0.06405498,0.018751148,-0.81359255,-0.20890093,-0.17374785,-0.23940581,0.08006944,-0.28773972,0.26370677,0.5890077,0.29630905,0.20295921,0.41689754,0.12565054,0.10338052,0.19419044,-0.22885463,-0.02216203,-0.17487292,-0.7531756,-0.10760915,-0.5861175,-0.35670313,-0.023264706,-0.15426327,0.026898459,-0.12396508,-0.3847198,0.14117706,-0.052745715,0.11126143,-0.09671707,-0.17956735,-0.20302221,-0.15499513,-0.43177298,0,0.138947,-0.0021971315,0.093791,0.0778692,-0.24276108,0.03128899,-0.5579971,0.0015066862,-0.046806652,-0.44078535,0.35750377,0.19309817,0.07429363,0.22101587,0.20445606,-0.15090612,-0.08757891,-0.10579508,0.30967823,0.011187136,-0.056299657,-0.34442547,-0.084456086,0.2809143,0.40989798,-0.2141421,-0.060272872,0.02399294,-0.28414872,-0.0767613,-0.048864733,-0.51664853,-0.045294687,-0.05199044,0.04034308,-0.092746004,0.2506404,0.095243245,0.074945845,0.045720987,-0.13059935,-0.015804652,-0.13203482,0.324057,-0.13685499,-0.25418824,-0.3072282,0.1516222,-0.053205386,0.11649627,-0.33011964,-0.14122196,-0.020818753,0.19045101,-0.32543543,-0.36291113,-0.124896504,-0.24873094,-0.13871616,-0.8802035,-0.19130737,-0.1331538,-0.04216443,-0.09269373,-0.40818584,-0.08351659,-0.070701055,0.2431675,0.07044777,-0.29783544,-0.1987707,-0.29376134,0.100066155,-0.113721065,0.08608334,0.014505956,0.2632551,0.12037925,0.28516197,0,-0.047413815,0.33132267,-0.16431941,-0.09342697,-0.100254446,0.11533739,0.05614672,-0.25733924,0.40866613,-0.33824164,0.024022404,0.08129338,0.06791256,0.027870193,0.12939838,-0.19126919,-0.33999646,0.03497951,-0.4770128,0.22335832,-0.1956487,-0.585688,-0.41397232,0.44552022,0.16547328,0.33243993,0.25179687,-0.49714562,0.28153777,-0.13755651,0.07027616,-0.19364643,-0.13095443,-0.11688693,0.4881864,0.12505369,-0.2929066,-0.35939288,0.33291578,-0.23190424,-0.37936482,0.25212327,0.049940072,0.06609936,0.22955342,-0.2814653,-0.07920289,-0.16480649,-0.31055257,-0.03617777,-0.3534323,0.026375258,0.67362964,-0.35585317,-0.41530123,0.41772735,0.49412367,0.09867269,-0.14836384,-0.13129313,0.15999982,0.03156446,0.31268394,0.08865849,-0.27018136,0.052389175,0.097287804,-0.0144007895,-0.2185441,0.18487485,0.010844961,-0.14590092,0.088688225,-0.06292985,0.32811934,-0.080372766,-0.44231293,0.43301836,-0.10833274,0.05175781,0.19552864,0.0665115,-0.1787988,0.08345138,-0.14743555,0.3085892,-0.06543895,-0.55235124,-0.0021183565,-0.390782,0.047215324,-0.12065492,0.33311093,-0.12325165,-0.30438396,-0.10471281,0.010441169,0.07606447,-0.06447239,-0.3866288,-0.14937416,-0.25824794,-0.11876791,0.4778131,0.14664796,-0.12482016,0.2536809,0.33604762,0.042525757,0.022414986,-0.013772417,0.17045018,0.17178361,0.5574948,-0.4202922,0.33524123,0.31764767,0.2841402,-0.15060432,-0.3275879,0.15134083,-0.38217556,-0.17793737,-0.20041865,0.36313617,-0.03559792,0.013296605,0.2257086,0.23988423,0.009494703,-0.101897776,-0.24807665,0.29221186,-0.14265116
"(113.96517129095332, 22.56243179861642)",0.08162931,-0.14930843,0.00938851,-0.020300912,0.22343352,0.37376285,-0.13252023,0.06138835,0.3668541,0.12798679,-0.018709078,-0.24090768,0.14950755,0.19952488,-0.101806596,-0.15053676,0.019695655,-0.07277449,0.3869219,0.11466557,0.47800863,0.079580165,0.052412853,-0.18862775,-0.059897054,-0.0060543753,0.13438988,0.01621836,-0.065936714,-0.10575716,-0.013442341,-0.113001585,0.54656494,0.27022675,-0.063003495,0.006200185,-0.09281721,0.060585447,-0.038896833,-0.1382614,-0.30311936,-0.1601085,-0.20249099,-0.054379992,-0.19727573,-0.3021603,0.18884534,0.18551056,-0.32196775,-0.10756846,0.070029646,-0.008156491,0.113462925,-0.047787026,-0.28586128,-0.47396204,-0.28014734,0.17061612,-0.063664496,-0.14215595,-0.07028258,-0.052234046,-0.10858162,0.29020387,0.09377545,-0.25903207,-0.020003423,0.2432437,0.029145127,-0.21063595,-0.02673383,0.010544622,0.15247416,0,0.035374872,0.06066898,-0.060707394,-0.013102576,-0.3077226,0.19313902,0.018300008,0.01755187,-0.17125645,-0.1298146,-0.03768221,-0.51923877,0.005551316,-0.034328207,-0.34431463,-0.018590838,0,-0.34683108,-0.055122964,-0.3922858,-0.17204472,0.4371493,-0.03349302,0.011016697,-0.036900006,0.0318421,0.5368346,0.11840188,-0.108287886,-0.16512297,-0.1252046,-0.0502249,0.06462952,0.27295473,0.058210164,-0.2120226,-0.028376967,-0.17402522,0.01783374,-0.002823472,-0.04489083,0.03530336,-0.052171133,0.03322606,-0.04682207,-0.2233384,0.30142844,0.20457046,0.08536491,0.28260034,0.13240324,0.017240606,0.08368319,-0.0019607712,0.036339797,0.20075586,-0.043526787,-0.029073643,0.3081587,-0.0072337165,0.10902429,0.37976032,0.08471432,-0.10790171,-0.3353874,0.094602734,0.22422406,-0.019392826,-0.28902087,-0.1818774,-0.13637048,-0.53945106,0.015594108,0.016635686,0.44184142,0.32046473,-0.30301213,0.015860938,0.1538719,-0.020974755,0.087909505,-0.56317276,-0.2526098,0.097433455,-0.16433415,0.10408299,-0.39062047,0.33753312,0.28412515,0.0014261939,0.21654113,0.16520703,0.28033012,-0.09897168,0.129112,-0.24461046,-0.009154351,-0.15053602,-0.55346787,-0.08617172,-0.33981806,-0.22006893,0.048053235,-0.00095522485,-0.013768189,-0.30906558,0.027684337,0.15396419,-0.035231158,-0.0830158,-0.045697875,-0.24405493,-0.06964775,-0.060326733,-0.26703328,0,-0.016735919,0.12705988,0.12108586,0.11153713,0.087099664,-0.2018014,-0.34630817,-0.07869776,-0.088194475,-0.28292736,0.3470664,0.09879544,0.028181547,0.07304588,0.29969364,0.03001839,-0.16429134,0.02852074,0.2546482,-0.02018221,-0.036363706,-0.1869399,-0.15183087,0.09711143,0.14689183,-0.26744097,-0.08308097,0.18939579,-0.17027664,-0.08427107,0.093136266,-0.43876672,0.17757301,-0.13035399,0.1600371,-0.12919803,0.420512,0.05564311,0.1150065,-0.050635733,-0.08238454,-0.20324829,0.03856096,0.22438438,-0.009538963,0.07906878,-0.21935526,0.2869342,-0.18916023,0.17090523,-0.32013386,-0.17507783,-0.07849144,0.18094292,-0.15343462,-0.32300583,0.051231086,-0.11365552,0.033780046,-0.720557,-0.19511771,-0.18085094,0.005670771,-0.07400483,-0.30918297,-0.08788257,-0.07680202,0.18925618,0.004130721,-0.27100888,-0.106393516,-0.04208722,0.10102728,-0.06747579,0.18350014,-0.08000763,0.3765309,0.08404209,0.024160437,0,-0.07979919,0.16230825,-0.1423381,0.03828907,0.084771425,0.02170764,0.033507284,-0.08527005,0.3269947,-0.21001796,0.084722154,0.21195063,0.041419577,-0.0835965,0.24494629,-0.052077413,-0.19880486,-0.012250796,-0.11151324,0.03140583,-0.14614363,-0.37397522,-0.5503612,0.24060106,0.20922774,0.07417606,0.2995824,-0.41265276,0.24878459,-0.0022170953,0.2209214,-0.08954519,-0.08040245,-0.120585516,0.2935938,0.03109437,-0.32843605,0.044934403,0.093091086,0.014491513,-0.12853876,0.310979,0.005279325,0.12317011,-0.076744765,-0.13967167,-0.233062,-0.20883584,-0.30341145,-0.16602471,0.082307205,-0.027840216,0.48871207,-0.23904666,-0.14826879,0.3515301,0.17645738,0.20861839,-0.120388195,-0.12760322,0.17515959,-0.06401769,0.25621292,0.031677566,-0.2166758,-0.081516646,0.1371415,0.00702138,-0.010484621,0.2775391,0.110768214,0.009620106,0.17890272,-0.08847518,0.34351182,-0.12754674,-0.39975312,0.21997268,-0.14518929,0.19815804,0.26219383,0.17397828,-0.05842763,0.15039572,-0.15838528,0.41484833,-0.023571052,-0.4325701,-0.09360685,-0.23741572,0.0016904399,-0.07922725,0.16363965,0.032199122,-0.19613543,0.08891494,-0.032026555,0.22310483,-0.18225531,-0.32408658,-0.14697567,-0.22172381,-0.014475636,0.46975628,0.048331738,-0.16667064,0.1452404,0.084361866,0.09157804,0.16814569,-0.026533473,0.11583376,0.08895454,0.5137093,-0.35932463,0.38091934,0.18034334,0.27870706,-0.2922701,-0.15421508,0.06499386,-0.10958133,-0.20697483,-0.15184781,0.23523712,0.048286587,-0.041859586,0.29895705,0.15838066,0.013384905,0.03690036,-0.15187451,0.14715108,-0.10873053
"(113.9690477456967, 22.54868775936388)",0.1004698,-0.2607089,0.016973246,0.022553733,0.39569739,0.5689538,-0.13866475,0.041947845,0.3807766,0.08313835,0.011498354,-0.42268494,0.49023068,0.38780713,0.18855843,-0.17682154,-0.039928764,-0.18822685,0.36508033,-0.043075856,0.24697798,0.03366729,-0.0032011494,-0.23455748,0.078256905,0.044006396,-0.014123805,0.04200649,0.13741575,-0.044868954,-0.03613091,-0.16864298,0.60685104,0.24863678,-0.20537364,0.12708376,-0.093997456,-0.034571424,-0.10439837,-0.16173956,-0.17255288,-0.5238962,-0.2303533,0.12225168,-0.053741332,-0.45813024,0.024832733,0.22198103,-0.16389793,-0.039834358,0.11435267,0.053148896,0.044004675,0.17689857,-0.47585157,-0.618628,-0.23540948,0.2929164,0.09488705,0.074493274,-0.0828111,-0.022437824,-0.15895905,0.3369311,0.10400045,-0.18107775,0.006618075,0.4275504,-0.04090612,-0.17160466,-0.13967645,0.049695425,0.15606225,0,0.07751072,0.058779765,-0.042484406,0.111172415,-0.094349,0.08601222,0.13876623,0.03802251,-0.2363344,-0.18620332,0.060624603,-0.29877946,0.013243139,-0.22834715,-0.26152354,0.080459535,0,-0.64562684,-0.11041992,-0.49813738,-0.2555842,0.49165064,-0.06835111,0.15275492,0.1044449,0.02188896,0.6602669,-0.12207065,-0.08355798,-0.2554315,-0.27782613,-0.024461277,-0.07996242,0.21446219,0.00078750495,-0.013497725,-0.27313584,-0.10248507,-0.09766974,0.3180902,0.13236856,-0.076732434,-0.040249743,0.12629473,0.13068476,-0.17638963,0.06503579,0.32629612,0.096118666,0.4135677,-0.11971497,-0.06630221,0.1875078,-0.032495335,0.18990922,0.037867166,0.11550099,0.055310614,-0.074566476,-0.04776915,0.1249481,0.6798523,-0.26413098,-0.09277634,-0.23218906,0.17211652,0.17424272,0.047527906,-0.34601003,-0.13869116,-0.33730137,-0.49107015,-0.0009772982,-0.06764923,0.25258732,0.074317046,-0.16680203,0.002063416,-0.0768588,0.05548685,-0.11562164,-0.74228376,-0.13058458,-0.16893977,-0.19537729,0.1348645,-0.20659596,0.19686764,0.49199355,0.24190667,0.16279352,0.4502365,0.06801489,0.08930145,0.25172818,-0.16978621,0.0059888773,-0.16547541,-0.7285732,-0.066945076,-0.63477296,-0.2962208,-0.025468782,-0.12364459,0.12688741,-0.13406561,-0.3738326,0.11839274,-0.01589948,0.21734235,-0.13642818,-0.16460508,-0.17066693,-0.13965105,-0.39245608,0,0.14225055,0.11331133,0.015525891,0.04271924,-0.242082,0.067965515,-0.51586145,-0.0036790743,-0.030958313,-0.46172878,0.2738812,0.12959945,0.09888941,0.15146157,0.15814148,-0.16954836,-0.11235143,-0.09307093,0.24982443,0.08081754,-0.107526794,-0.32785597,-0.13120344,0.22150184,0.3849168,-0.2131521,-0.067762814,0.0047602206,-0.3059635,0.021617457,0.008116011,-0.46741048,-0.033380855,-0.026510466,0.0012384988,-0.10996637,0.22894081,-0.0045240913,0.10075489,0.056716405,-0.21853276,0.006036672,-0.0035989832,0.316548,-0.1369656,-0.17986313,-0.266167,0.09966512,-0.035180867,0.119373254,-0.2856921,-0.13407312,-0.0002953019,0.20480557,-0.32219964,-0.34497884,-0.09617015,-0.24066745,-0.105394356,-0.7998644,-0.14737901,-0.15542224,-0.07668303,-0.09017109,-0.39862466,-0.106683455,-0.06463852,0.31193423,0.04431016,-0.30675218,-0.13627607,-0.30321226,0.06115922,-0.122160874,0.036841612,0.11063534,0.1627518,0.06958534,0.18447065,0,0.016837202,0.31954595,-0.16877727,-0.15015113,-0.06613144,0.1284763,0.12518811,-0.30531505,0.417462,-0.37555104,0.00015342515,0.041816585,0.067100614,0.06330003,0.031215813,-0.16455634,-0.29165998,0.021746974,-0.55312943,0.21439622,-0.15937352,-0.52668196,-0.43396163,0.26497364,0.2538956,0.29880863,0.13723211,-0.42436916,0.21205655,-0.15560828,0.053014793,-0.17679025,-0.09895308,-0.11583704,0.40200698,0.07220113,-0.19330683,-0.33686695,0.29736206,-0.21061245,-0.35677233,0.26443434,0.06092982,-0.057207767,0.29821157,-0.25396973,-0.1634137,-0.10239115,-0.19230896,-0.017036363,-0.38985807,0.04849145,0.65752417,-0.3568138,-0.32979128,0.36418203,0.38278326,0.06920737,-0.13029158,-0.07743634,0.11497927,-0.043341592,0.31477308,0.058078423,-0.16826922,0.09366167,0.08167079,-0.009755166,-0.21272023,0.1401065,-0.032069378,-0.12090661,0.078537405,-0.04538373,0.27277195,-0.059328847,-0.39199963,0.4207747,-0.073729634,0.0006204881,0.17215446,0.056510534,-0.22404683,0.09267681,-0.09593286,0.29781616,-0.047261167,-0.5707809,0.006803982,-0.30955005,0.13503519,-0.14531453,0.37381643,-0.12495434,-0.2282506,-0.1621525,0.07514175,0.01988348,-0.058452003,-0.31132516,-0.116047405,-0.2120227,-0.10934708,0.4808598,0.14422363,-0.030594222,0.23368771,0.31349826,-0.017065372,0.052094568,-0.11198573,0.12893346,0.12071064,0.5379545,-0.3827856,0.28546575,0.23184673,0.36966383,-0.14142673,-0.24130483,0.12942113,-0.44131643,-0.056198806,-0.2121196,0.3991741,-0.08044509,-0.0075499723,0.0842406,0.26353875,-0.110299364,-0.13211934,-0.20500094,0.26611704,-0.19592202
"(113.97072255284692, 22.560081791579595)",0.11569865,-0.19753337,-0.022609629,0.027957378,0.35643512,0.40319267,0.018671073,0.10468754,0.38628933,0.2068348,-0.012728833,-0.28491247,0.19199875,0.1805358,-0.062289484,-0.11182265,-0.03714618,-0.15060431,0.34982666,0.10053995,0.42742276,0.04071839,0.07353375,-0.25902385,-0.04268333,-0.0027913693,0.054551937,0.08164378,-0.14391476,-0.01281371,0.0021027587,-0.07865757,0.47872865,0.28679082,-0.023435712,0.0016267616,-0.19528562,0.049476035,0.00992028,-0.14085348,-0.32123703,-0.19614193,-0.17700659,-0.11903995,-0.16789415,-0.28186098,0.17560314,0.19421954,-0.2637047,-0.14098038,0.052325442,0.029898891,0.07210664,-0.08057116,-0.1966851,-0.3959685,-0.28902614,0.09319083,-0.063711494,-0.1808373,-0.14200802,-0.0827059,-0.16265441,0.30543768,0.11414701,-0.27015412,0.027055092,0.23974594,0.029790584,-0.21895732,-0.004691042,0.0211363,0.13804354,0,0.00086771883,0.060313817,0.0149570815,0.027633525,-0.32446715,0.22727981,-0.0013123639,-0.027564794,-0.15795673,-0.14506233,-0.05874477,-0.4238226,0.026068777,-0.14028713,-0.31289902,0.043220073,0,-0.31453875,-0.102073096,-0.47835448,-0.22073433,0.30076447,-0.014810978,-0.00092987716,-0.07189832,0.0045992173,0.50924766,0.059219904,-0.11879665,-0.073415,-0.05334884,-0.024434462,0.03646788,0.34101692,0.09542151,-0.14726032,-0.02766138,-0.1966909,0.009186685,-0.013961829,-0.014666624,-0.05765193,0.08116863,0.12071046,0.028758384,-0.20205338,0.29200542,0.16675659,0.11588609,0.32708105,0.13182114,0.060311943,0.048231486,0.0006321855,0.060438305,0.2939937,-0.09493138,-0.0667802,0.2616378,-0.01875934,0.11546936,0.38600865,0.14722458,-0.14995256,-0.27540487,0.10272908,0.19451876,-0.02347644,-0.36349872,-0.145966,-0.12808377,-0.49748516,-0.050595693,0.10749057,0.35036105,0.35237682,-0.28547895,0.033794604,0.08640842,-0.014735475,0.014993373,-0.60529906,-0.28047097,0.16269076,-0.14593443,0.17249437,-0.4047796,0.25330064,0.32334036,0.042175952,0.26977304,0.20506233,0.21613021,-0.07660195,0.14963344,-0.16759193,-0.017049404,-0.11945103,-0.49174252,-0.060828924,-0.29049194,-0.18717456,0.06611718,0.036768373,-0.012497202,-0.23501435,-0.016671132,0.17144617,-0.028379992,0.009299841,-0.138008,-0.18014745,-0.03021036,-0.08964095,-0.27065903,0,0.03507779,0.20156813,0.05280621,0.057671133,0.057615913,-0.25199932,-0.33515495,-0.114278205,-0.11650626,-0.21948257,0.24711794,0.09715209,0.054039072,0.016508302,0.27190867,0.03061314,-0.2016095,9.632856e-05,0.23865157,-0.026353413,-0.13980924,-0.107889645,-0.2219383,0.093517624,0.268438,-0.18325038,-0.042042837,0.1296163,-0.11865877,-0.060831517,0.13493857,-0.4223071,0.19039771,-0.21347639,0.11980599,-0.121285796,0.3850324,-0.005106913,0.09421823,-0.04703992,-0.0231282,-0.19178633,0.024826458,0.2024934,-0.09217322,0.11919066,-0.1981025,0.2406368,-0.15589358,0.11986067,-0.25612444,-0.1715514,-0.108953014,0.106287025,-0.18879327,-0.36814508,-0.06472122,-0.14079873,0.02932351,-0.63865626,-0.14848804,-0.25784236,-0.029147342,-0.022443106,-0.2894644,-0.117384024,-0.09345617,0.27693743,-0.021223463,-0.18236965,-0.15772107,-0.10485526,0.13402693,-0.10491618,0.08997823,-0.06772731,0.29903948,0.14351116,-0.04441457,0,-0.08180688,0.1258883,-0.22326718,0.12576523,0.0755011,0.09421541,0.0711384,-0.13013221,0.31430566,-0.20067126,0.15810043,0.27521273,0.055321448,-0.096890196,0.103083685,-0.06832177,-0.18762316,-0.0288427,-0.1910267,0.08088064,-0.09605101,-0.44273317,-0.45578313,0.25301966,0.16267657,0.027652338,0.1688567,-0.4359762,0.2303169,0.008325428,0.14377949,-0.025028013,-0.0034634285,-0.0916011,0.3525777,-0.014400715,-0.30129585,0.029919859,0.16469572,0.02002418,-0.13850097,0.23565854,0.048239436,0.08261847,-0.10782513,-0.16344132,-0.31104738,-0.15632385,-0.27043924,-0.147293,0.053374253,0.0037417784,0.4514684,-0.3228599,-0.12014479,0.42501125,0.12603864,0.25549436,-0.027418362,-0.050740033,0.13064972,-0.15817459,0.2668379,0.0075699,-0.14544082,-0.10828662,0.12738994,0.028599514,-0.0042195246,0.22419636,0.082105994,0.048965402,0.22999665,-0.15328825,0.34240675,-0.118092194,-0.31974825,0.2726691,-0.13360512,0.10986589,0.16196689,0.12775528,-0.13476628,0.25703818,-0.20555297,0.42972806,-0.08501986,-0.36597052,-0.06495618,-0.23271582,0.091747314,-0.10610869,0.18966976,0.07308715,-0.13374412,-0.0074754274,-0.0882621,0.13802181,-0.16961765,-0.33713087,-0.03838239,-0.20984592,-0.118770845,0.54137933,0.030428438,-0.0614094,0.20697644,0.06846872,0.05573033,0.09748523,-0.078768134,0.11071144,0.056297652,0.5545511,-0.32482722,0.39023185,0.098870166,0.23197894,-0.2171349,-0.11390597,0.13678785,-0.1927259,-0.11169965,-0.119023666,0.13392392,0.0064507844,-0.0038913498,0.21289846,0.23356044,-0.009774912,0.0053646527,-0.029761393,0.14382523,-0.094168365
"(113.97123202985226, 22.69598873995397)",-0.019013487,-0.011569647,-0.0252381,0.012238519,0.20916677,0.1003598,-0.1325282,0.09250353,0.1971962,0.081126586,0.07048445,-0.06684211,-0.2883703,-0.031200752,-0.03479784,-0.050291434,0.037203625,-0.001396291,0.044974644,-0.12994796,-0.035495274,0.06423425,0.04895848,-0.18100062,0.08069064,-0.038735505,0.10555347,-0.045538925,-0.06318408,-0.10876855,0.0354206,-0.039506227,0.16246793,0.09811358,0.07746312,0.04448303,0.1257093,-0.3326084,-0.022955555,0.0051654503,0.0037457868,0.031161211,-0.15291794,-0.0244219,-0.014624529,-0.04313565,-0.038776793,-0.014515985,-0.14063168,0.12080629,0.065589294,0.11773436,0.02123418,0.10489185,-0.008841552,-0.0940797,0.010269438,0.054856755,0.10526693,-0.2602896,-0.05085401,-0.012147195,0.0393746,0.048514634,0.08306046,-0.26833853,0.14523627,0.03692465,0.1303585,-0.06482044,-0.04517915,0.15813646,0.14114112,0,0.05253107,-0.15688384,0.0172997,-0.033212148,-0.16381647,0.042181708,0.08506481,0.0660359,0.09228921,-0.23227298,-0.02777316,-0.06838262,0.058713883,-0.023397632,-0.1985004,-0.0058341622,0,-0.028298415,0.10131885,-0.01794221,-0.071332075,0.15993291,-0.14449531,0.05541025,-0.0050457027,0.22582857,0.21146664,-0.02419009,-0.009997051,-0.12467721,-0.108384535,0.088480726,0.113902256,0.24419811,0.112322964,0.10973136,0.1313096,-0.09530535,-0.047512025,0.108015545,-0.15318179,0.23206036,-0.03103589,0.20727232,-0.019008897,-0.11765471,0.29136968,0.19557731,0.07623429,0.19541961,-0.012510126,0.085881114,0.017495338,0.052931167,0.035162903,0.067737564,-0.1900629,-0.109423906,0.19425172,-0.13560027,-0.08828932,0.07658025,0.17776123,0.07459505,0.026080487,0.20287763,0.28778923,0.056104034,0.123674214,-0.045649342,-0.0077908263,-0.34536096,-0.008414326,-0.1703286,0.2532906,0.2193645,-0.23506086,-0.030177958,0.3570447,-0.015631348,0.2602474,0.023279238,-0.0030608475,0.08663907,-0.013968281,0.10760765,-0.17702633,0.35909173,0.14909309,-0.016711142,0.14479978,0.13140002,0.14628363,0.2064354,0.0241687,-0.28679273,0.13292377,-0.1581048,-0.13922752,-0.02024749,-0.21461175,-0.03151024,-0.017542705,0.08612106,-0.0022123903,-0.058444813,0.15553872,-0.07874339,0.05474781,0.11072509,0.17062628,-0.16769888,0.026069552,0.11202994,0.19091673,0,-0.021199187,-0.15057445,0.2227479,0.13881528,0.06996443,0.24659428,0.08099562,0.16203219,0.26540282,-0.1725736,0.0031238627,-0.031965494,0.037098095,-0.048110098,-0.06915088,0.0018777102,0.13040954,-0.04055652,0.27697432,0.17745605,0.107250124,0.033994727,0.07662992,0.09583383,0.27320644,-0.009308949,0.10046941,0.0071872473,0.11789858,-0.22324404,-0.032424845,0.020940239,0.33041337,0.08463994,0.21533975,-0.03498602,0.042668793,-0.024129624,0.05544982,0.13211489,-0.11680898,0.20931754,-0.14566357,0.15442955,0.12017727,-0.16076848,-0.039719936,0.12245087,-0.22261211,0.268977,0.122493364,-0.026967196,0.030568803,0.24857272,-0.09546302,0.022825547,-0.24503982,0.054676265,-0.1742754,-0.0720316,-0.24566141,-0.04983051,-0.0673302,0.15931898,-0.06639402,0.13645557,0.1708242,0.15979034,0.09031646,-0.15235619,-0.013492502,0.09999179,0.060073968,0.08941789,0.12024334,0.15669873,0.14653422,0.007918537,0.07535138,0,0.062478535,0.013399901,-0.13156042,0.1496647,-0.113298565,0.021684222,0.20265982,0.07782292,0.075486265,-0.27011845,0.06919896,0.08885322,0.22244054,0.06234833,-0.033234444,0.08207752,-0.24342723,0.0965862,0.15096271,-0.03768728,-0.0006933919,-0.19835645,0.0052213296,0.15934706,0.05938299,0.14490116,0.12050508,-0.17416322,0.026157675,0.04553528,-0.033424377,-0.025350466,0.06527963,-0.02456583,0.24367465,0.10726878,-0.017224934,-0.03138132,0.19808733,0.031711087,-9.631738e-05,0.29943186,0.14623566,0.2150007,-0.05715671,-0.17140439,-0.0060147494,-0.07729372,-0.124247596,-0.1354405,-0.11931577,-0.024512779,0.18204542,-0.005976431,-0.1026588,0.11319827,0.23526838,0.08213727,-0.17580123,-0.056995794,0.09168692,0.10291793,-0.036425106,-0.026149807,-0.14405142,0.101498745,0.0729792,0.17611682,0.07375517,-0.08804548,0.108739726,-0.068464644,0.12970674,0.0051765386,0.2011972,-0.077131175,-0.30372292,0.042147186,-0.13940462,0.15287732,0.0872329,0.11949478,0.077850714,-0.06978069,-0.18745169,0.08842113,-0.0085821785,-0.22208022,0.066670574,-0.14460088,-0.18973753,0.15590936,0.09764741,0.11441145,-0.064097114,0.20467892,-0.09616876,0.06389661,-0.1541447,-0.20660184,-0.07068267,-0.09580142,-0.014619853,0.1978626,-0.25325564,-0.25373423,0.16423346,0.16779523,0.10169111,0.10801919,-0.114706025,0.25713322,0.13055566,0.3167322,0.15599719,0.05774871,0.2651915,-0.037134036,-0.05448234,-0.1336248,0.13832602,0.1359053,-0.041618958,-0.019059584,0.118901886,0.19814609,0.22721086,0.1761725,0.15819044,0.12963264,0.060022812,0.0046251863,0.08830726,-0.014711783
"(113.97611880872068, 22.54879389126688)",0.16927049,-0.17379393,0.045712795,0.06477829,0.37578213,0.41016474,-0.018804394,0.03135582,0.30301857,0.21524855,-0.06696166,-0.24055594,0.5224523,0.24595898,0.077915795,-0.16718444,-0.0111994445,-0.11258217,0.32812035,0.16299222,0.34834343,-0.01692387,-0.019317731,-0.18772206,-0.014236156,0.017841157,-0.05445748,0.09699042,0.013183489,0.0034051463,0.020867638,-0.07717939,0.5161578,0.24226126,-0.07514686,0.06381354,-0.14056864,0.11533365,-0.02194253,-0.101742074,-0.24736881,-0.33104396,-0.24108726,0.05159139,-0.09241987,-0.43246534,0.12356189,0.17299877,-0.23356038,-0.19900082,0.07812685,0.019070612,0.048562672,0.05272067,-0.38089266,-0.45989248,-0.2113787,0.22596607,-0.0032407623,0.07078226,-0.06419909,-0.07494522,-0.25294483,0.31768024,0.04072736,-0.10928168,-0.102024555,0.31177023,-0.07670215,-0.20049785,-0.05516941,-0.002417056,0.102097094,0,-0.03618584,0.10284899,-0.002724085,0.024076983,-0.21419105,0.16507828,0.060809758,-0.022569165,-0.19254327,-0.15732276,0.060014877,-0.29647803,0.0059937537,-0.24885395,-0.24652424,-0.013352789,0,-0.49970174,-0.11437277,-0.4807229,-0.14184171,0.28378996,-0.034339383,0.07584298,0.031776525,-0.14406607,0.52541304,0.030308314,-0.12864853,-0.11991979,-0.11998344,0.018660828,0.032070205,0.2633715,0.081232786,-0.16091383,-0.23314518,-0.1166341,-0.010788724,0.09117074,0.13382527,-0.10960096,0.13744436,0.13039997,0.03785205,-0.18477744,0.105070755,0.20909825,0.13383254,0.35121438,-0.053505577,-0.054434747,0.15916514,-0.027262662,0.13438208,0.19869268,0.03322689,0.08725517,0.0076354602,-0.027057618,0.043110125,0.5430527,-0.087649554,-0.1204367,-0.1581312,0.093220554,0.15410668,-0.0035773814,-0.38668445,-0.07875041,-0.31110784,-0.38487333,-0.029023005,0.06408782,0.28535366,0.16570519,-0.016092908,0.039316475,-0.12354256,-0.02410926,-0.14282316,-0.65691483,-0.1739518,-0.045495663,-0.07716461,0.21332715,-0.25308576,0.14559762,0.32401085,0.09100552,0.16544329,0.3610271,0.063830614,0.007584125,0.20570405,-0.13507318,-0.011786209,0.0031049605,-0.5467911,-0.0158863,-0.46392447,-0.22549418,0.046670377,-0.07358017,0.08974668,-0.19855621,-0.15223898,0.14576688,0.004785616,0.09154691,-0.15321484,-0.16189353,-0.10870107,-0.13676135,-0.3513636,0,0.062179174,0.21914905,-0.019071834,0.037168466,-0.13455263,-0.1435957,-0.448184,-0.07603263,-0.1750397,-0.32333186,0.23849812,0.0734589,0.05830572,0.07249961,0.20590477,-0.109202534,-0.23535515,0.05947952,0.16692421,0.028363477,-0.1284691,-0.1926933,-0.19290014,0.15702721,0.27796805,-0.18708934,-0.10330665,0.09558824,-0.263986,0.005426228,0.086388096,-0.43066555,0.06676745,-0.06330587,0.02450839,-0.028140828,0.32596093,-0.062156983,0.10430867,-0.037439846,-0.114479944,-0.19978029,0.10210908,0.22945927,-0.13175714,0.03842532,-0.22222638,0.12394446,-0.056654587,0.051982857,-0.35275114,-0.1907563,-0.031164018,0.13247615,-0.24160443,-0.3364099,-0.072732225,-0.15236449,0.05688875,-0.64742076,-0.09677035,-0.21145542,-0.07034819,-0.08208884,-0.3474766,-0.13862032,-0.048008643,0.31350395,-0.019026436,-0.25647435,-0.15004538,-0.15654859,0.07540485,-0.14926422,0.047934692,0.007361885,0.1580289,0.16550437,0.020832606,0,0.0021821596,0.28393647,-0.083866,-0.10704726,0.15874547,0.08452493,0.12985177,-0.33853087,0.35360685,-0.2935958,0.05467586,0.102663904,0.0020025373,-0.012821704,0.01778169,-0.10307412,-0.14253762,-0.055645783,-0.41389865,0.12793471,-0.13055095,-0.38986313,-0.53444225,0.15255412,0.22948784,0.15458961,0.19693716,-0.36313313,0.16106492,-0.049266443,0.121792614,-0.0541201,-0.071393386,-0.08182454,0.34110418,-0.00969954,-0.23105036,-0.1474542,0.18386428,-0.05395624,-0.26009452,0.18782826,0.024844587,-0.09946534,0.14038418,-0.13525754,-0.26447353,-0.091372445,-0.16915,-0.0693322,-0.15550062,0.035378955,0.5247879,-0.33562434,-0.11590966,0.38112277,0.17780644,0.13936934,-0.054128945,-0.033413224,0.05050705,-0.08614881,0.2744451,0.060196497,-0.01716891,-0.039813943,0.11474801,0.0055148727,-0.10078133,0.16475499,0.060381167,0.027353285,0.13980961,-0.0786112,0.22574745,-0.053624123,-0.21941581,0.3776101,-0.066635355,0.08399622,0.16282387,0.14440931,-0.15138954,0.1428892,-0.036358282,0.33896917,-0.05858001,-0.45689344,0.0049702153,-0.30956686,0.19593862,-0.12533353,0.2786397,-0.023317289,-0.14655286,-0.17565244,0.04676842,0.10696718,-0.099213794,-0.32420015,-0.11166972,-0.16908686,-0.13955918,0.5718473,0.14456406,-0.013923541,0.24266595,0.1823834,-0.044699293,0.10826132,-0.10063499,0.059627246,0.018055566,0.5333525,-0.3669199,0.403328,0.10165879,0.32175437,-0.25113985,-0.10959996,0.116887465,-0.36315858,-0.07987951,-0.19963929,0.28419304,-0.12023007,-0.008218574,0.09679073,0.20774826,-0.18000601,-0.032290075,-0.11384193,0.17780805,-0.14325482
"(113.97615790694609, 22.547892124947047)",0.16112474,-0.16789958,0.04366615,0.06429226,0.37278086,0.4098645,-0.016875714,0.031155853,0.30126274,0.2161977,-0.06898044,-0.2385173,0.5191596,0.24284106,0.07790861,-0.1692674,-0.0068145543,-0.11127814,0.32351658,0.1601353,0.34443378,-0.01110051,-0.017992198,-0.19107291,-0.015361425,0.012706982,-0.051868796,0.09998543,0.016481742,0.004183978,0.02406219,-0.07636073,0.50035167,0.23994513,-0.0723931,0.06795048,-0.13288423,0.11353872,-0.018226001,-0.101785384,-0.24057323,-0.3300721,-0.2407481,0.055423833,-0.08859492,-0.42833313,0.12217149,0.16830078,-0.23057106,-0.19643658,0.0776096,0.017308602,0.048936106,0.055293135,-0.37406424,-0.4510956,-0.20569,0.22903314,-0.00035771728,0.068890646,-0.060658235,-0.07383954,-0.25492716,0.31270564,0.03751692,-0.10514742,-0.0982105,0.30501002,-0.07795726,-0.19031186,-0.05847939,-0.0013490226,0.0990765,0,-0.039571278,0.10204615,-0.0070337914,0.02074238,-0.21072957,0.16463622,0.059853118,-0.023829274,-0.1941855,-0.15286109,0.05946279,-0.2925411,0.00637687,-0.24343926,-0.24499089,-0.021137841,0,-0.49043298,-0.10748804,-0.4757033,-0.1409395,0.28067514,-0.03138112,0.07619096,0.03110131,-0.14532398,0.51798356,0.030006334,-0.12750854,-0.12033218,-0.11996681,0.022342019,0.031869717,0.25696447,0.07995536,-0.15816389,-0.22598156,-0.1180637,-0.014282867,0.08934645,0.13367873,-0.10584257,0.13616195,0.12747133,0.039687224,-0.17849192,0.10830547,0.21030559,0.13508281,0.34818208,-0.053359844,-0.057821393,0.15448391,-0.026759341,0.13375613,0.19001734,0.039929178,0.090331,0.0075951526,-0.023994863,0.041221626,0.5344638,-0.092181504,-0.11472279,-0.15392467,0.097044505,0.14753462,-0.004471261,-0.38442108,-0.07376764,-0.30311537,-0.37994438,-0.02511487,0.054490596,0.277592,0.16478334,-0.014761981,0.03672392,-0.12856217,-0.02735798,-0.1428847,-0.65112984,-0.17687389,-0.047422983,-0.07051165,0.21107431,-0.25007838,0.14402556,0.3198288,0.09580462,0.16233866,0.3646359,0.05685515,0.0116648525,0.20098734,-0.13553402,-0.0130821,0.008123366,-0.5394223,-0.014167868,-0.45150822,-0.22725806,0.04591468,-0.07385797,0.082902245,-0.18978977,-0.15291765,0.14529356,0.0010094196,0.08515981,-0.15107101,-0.15585059,-0.107845105,-0.13829672,-0.34869274,0,0.05970512,0.2106471,-0.016782975,0.040406775,-0.13756454,-0.144872,-0.44663358,-0.07214991,-0.17928474,-0.31717908,0.23631231,0.07587737,0.057379827,0.07585832,0.20065635,-0.110752374,-0.22869019,0.060477912,0.16395351,0.023682436,-0.1192127,-0.1903874,-0.18631637,0.15805583,0.28014788,-0.17943422,-0.102229856,0.09503496,-0.25690025,0.00025323033,0.081452504,-0.4264815,0.061698146,-0.060979117,0.026331518,-0.022590049,0.31537262,-0.06508571,0.10298797,-0.038718037,-0.10766496,-0.19675845,0.09519269,0.22274008,-0.13229428,0.035852,-0.22066176,0.123108804,-0.055973276,0.045334116,-0.3554869,-0.18990156,-0.029631367,0.12929904,-0.24022204,-0.3311973,-0.075728595,-0.14810862,0.058631886,-0.6377496,-0.09425341,-0.20509993,-0.06555301,-0.080093466,-0.3405958,-0.13508338,-0.044414744,0.31001312,-0.016642801,-0.24845096,-0.14989378,-0.15323737,0.07777253,-0.14604002,0.050261047,0.007644374,0.15725367,0.16772138,0.028864719,0,-0.0026350506,0.28538075,-0.07476914,-0.104408085,0.15837003,0.0806334,0.13038865,-0.33765548,0.35087776,-0.28576562,0.055576656,0.10154166,0.00066649914,-0.0129513,0.019732121,-0.10418771,-0.1412676,-0.05656952,-0.40126815,0.12702335,-0.1275601,-0.38621587,-0.5228749,0.15566026,0.21883208,0.15923202,0.20287551,-0.35930762,0.15604244,-0.04734473,0.121011674,-0.051114872,-0.07128042,-0.08442198,0.34186608,-0.003910752,-0.23175538,-0.1476804,0.18255387,-0.05915425,-0.2601965,0.17824775,0.026786651,-0.095413044,0.1407036,-0.13582146,-0.25637314,-0.08616337,-0.17156519,-0.06603223,-0.15483116,0.035157245,0.51580834,-0.3308211,-0.11374774,0.37499985,0.17676885,0.14278875,-0.05240471,-0.03670507,0.055300172,-0.07917157,0.2702663,0.06451404,-0.016105786,-0.03882891,0.11218849,0.0058300323,-0.10005355,0.16548504,0.060027555,0.02865502,0.1362852,-0.07967745,0.2211717,-0.05339939,-0.21573049,0.3770691,-0.06220858,0.08673592,0.16185378,0.14727993,-0.15134382,0.13665557,-0.034801118,0.3282435,-0.05735694,-0.44728103,0.0065736696,-0.30345792,0.19033322,-0.12118869,0.2748495,-0.021663042,-0.15024531,-0.1729091,0.044110075,0.10163307,-0.09488839,-0.31987515,-0.11171975,-0.1653461,-0.14343,0.5639622,0.14659004,-0.013606042,0.24281104,0.18445112,-0.042833503,0.10751186,-0.10011399,0.060986977,0.017900407,0.52229863,-0.3600206,0.3991547,0.10325571,0.31620306,-0.24901605,-0.111104414,0.11754749,-0.35757184,-0.083012834,-0.19700328,0.27671948,-0.123073265,-0.0099176215,0.09772673,0.20441109,-0.1747042,-0.027969014,-0.11453093,0.18072313,-0.14231889
"(113.98068020109118, 22.536091157211043)",0.08057354,-0.06257907,-0.077331945,0.07837278,0.262254,0.15615363,0.22447284,0.10295892,0.24044862,0.2611693,-0.052269753,-0.082839236,0.066030726,0.0357809,-0.087167405,-0.029295221,-0.014671683,-0.12967438,0.14480828,0.07456134,0.1935542,0.05746342,0.122035764,-0.18966201,-0.04127067,-0.10310133,-0.012840606,0.1302679,-0.097028136,0.11300221,0.11549628,0.055622436,-0.09606917,0.22775266,0.12861398,0.04731135,-0.066782504,0.049304277,0.09912661,-0.007230751,-0.12487552,-0.024085678,-0.07388078,-0.08686139,-0.0131507665,-0.04480902,0.14652532,0.053676557,-0.062720455,-0.12391049,-0.02782914,0.02354149,0.044901572,-0.061885655,0.10762373,0.042810556,-0.073198706,-0.00964617,-0.06332138,-0.21141404,-0.14506254,-0.091475695,-0.15903795,0.16809884,0.038426325,-0.12761354,0.13256149,-0.0056049973,-0.0024554543,-0.08167577,-0.018623106,0.045976497,0.033643275,0,-0.11974656,0.026728023,0.12710415,0.039160095,-0.16716301,0.20972979,-0.020581324,-0.100531235,-0.037857424,-0.07074207,-0.062647596,-0.12926659,0.041833453,-0.14540526,-0.10416124,-0.0456286,0,0.07737553,0.00400348,-0.17807038,-0.09483592,-0.04368943,0.046152122,0.0040596724,-0.10510885,-0.055526983,0.15117183,0.05818791,-0.058826033,0.13314505,0.06319633,0.092415854,0.043516457,0.21460211,0.09464794,-0.0478867,0.10700566,-0.17876817,0.031724043,-0.07815615,0.06938278,-0.010799616,0.22594213,0.15193883,0.057176046,0.057104353,0.3027166,0.07487835,0.17049238,0.14477782,0.1221628,0.0713924,-0.14807591,0.030412212,0.086276226,0.27641487,-0.068733916,-0.02796782,0.20063815,0.112719074,0.04742205,0.04857876,0.22556436,0.02219997,-0.0016070716,0.11708269,-0.024816135,-0.08912371,-0.17704421,0.047317334,0.110104255,-0.13407046,-0.051545374,0.031634897,0.008933116,0.34263796,-0.062133472,0.021805193,-0.030785993,-0.06266177,0.045859728,-0.21529323,-0.18871275,0.23498619,0.115142815,0.23276956,-0.22390103,0.0955787,0.143425,0.06615886,0.21288082,0.11406002,0.010018064,0.05456038,0.032380193,-0.0260712,-0.015812801,0.09196131,-0.016874373,0.03573019,0.105491236,-0.05756177,0.12127346,0.070556596,-0.12984617,0.007206127,0.07437159,0.13052115,-0.056963157,0.0011634454,-0.07669469,-0.041460138,0.08063073,-0.062825434,-0.12692392,0,-0.02101425,0.16181365,0.017909827,0.016383946,0.041145913,-0.2699426,-0.054402687,-0.034662716,-0.21704122,0.045257814,-0.016590836,0.045732647,0.031484786,-0.026296722,0.09535378,0.06860417,-0.030205801,0.114221595,0.0648979,-0.09320595,-0.010369569,0.07896997,-0.11229852,0.09678584,0.29969588,0.108272836,0.02747632,0.07269845,0.042177044,-0.10298348,0.069581136,-0.16538306,0.1871112,-0.16791645,0.05112039,0.05922276,0.08025999,-0.060391903,0.03984531,-0.08603192,0.16476116,-0.14413449,-0.033077262,-0.048469737,-0.14631988,0.17945246,-0.0323535,0.10421926,-0.10433425,0.037768386,-0.054849975,-0.11745712,-0.05836717,-0.13178387,-0.03632957,-0.09979393,-0.1436049,0.03265738,0.08116344,-0.06941645,-0.022402152,-0.18588215,0.014541,0.08060683,0.010254517,-0.061714724,0.017638735,0.12944883,0.02982328,0.08731245,-0.093472525,0.05917523,0.18897183,-0.040751316,0.023791205,-0.07493527,0.04773973,0.12694901,-0.06733342,0,-0.09571616,0.058003046,-0.054217562,0.22243974,0.107930414,0.05730159,0.14342678,0.0047745593,0.12483568,0.025906194,0.15360911,0.23289862,-0.025687173,-0.16287473,-0.055296455,-0.0037878389,0.028022632,-0.057478067,0.074383646,0.011055442,0.043454405,-0.23215799,-0.0744234,0.24587756,-0.09891548,-0.08204869,0.0915739,-0.25676936,0.030410735,0.08346479,0.12734921,0.17103119,0.12500784,-0.067748606,0.17623235,0.03917846,-0.19800258,0.1381806,0.09094216,-0.030123748,-0.01153503,-0.07621509,0.11764112,0.14162843,-0.12350847,-0.13961945,-0.16813892,0.094529465,-0.11495085,-0.061225384,0.13647285,0.017284244,0.092496976,-0.15894973,0.07547233,0.21868321,0.026082657,0.22268517,0.08653943,0.051978186,0.07272902,-0.06544158,0.0650101,-0.010164795,0.031342696,-0.12942564,0.0952992,0.06396019,0.107177265,0.09382543,0.07322339,0.13915095,0.13806288,-0.15780623,0.1456671,-0.054015905,-0.059916887,0.1902714,-0.044465028,0.034720685,-0.016119076,0.12153673,-0.12265229,0.18300653,-0.11585597,0.12354549,-0.09462555,0.022203233,0.0041171387,-0.039262787,0.11201321,-0.02408952,-0.016377019,0.17382583,-0.0127510205,-0.06984351,-0.16000316,-0.030197244,-0.084625825,-0.1680149,0.04450313,-0.054402836,-0.14143348,0.33480936,-0.0082034115,0.027895018,0.20434241,0.020182509,0.040999968,0.047112484,-0.09577733,0.10778046,-0.07123571,0.20455226,0.017399497,0.22156689,-0.0030674112,-0.014011643,0.03575346,-0.016739741,0.16759744,-0.057231992,-0.04505761,0.0069440305,-0.13735607,-0.07591121,0.074433185,0.086891174,0.18949495,0.08369702,0.109072015,0.15026426,0.052102152,-0.06962788
"(113.98518757729396, 22.544162936389)",0.11218682,-0.016141435,-0.03649113,0.045921355,0.1464086,0.07641254,0.08238663,0.03792073,0.086224765,0.27007198,-0.10994724,0.006320089,0.1051344,0.03340891,-0.20728436,-0.009368245,0.0829321,0.06687754,0.20116186,0.31248772,0.28300202,0.020240009,0.053914078,0.017218828,-0.015151266,0.0067375787,0.017158814,0.09295105,-0.12819229,0.030665621,0.11523463,0.05715461,0.1888851,0.19634445,0.19913468,-0.08558994,-0.047897317,0.12596779,0.06933753,-0.017208979,-0.22953597,0.19059095,-0.13911343,-0.07381855,-0.09501089,-0.01607423,0.2501235,-0.039943684,-0.1457235,-0.118603066,-0.0358067,0.031599365,0.046711035,-0.121961385,-0.11686017,0.0030728765,-0.16347,0.076655306,-0.13454196,-0.17065063,-0.10325077,-0.11129826,-0.14619967,0.07940246,0.038660474,-0.12852317,-0.024433792,-0.01407535,0.018579036,-0.21464267,0.06265483,0.022906521,0.031055793,0,-0.21214879,0.06011123,0.13019136,-0.023410462,-0.20953038,0.21410775,0.012308609,-0.04422523,0.06612758,-0.21594593,-0.027771983,-0.19989806,0.017644145,-0.08330202,-0.12778684,-0.14906693,0,-0.0100094825,-0.040515356,0.019466648,0.029992629,0.1179294,0.035903875,-0.046652928,-0.029015115,-0.12471309,0.25758484,0.15161908,0.0077394284,0.16880985,0.23225711,0.015407711,0.18110354,0.25487664,0.16937992,-0.24549344,0.11080686,-0.11506099,0.008559428,-0.17666262,0.03368882,0.15689316,0.17154689,0.21653865,-0.0788253,-0.058733724,0.38020188,0.03743594,0.15291703,0.17972465,0.11845026,-0.03851074,-0.09295876,0.031254597,0.0622795,0.28236306,-0.20267622,-0.058576338,0.26551822,0.14051786,-0.04938844,0.018273963,0.36454117,0.09728873,-0.13833599,-0.024811262,0.093109876,-0.09018211,-0.05613044,-0.014388643,0.0018016249,-0.06256707,-0.015633823,0.06650366,0.1786866,0.3888271,0.06605424,0.10979361,0.029095411,-0.059725165,0.18643056,-0.10788202,-0.10692413,0.22621304,0.21286908,0.272568,-0.26599887,0.2305012,-0.059432805,-0.1050982,0.10448086,0.028026016,0.079429135,-0.026116595,-0.02416794,-0.12166583,-0.0013244767,0.09462887,-0.12557556,-0.034786895,-0.09874356,-0.0079450905,0.20037694,0.07816283,-0.114165336,-0.081586905,0.26723564,0.1774323,-0.0051325746,-0.02089648,0.029122703,-0.23215133,0.0519498,-0.015179267,-0.10225257,0,-0.10525392,0.18785244,0.08112235,0.06336028,0.13272265,-0.3038493,0.044057444,0.045747034,-0.2035407,-0.007028006,0.06304303,-0.04112199,-0.03710891,0.059341036,0.09542698,0.070279285,-0.18067358,0.17528248,0.14250574,-0.0045140265,-0.020657912,-0.041519195,-0.06919758,0.07997065,-0.073746465,-0.09268744,-0.021350378,0.24250159,-0.0847375,-0.12142014,0.09894103,-0.28548816,0.36890483,-0.039657716,0.020216856,0.021943912,0.34118497,-0.036063448,0.074567504,-0.077596776,0.10154179,-0.34476054,0.14670253,0.106416434,0.06966084,0.30140334,-0.025645945,0.13481739,-0.26834905,0.17303604,-0.20889783,-0.1498953,-0.017008377,-0.092592105,0.06336208,-0.13319221,-0.054858923,0.08641675,0.04556185,-0.2280458,-0.10191051,-0.23178484,-0.14371689,0.094012894,0.019400641,-0.06300653,0.06952166,0.049857423,-0.086839244,-0.16925493,-0.0030797347,0.19980988,0.111067295,-0.0110915005,0.06859124,-0.11162099,0.0740137,-0.0013619214,-0.20196572,0,-0.0056903884,-0.008220492,-0.062044896,0.11365777,0.21349406,0.11300071,0.12615187,0.093827635,0.15832454,-0.056990724,0.074072056,0.17593975,0.03858408,-0.19615972,0.13026346,0.05520283,0.07220789,-0.060916074,0.20830211,-0.071160786,-0.07495202,-0.0678903,-0.39704615,0.04967914,0.13624328,-0.19382232,0.1974539,-0.26668528,-0.041940212,0.20017213,0.22259404,0.22397295,0.02606263,0.014860153,0.041499965,-0.0917214,-0.21071361,0.22124434,-0.09076494,0.01483535,-0.046103973,0.10586803,0.07512569,0.27631187,-0.17780022,-0.066094704,-0.21474853,-0.021312878,-0.117397726,-0.13577633,0.22532167,-0.034206536,0.18986887,-0.057103343,0.1751194,0.20576797,0.06470757,0.11849195,-0.055645555,0.12534782,0.023206066,0.07117962,-0.056358956,0.016646454,0.030192137,-0.2564568,0.17944802,0.21422946,0.22855994,0.17221206,0.17354903,0.16101325,0.06995204,-0.100245446,-0.006920889,-0.049919806,-0.16238436,0.10277063,-0.12903425,0.15371399,0.14423123,0.18775345,0.026763722,0.058658965,-0.0070164427,0.2943189,-0.06686634,-0.06488828,-0.12897873,-0.090961516,0.052440412,-0.04494538,-0.112934634,0.19772206,-0.013322413,0.03293246,-0.094784364,0.22645012,-0.2356628,-0.2883487,-0.18180838,-0.09175191,0.016701588,0.37647253,-0.1278606,-0.24475376,0.05015275,-0.060391363,0.00424527,0.2831951,0.10053502,0.024273586,-0.20088744,0.19502652,0.0073349923,0.33202785,0.06273531,0.036896452,-0.0978173,0.034865264,0.1191478,0.0116723925,-0.19558783,-0.022433802,0.10841804,-0.07230783,0.10922892,0.25669828,0.11575,0.056264613,0.12798536,0.124673314,0.012754142,0.06702236
"(113.98693810243525, 22.544989781445786)",0.1603623,0.032750033,-0.016834114,0.046434864,0.10855555,-0.02620453,0.07160653,0.024042074,0.009907752,0.28917748,-0.122166224,0.098350585,0.06914592,-0.03412452,-0.2694362,0.045266036,0.11633472,0.15411085,0.15916415,0.40961608,0.2298123,-0.04985244,0.015172221,0.14095637,-0.0035747774,0.062292535,-0.01765161,0.08244081,-0.18744054,0.026634276,0.11252518,0.11037656,0.24493784,0.109863795,0.25537157,-0.17587799,-0.06462286,0.14968324,0.034234565,0.013101205,-0.2610968,0.36757684,-0.14756434,-0.12202312,-0.112461515,0.0566827,0.26698506,-0.10305075,-0.15714753,-0.12128228,-0.062420383,0.06275168,0.0255723,-0.1620017,-0.13329199,0.07699256,-0.15476248,0.07272222,-0.1935678,-0.13639653,-0.086225286,-0.11808317,-0.108746365,0.0026853532,0.037621725,-0.10947109,-0.09650482,-0.05758011,0.04632197,-0.27049387,0.118534006,0.038031437,0.015571326,0,-0.26197788,0.055180047,0.18219142,-0.027012862,-0.20307022,0.16963151,0.033555042,-0.025581867,0.17354055,-0.27056038,-0.005209502,-0.12338986,-0.00613036,-0.08642221,-0.081748955,-0.13809448,0,0.031557538,-0.06438639,0.1463647,0.1054951,0.040020112,0.035896663,-0.05324079,0.013703892,-0.17227107,0.19211045,0.17850438,0.03705563,0.23265363,0.33927852,-0.011614218,0.25468323,0.2869275,0.1994134,-0.28710648,0.11152376,-0.048025355,0.041066,-0.23268062,-0.013051353,0.19323568,0.20259452,0.26179087,-0.14206733,-0.09210858,0.35915273,-0.03652104,0.12570961,0.15771094,0.11876527,-0.04940757,-0.07590404,0.043240264,0.039900474,0.33730185,-0.31931308,-0.100285515,0.2509659,0.13012022,-0.102827355,-0.074477464,0.48786306,0.11171681,-0.10820697,-0.1235117,0.15354928,-0.0724832,0.05712253,-0.026578732,-0.03339506,0.033035547,-0.040349975,0.16913997,0.22688277,0.38583088,0.1893406,0.16770753,0.078438416,-0.024073973,0.25468785,0.046909723,-0.015589938,0.25766653,0.27149552,0.2940635,-0.24059013,0.24574009,-0.1766045,-0.21714221,0.059145838,-0.06343718,0.10839249,-0.045113757,-0.062711194,-0.111835964,0.013314536,0.1441752,-0.055592045,-0.02614133,-0.10308494,0.09764025,0.2465982,0.09858317,-0.08864745,-0.10230974,0.39178267,0.17200589,0.06012856,0.0070080087,0.092987426,-0.28174573,0.069804,0.029173782,-0.019539326,0,-0.1202417,0.22390282,0.07206861,0.06418134,0.20149833,-0.2725861,0.1705351,0.07239429,-0.14410271,0.032715037,0.011317728,-0.1150592,-0.06844301,0.025912518,0.095137864,0.08800195,-0.21718885,0.2206731,0.1278606,0.055196755,-0.068550065,0.0056748595,-0.058537997,0.050204158,-0.22788244,-0.13983798,-0.0182675,0.2633313,-0.10121121,-0.11296616,0.12999272,-0.23260434,0.44745004,0.035311636,-0.007302668,0.024414971,0.41004282,-0.021203937,0.10205039,-0.06364416,0.1303757,-0.40895388,0.23723862,0.1483407,0.12962975,0.3698876,0.016624507,0.111007154,-0.3140226,0.21226153,-0.15982822,-0.14072073,0.01574886,-0.09392889,0.15273447,-0.09576667,-0.06732644,0.1361388,0.052307837,-0.14843832,-0.10657195,-0.281744,-0.21396883,0.12512435,0.062193267,-0.062110938,0.12186401,0.014568906,-0.15385604,-0.20927694,0.03494384,0.30371615,0.061916355,-0.003526166,0.037332725,-0.13436057,0.03921795,-0.035657823,-0.319029,0,0.078971185,-0.09163734,-0.07833489,0.06941837,0.29702306,0.1470555,0.12047799,0.12647487,0.11473871,-0.056642372,0.067912035,0.15789127,0.07348062,-0.1944108,0.13375281,0.106855996,0.12213998,-0.054588925,0.24923638,-0.11411118,-0.09518516,0.042244986,-0.46003336,-0.031506658,0.22043937,-0.2678188,0.14582193,-0.18689422,-0.089183524,0.26632372,0.22213477,0.26006415,0.034695428,0.13437234,-0.02764871,-0.19700433,-0.16577396,0.2789979,-0.15745302,0.10811322,0.0052220486,0.18299352,0.052643836,0.29825372,-0.20669036,0.007564701,-0.22790706,-0.06224963,-0.044445794,-0.18214498,0.27736056,-0.051901218,0.14662406,0.016150035,0.28757218,0.20126946,0.02405747,0.037108824,-0.053072914,0.21118793,-0.08941056,0.09117104,-0.13167605,-0.0041173976,0.09309647,-0.3098183,0.21163681,0.2858366,0.31420994,0.13477902,0.23896286,0.18579915,0.07524339,-0.06452999,-0.094510645,-0.018740311,-0.14089747,0.029719997,-0.15590951,0.15641637,0.15584968,0.18339448,0.13760123,0.04248459,0.055583067,0.3363284,-0.051074814,-0.01847997,-0.1686253,-0.11219163,0.07293455,-0.042919867,-0.17274024,0.22445847,0.045709364,0.031478405,-0.05554431,0.3237389,-0.26849285,-0.30132142,-0.21538097,-0.045019843,0.058743574,0.376752,-0.20185998,-0.3267554,-0.005450692,-0.104155526,-0.031150024,0.3473426,0.12747382,-0.018177535,-0.25783578,0.21089548,0.05825518,0.3269337,0.046357147,-0.004615887,-0.104260236,0.1009012,0.11117097,0.06932372,-0.19861187,-0.030731186,0.15221885,-0.03410291,0.1432519,0.29135793,0.07308598,0.033551935,0.11800903,0.19566989,-0.047108226,0.14279866
"(113.9896196811236, 22.677103749328875)",0.22174758,0.09973073,0.07189362,0.037895493,0.03855377,-0.19345506,-0.11374394,-0.01256552,-0.065948695,0.1640637,-0.02157712,0.27122808,-0.13142031,-0.11127615,-0.19050622,0.067827195,0.11451624,0.2766642,0.040647782,0.35101417,-0.07060247,-0.15804808,-0.14042154,0.2957823,0.09795262,0.13526398,-0.08395166,-0.07362306,-0.1765871,-0.07564753,0.036862016,0.081547536,0.38592964,-0.102641895,0.17532888,-0.18102393,-0.004421003,-0.04441099,-0.13716842,0.12061236,-0.15155643,0.46635306,-0.19356574,-0.04610408,-0.087982126,0.025879005,0.1257876,-0.13581225,-0.1677548,-0.008241473,-0.0417957,0.1341252,-0.003429655,-0.020653136,-0.22147375,0.04005013,0.0056903297,0.09216096,-0.08680633,-0.056600817,-0.058216732,-0.07012325,0.09620601,-0.08267294,0.03250611,-0.08457916,-0.21041413,0.0037756637,0.1014764,-0.31659025,0.1011196,0.14799373,0.084074065,0,-0.15829991,-0.10735153,0.20008598,-0.029686905,-0.09875637,-0.0018244982,0.19759937,0.07810058,0.34955052,-0.4119283,0.08715576,0.07221007,0.022274554,-0.16186795,-0.08010661,0.010237001,0,-0.0702906,-0.081384815,0.32494882,0.20590472,-0.05668269,-0.1401982,0.049153045,0.13639492,-0.059946936,0.13156417,0.10583728,0.090499714,0.11461122,0.19604854,-0.03271082,0.30996323,0.30558908,0.18083644,-0.15856448,-0.048356973,0.10798071,0.071316056,-0.06532887,-0.12561071,0.29543507,0.15484513,0.33091345,-0.20868018,-0.1846112,0.18517374,-0.0032396675,0.08017954,0.14094262,-0.07085217,-0.014656246,0.102347165,0.04878435,0.03737759,0.30402488,-0.4742358,-0.13081415,0.038098842,-0.088590614,-0.24690503,-0.009948494,0.43303955,0.11863738,0.048933823,-0.17898637,0.37096325,0.048521962,0.34762233,-0.10040239,-0.20173961,-0.061801493,-0.08106669,0.1563073,0.3944977,0.20623651,0.30451602,0.19582522,0.25211522,0.0742809,0.382853,0.31880197,0.35028952,0.083074726,0.20218259,0.26034468,-0.13428998,0.32593393,-0.20247792,-0.37577313,-0.028609812,-0.18088852,0.15864599,0.15556888,-0.1306075,-0.19619185,0.1272113,0.09919913,-0.033031747,0.050366297,-0.36269963,0.17091422,0.19832523,0.053812817,0.10542635,-0.18182397,0.4606896,0.0010107085,0.21593049,0.19803968,0.30441615,-0.39807105,0.085222565,0.17502615,0.27672344,0,-0.08014698,0.083447106,0.11546061,0.079839945,0.17115715,0.2180236,0.32766145,0.21554396,0.24537362,-0.1599305,-0.10169315,-0.23918366,-0.059422117,-0.12531252,-0.039343372,-0.0012623519,-0.098999664,0.21230166,0.18450168,0.29361722,-0.10518329,0.028748726,0.039494753,0.07508756,-0.2838463,-0.23060457,0.0139444005,0.13636276,-0.10990869,-0.09623559,0.04623882,0.04389163,0.49760133,0.30475548,0.017142016,-0.0102311745,0.39314649,0.031907357,0.14986321,0.07630205,-0.12108205,-0.183853,0.2707374,0.23699778,0.24139337,0.16261731,0.029736783,0.009793706,-0.2890609,0.36393115,0.092768535,-0.08910281,0.12471428,0.15953355,0.14744684,0.14417511,-0.12933399,0.15961212,-0.091213234,0.028630137,-0.22899291,-0.19895634,-0.32306713,0.1619587,0.013917632,0.008149065,0.23380032,0.073575884,-0.12711884,-0.37197354,0.12879667,0.36630136,-0.056384258,0.045125447,0.013294291,0.04455779,-0.035061046,-0.09675726,-0.30030748,0,0.29098624,-0.14549515,-0.10404471,-0.13589919,0.20637543,0.15554807,0.14717558,0.11754331,0.025419898,-0.3064255,-0.04406908,-0.03424221,0.19324237,0.0055184066,0.014318805,0.20517123,0.063049495,0.04091907,0.10360861,-0.12831882,-0.12090408,0.19197612,-0.3825894,-0.1579858,0.4030437,-0.15225324,-0.030537946,-0.0039856583,-0.09184311,0.1759166,0.092023805,0.13854165,0.0026971847,0.28195184,-0.021352008,-0.2075617,0.06590289,0.11434421,-0.054746892,0.3165358,0.06942594,0.46114546,0.058552623,0.17389168,-0.057832345,0.07213899,-0.1595704,-0.1528661,0.17000495,-0.22102201,0.022555143,-0.053098675,0.22570749,0.0948345,0.27690366,0.13722223,0.12126588,-0.19412458,-0.22387801,0.2628086,-0.28133625,0.1425572,-0.22171,-0.07661187,0.13367797,-0.12613629,0.21884073,0.32589725,0.2667983,-0.1523728,0.28291163,0.023477426,0.08665628,0.08326468,-0.09272513,0.037976876,-0.18560687,-0.066978686,-0.22698359,0.17209019,0.13190567,0.12050556,0.33298442,-0.13084677,0.101580866,0.22589839,0.047846258,-0.19020261,-0.09669944,-0.25258946,0.026072942,0.027209232,-0.09380321,0.123793624,0.11451738,0.09930749,0.09180374,0.36709258,-0.25882012,-0.26865557,-0.20787776,-0.008818423,0.1704987,0.31166652,-0.35551754,-0.44536793,0.015089303,0.019136216,-0.07749514,0.31434464,0.014148038,0.06297007,-0.11435609,0.37320387,0.17753738,0.14695671,0.16236834,-0.08835919,-0.14717099,0.07314491,0.12795612,0.12776744,-0.12494491,-0.14041348,0.3871792,0.14077766,0.29021394,0.20299637,0.07977532,-0.085962504,0.015023459,0.10803418,-0.08000165,0.09918573
"(113.99052689456026, 22.541681814784752)",0.19622919,-0.0051735174,-0.02305245,0.08013897,0.1632992,-0.041986335,0.1487561,0.035652008,0.025125608,0.30498898,-0.11996089,0.057813864,0.11257085,-0.03771971,-0.18734461,0.061908897,0.05521874,0.0675155,0.09189224,0.293545,0.16108009,-0.064881645,0.051184326,0.076635614,0.011320468,0.016928606,-0.07040209,0.0873817,-0.14832407,0.10979031,0.1535786,0.12882945,0.076391555,0.15825433,0.26980644,-0.08569501,-0.051280536,0.108672164,0.079919085,0.07159931,-0.15149891,0.25228238,-0.12074092,-0.11210015,-0.029520601,0.045843013,0.21119758,-0.07215756,-0.078145206,-0.14100142,-0.061238185,0.06460808,0.0033133514,-0.10441598,0.0051991567,0.13849458,-0.08998928,0.0011758879,-0.14523782,-0.112114735,-0.10192302,-0.12013821,-0.14198998,0.05195634,0.02720074,-0.08165292,-0.00995557,-0.07130485,0.00675299,-0.23755047,0.100942545,0.017919699,0.0019425601,0,-0.23871215,0.063992694,0.24599488,0.004794918,-0.1652774,0.16357413,-0.008974779,-0.074388325,0.12056272,-0.20724016,-0.0009790547,-0.044720955,0.0031627566,-0.15064171,0.000207223,-0.12764809,0,0.080630116,-0.03711883,0.07598639,0.08920456,-0.084088,0.034448676,-0.016572997,-0.026195964,-0.17950271,0.10345723,0.14209032,-0.033006024,0.26969683,0.2844634,0.07000196,0.18195873,0.2511651,0.21113028,-0.186847,0.09103169,-0.0612277,0.050905995,-0.16460875,0.05143144,0.11042807,0.26202604,0.2580353,-0.087905936,-0.009758662,0.28695697,-0.02963552,0.14370584,0.10677144,0.067259945,-0.0064697266,-0.106964186,0.042526096,0.074667715,0.34291655,-0.2328423,-0.05125413,0.21122025,0.12088596,-0.072542325,-0.062328257,0.42016345,0.11140609,0.019751038,-0.054202817,0.06914139,-0.07999922,-0.017592356,0.07373438,-0.011553057,0.1248349,-0.06053195,0.16647203,0.069387585,0.332707,0.20907606,0.109857745,0.023692042,-0.03540854,0.17769358,0.005544547,-0.05688639,0.26614308,0.2504179,0.31900775,-0.13454416,0.1160288,-0.06925957,-0.12416263,0.09667775,-0.0052818563,0.031671777,0.0052652806,0.021890447,-0.040599473,0.023650667,0.17002021,0.09812835,-0.011857659,-0.0150912255,0.10981329,0.21574698,0.091277845,-0.07198153,-0.033444606,0.2902894,0.12637731,0.04618026,0.052855223,0.031995155,-0.16297507,0.063958645,0.013087524,-0.0604797,0,-0.087866716,0.25036427,0.026716406,0.0043861964,0.1332826,-0.26746833,0.15861745,0.041080855,-0.17256008,0.10218098,-0.062154695,-0.111079305,-0.039202016,0.023390451,0.057813093,0.07037775,-0.17255442,0.21297093,0.065455936,0.03272561,-0.048804805,0.061045773,-0.109763816,0.07474798,-0.02312053,0.01939556,0.005121669,0.17816201,-0.06655479,-0.09766281,0.12230927,-0.16126561,0.41471556,-0.01478285,-0.032582488,0.0791443,0.24875131,-0.029683495,0.04033137,-0.052467667,0.15630443,-0.31556872,0.16364855,0.092573054,0.01655367,0.28630763,0.050824504,0.052936465,-0.21475999,0.16604781,-0.036038063,-0.097833276,0.0077854265,-0.14649841,0.119979426,-0.09251144,-0.123155534,0.12794937,0.07094805,-0.0023771375,-0.041584186,-0.2704354,-0.17166801,0.13039815,0.079536594,-0.055474125,0.12458519,0.039414518,-0.088374496,-0.08520191,-0.013597488,0.23903668,0.07263231,-0.03303352,-0.011944298,-0.104282655,-0.04901606,0.023037493,-0.28727463,0,0.07708115,-0.034184083,-0.06622115,0.12962294,0.28230444,0.12733331,0.18203467,0.054991532,0.05071988,-0.028417524,0.0763693,0.151878,0.021690655,-0.17781103,-0.03307,0.11255657,0.13887954,-0.05960829,0.14541285,-0.08059567,-0.008130107,-0.026146278,-0.29395843,0.024546288,0.10125958,-0.23850107,0.113849476,-0.17478442,-0.10403554,0.22924912,0.17114778,0.24843152,0.09546771,0.0860005,-0.023514993,-0.14334221,-0.11950362,0.22754705,-0.08939977,0.04096266,-0.004284408,0.025452863,0.070122145,0.20552154,-0.16461606,-0.019449674,-0.1727257,0.05034578,-0.012586165,-0.129796,0.22423376,-0.0103139505,0.060324106,-0.0244307,0.23722896,0.18027261,0.029764853,0.03962472,0.028077303,0.21337846,-0.09138721,0.038976476,-0.09398355,-0.047283806,0.12887168,-0.25586674,0.1691674,0.23381825,0.26618838,0.06462833,0.18465811,0.18807366,0.064912096,-0.056643523,-0.0771392,-0.003131993,-0.025150489,0.07849206,-0.100028686,0.0599374,0.026547272,0.14378728,0.066741854,0.09109532,0.04570376,0.23740742,-0.09430128,0.059804242,-0.046511583,-0.11160144,0.13932659,-0.015247544,-0.13615915,0.23624256,0.11136416,-0.08494394,-0.088916264,0.19899416,-0.22120617,-0.25493857,-0.15793526,-0.015874138,0.015369848,0.3757709,-0.16403538,-0.17118783,0.07156236,-0.07895464,-0.04511888,0.2489598,0.062201988,-0.003809046,-0.25680488,0.15592109,0.10766813,0.282212,-0.014755465,-0.028354578,0.01861602,0.1341741,0.09903349,0.0023666471,-0.08181627,0.028327718,0.0128307715,-0.06968814,0.17933752,0.16354094,0.09765601,0.023127299,0.13061312,0.2584303,-0.07075604,0.11358685
"(113.9917911707658, 22.597110537736125)",0.06395252,-0.18787666,-0.11326191,0.037859827,0.49454746,0.34862956,0.18566291,0.23084004,0.42364076,0.28942508,0.041854396,-0.3157771,-0.16318339,-0.025942028,-0.17300466,0.022519339,-0.054639578,-0.20718917,0.21924767,0.014800031,0.3205919,0.030398214,0.19140753,-0.38999352,-0.039047677,-0.008106882,0.0889186,0.15410842,-0.4026622,0.04418326,0.01222945,0.021562725,0.33297718,0.25801298,0.14656356,-0.12580624,-0.28473,-0.11369701,0.092271775,-0.16707271,-0.3854972,0.034160666,-0.099696405,-0.39947593,-0.18664017,-0.0016780179,0.14410093,0.12385215,-0.23625511,-0.06067171,0.030114368,0.1300469,0.03060784,-0.244277,0.10897427,-0.14356373,-0.31360665,-0.10378688,-0.1425186,-0.44861326,-0.21289055,-0.10345845,-0.14324065,0.18786274,0.20240399,-0.46730006,0.20904697,0.068522945,0.18475373,-0.19342352,0.0955062,0.077727295,0.13637665,0,-0.0020573344,-0.016906422,0.10162613,0.04186467,-0.43927395,0.23785987,-0.09319559,-0.04999169,-0.017091233,-0.17032686,-0.18466069,-0.3214467,0.025053285,-0.0767128,-0.28907272,0.12697193,0,0.0050944462,-0.06685182,-0.44453254,-0.29981816,0.12294337,0.025954317,-0.09656082,-0.17700402,0.117632896,0.3515042,0.026664048,-0.09837456,0.06458402,0.1700487,-0.002400957,0.077968284,0.49627292,0.17180158,-0.024071038,0.2618266,-0.24019364,0.010148965,-0.16057119,-0.20296979,-0.06846879,0.13360457,0.2272486,0.05770058,-0.21746369,0.4494835,0.025102133,0.07598129,0.32035533,0.3049453,0.21086723,-0.09922892,0.055470306,-0.019404806,0.43081594,-0.3409355,-0.28821048,0.4535383,-0.060329176,0.11577608,0.076716915,0.53594434,-0.1850161,-0.23086792,0.13612989,0.28475288,-0.017876286,-0.28408146,-0.15333131,0.06695309,-0.4448005,-0.1364321,0.24564347,0.31274378,0.5214276,-0.48646712,0.050772242,0.33284363,0.0070292056,0.120006904,-0.40210015,-0.40402743,0.46815458,-0.12908128,0.17525788,-0.48980317,0.304852,0.2501169,-0.006579593,0.37586612,0.12913209,0.2958513,-0.13388465,0.126988,-0.15445279,0.006135652,-0.20211506,-0.27161774,-0.08125712,0.009155661,-0.00014849007,0.08282703,0.23517287,-0.1125661,-0.1497651,0.16423737,0.14809841,-0.008085586,0.031261683,-0.14721113,-0.09624088,0.08443485,-0.024508324,-0.064511806,0,0.040279347,0.20852831,0.077524014,0.07142926,0.27627078,-0.32165927,-0.08390446,-0.13677746,0.020102367,0.019920155,0.07906532,0.056308374,0.057207126,-0.1107277,0.26179713,0.16606276,-0.15843762,-0.10455205,0.2782886,-0.015603965,-0.1994939,0.15109578,-0.2646721,-0.030421346,0.34944168,-0.05490324,0.096410826,0.07811792,0.1608142,-0.15677784,0.23984137,-0.28898686,0.38198078,-0.3551198,0.21306543,-0.18090583,0.31338713,-0.063893676,0.07585528,0.0038133934,0.1896505,-0.09536234,-0.07535849,0.18641673,-0.057040133,0.2108501,-0.092471,0.2971113,-0.28808922,0.13283327,-0.013933703,-0.10405942,-0.16920464,0.053130053,-0.1093501,-0.41595334,-0.27548862,-0.08447574,-0.0006578937,-0.39463055,-0.14939544,-0.39606288,-0.027848154,0.15047303,-0.14930612,-0.051344126,-0.04026018,0.31013584,-0.082243845,0.007847652,-0.19770944,-0.018344216,0.16568638,-0.05519568,0.029844303,-0.083328575,0.35108906,0.1618398,-0.21560952,0,-0.10155087,-0.13034321,-0.4291385,0.45518962,0.03615977,0.15377474,0.10884714,0.026351873,0.2048181,-0.07319541,0.36426267,0.50028557,0.20299783,-0.14092796,0.011205677,-0.007641959,-0.26978087,0.009168822,0.0839298,0.03175965,0.02140139,-0.5157012,-0.21278006,0.30640426,0.042185105,-0.102817945,0.010020228,-0.41978455,0.18355674,0.14880575,0.014868153,0.06366196,0.1857882,0.0044698417,0.40042984,-0.116438925,-0.28114367,0.22152853,0.18408616,0.10540999,0.020756636,0.25365794,0.11600697,0.2611963,-0.39152306,-0.18849713,-0.3579204,-0.17759621,-0.3255693,-0.2439082,0.23981093,-0.014557529,0.20137595,-0.27147228,-0.018850677,0.47829872,-0.02371911,0.38769513,0.12679031,0.012862831,0.12981333,-0.27519503,0.19784978,-0.05687847,-0.17510171,-0.17712295,0.103836454,0.15248244,0.17491758,0.18466842,0.122784436,0.1367149,0.3747332,-0.24691018,0.3727898,-0.1581594,-0.3278198,0.13430278,-0.16359635,0.05008618,0.06909715,0.08406858,-0.0999714,0.4241081,-0.3913762,0.50793606,-0.15680358,-0.116365746,-0.091298856,-0.11333492,0.014292352,-0.030788487,0.11095921,0.2593207,-0.041467153,0.09045182,-0.26880333,0.10915443,-0.22268757,-0.33522418,0.110769056,-0.14841041,-0.23313293,0.5087924,-0.18428653,-0.06248726,0.1923975,-0.04718894,0.113857925,0.075582296,-0.12057334,0.15451445,0.04319119,0.577054,-0.12744401,0.31379852,0.028264724,0.06673823,-0.079755306,-0.03326035,0.20180523,0.006036885,-0.0060487837,0.036489323,-0.16198465,0.15909605,0.059271395,0.27214858,0.26235917,0.16979095,0.023998823,0.26546973,0.08422669,0.0699164
"(113.99226409810336, 22.53953024975633)",0.20193267,-0.07454655,-0.043225206,0.0986992,0.25768283,0.072692305,0.16373008,0.05018923,0.11345434,0.2659124,-0.08994612,-0.08206424,0.23187187,0.05833265,-0.054507904,0.03358886,-0.01579298,-0.08452561,0.07282847,0.07599102,0.06467841,-0.078478724,0.081824176,-0.020063236,0.034916956,-0.023007382,-0.12282591,0.09066648,-0.009888176,0.15322843,0.1424601,0.120807335,-0.037340067,0.17567971,0.17207383,0.016509535,-0.017255202,0.047434285,0.03177723,0.067601524,-0.034157135,0.012954988,-0.112645924,-0.06203116,0.067050405,-0.037439443,0.09404957,-0.011330072,0.00051139295,-0.13462098,-0.052694097,0.07968282,-0.030789662,0.03182079,0.042767607,0.07085632,-0.037458155,0.031486697,-0.061599072,-0.006290458,-0.093089744,-0.08802967,-0.14425045,0.1333745,0.028257694,-0.049143486,0.085715644,0.003108386,-0.035623457,-0.17467439,0.0040972456,0.0424624,-0.0038483292,0,-0.18423997,0.07645838,0.24921604,0.102022596,-0.06552103,0.094981484,0.01083846,-0.08442185,0.025607724,-0.12167998,0.029190373,0.050578997,-0.02423377,-0.22782865,0.06004205,-0.053234734,0,0.014793314,-0.013224378,-0.063129,-0.0049592853,-0.12076248,0.038906377,0.08799429,0.009564737,-0.15163478,0.07941908,0.01716686,-0.09206097,0.19679934,0.09326659,0.11502397,0.058343224,0.18380348,0.12981619,-0.029516593,-0.016647294,-0.07393955,0.054906495,0.026223637,0.1325306,-0.013688429,0.2722477,0.22138272,0.017527856,0.07356398,0.14604162,0.045548033,0.12471634,0.116206884,-0.0078005996,0.010321125,-0.098943144,0.03232775,0.1372509,0.26626748,-0.064927116,0.008120453,0.0739903,0.10434192,0.026369274,0.047430277,0.19496945,0.07785657,0.13115005,0.0379444,-0.03295648,-0.0489981,-0.08825849,0.14757892,-0.035641015,0.11658729,-0.075553276,0.12496182,-0.08050884,0.21510509,0.20618162,0.038311623,-0.05741617,0.00183703,0.05162466,-0.11432296,-0.07209517,0.16885975,0.17789724,0.2869379,-0.01815077,0.003814578,0.14531004,0.0691687,0.14394382,0.14172743,-0.04249555,0.08598472,0.13370128,0.03939814,0.018006617,0.17348896,0.08841875,0.010152787,-0.014748104,0.07315183,0.13537778,0.01563783,-0.029317148,0.051688917,0.040083162,0.08362245,0.037427884,0.14585148,-0.041999497,-0.041349348,-0.002515003,-0.039108314,-0.1714189,0,0.016999662,0.24215883,-0.039170526,-0.044593688,-0.023551017,-0.14878283,0.032283485,0.0036380365,-0.1740877,0.06934842,-0.08968668,-0.052306056,0.009703142,0.039952487,0.06101688,0.021170288,-0.068795726,0.15715617,0.008069627,0.017876228,-0.048049808,0.07276962,-0.1058537,0.13835125,0.25544044,0.13064833,0.023328839,0.029190473,-0.10598702,-0.05056025,0.0774348,-0.12784687,0.22517622,-0.030495588,-0.08164662,0.13136704,0.03778732,-0.013203206,0.02096098,-0.024377875,0.17052713,-0.1550873,0.05238832,0.058575362,-0.14926831,0.107660905,0.027775537,-0.02177786,-0.06521933,0.09170746,0.05986936,-0.06230045,0.024730371,-0.17205225,0.03347757,-0.089382194,-0.19879372,0.060362805,0.055656277,0.020039856,0.022468477,-0.24497247,-0.0957924,0.08270614,0.022023693,-0.05372951,0.11126313,0.055998214,0.0014062971,0.03141793,-0.08348557,0.08917118,0.08582938,-0.07934862,-0.07584491,-0.064360164,-0.13279161,0.076355666,-0.14775127,0,0.08361735,0.09489588,-0.049106877,0.08494133,0.20777783,0.10773709,0.21218726,-0.07571378,0.06920529,-0.02783199,0.070948735,0.10773531,-0.028680377,-0.12079105,-0.18593717,0.034192663,0.08104394,-0.03587971,-0.111674294,0.014579857,0.022441965,-0.17941871,-0.134647,0.19291162,-0.011863299,-0.08793091,0.05197878,-0.16679129,-0.05722945,0.11913228,0.09068562,0.15725121,0.13675043,0.059700668,0.0622115,-0.062713906,-0.09182726,0.050939273,0.068558276,-0.08963644,-0.058548562,-0.077332124,0.07501145,0.07986659,0.032638416,-0.09263957,-0.07809746,0.13593031,0.013204042,-0.045599543,0.022837944,0.03060548,0.06130104,-0.0792092,0.092829116,0.1829179,0.120407216,0.0020441562,0.11439368,0.17122394,-0.10563733,0.0019163061,0.003406927,-0.048301354,0.12583205,-0.12819856,0.11309341,0.1267367,0.1312674,-0.0031307675,0.09974713,0.13108775,0.053170383,-0.032979034,-0.01931256,0.028851904,0.032254983,0.19438578,-0.025830604,-0.083501406,-0.064636454,0.07309903,-0.045359835,0.14482558,0.040337153,0.12292994,-0.11650033,0.055009324,0.0656108,-0.14564486,0.22467113,-0.01807957,-0.019388543,0.15218434,0.08465639,-0.26745588,-0.06274487,0.035326216,-0.085292034,-0.19654849,-0.06340306,0.014978105,-0.08324149,0.34900525,-0.028900722,-0.004560247,0.17448604,0.05939288,-0.051969912,0.090033084,-0.04482772,0.036838945,-0.18086928,0.16693652,0.07051164,0.21313925,-0.013944797,-0.0019499352,0.16119213,0.0598416,0.111782014,-0.14270598,0.037892476,0.022575662,-0.04642608,-0.0967929,0.16757853,0.04141414,0.13217816,0.015474502,0.068555966,0.24690908,-0.032984316,0.02398561
"(113.99595206586356, 22.532983775706818)",0.26627597,-0.021219848,-0.05956137,0.11597044,0.17981158,-0.14751182,0.249238,0.06116763,-0.008443505,0.35169464,-0.101239264,0.067672476,-0.029837921,-0.10629118,-0.20609957,0.1408148,-0.018233106,0.03489139,-0.028863814,0.19493337,0.012109734,-0.1488336,0.046953164,0.119990036,0.053229313,0.018855065,-0.17134696,0.06186206,-0.23345095,0.2182621,0.18513528,0.18806823,-0.10634649,0.102467604,0.3455247,-0.06848585,-0.08767607,0.046389364,0.08439301,0.15306652,-0.03275507,0.3305276,-0.090162426,-0.19570518,0.040340573,0.12829672,0.17481518,-0.096810386,0.013662443,-0.15466069,-0.14558455,0.114656076,-0.076327756,-0.08022195,0.24961415,0.3228496,-0.019772619,-0.13348481,-0.11057842,-0.1459926,-0.17189568,-0.13735881,-0.053065833,0.028055802,0.034913182,-0.03194581,0.06552096,-0.13112862,0.016626254,-0.2680429,0.1312874,0.06498295,-0.017768957,0,-0.3051436,0.042913962,0.40046987,0.0527227,-0.13305366,0.13024881,-0.016417254,-0.12024071,0.18397468,-0.20354463,-0.0089881085,0.13276322,0.017996758,-0.25326297,0.11049946,-0.04864443,0,0.22850418,-0.053420313,0.105232574,0.09851306,-0.3842315,0.027172245,0.037299022,-0.044619657,-0.17496316,-0.0963627,0.07806625,-0.08445345,0.40677112,0.3017435,0.10378055,0.16363916,0.2665885,0.25889027,-0.060184002,0.09142759,-0.052405227,0.08632528,-0.13626134,0.009849288,0.08842917,0.41193905,0.3363534,-0.059216477,0.059067573,0.2334929,-0.07494062,0.1513326,0.05059553,0.039471813,0.066637725,-0.15600319,0.05723389,0.07618209,0.44945472,-0.29796064,-0.10249586,0.18922777,0.069929115,-0.05386609,-0.15843552,0.48844868,0.105210155,0.18425699,-0.112358674,-0.0017319098,-0.04430994,0.026176646,0.18046764,0.036458366,0.24332651,-0.1403477,0.2907966,-0.05766765,0.3400738,0.30973077,0.10177889,0.026904732,0.012329072,0.2403698,0.1272545,0.023333251,0.3226598,0.26039967,0.36913443,-0.05294919,-0.015550688,-0.012711868,-0.12416515,0.14112672,-0.11493466,-0.0124224,0.09564532,-0.0029227287,0.0693706,0.041493498,0.25771907,0.38036534,0.028782941,0.10912694,0.22486407,0.24986097,0.10606019,-0.06207425,0.058287576,0.30553806,0.08020566,0.10122071,0.15319833,0.034517027,-0.08844194,0.11275891,0.045310378,0.025148198,0,-0.032146312,0.26714212,-0.017992606,-0.082420856,0.11650089,-0.2126133,0.3062129,0.03298854,-0.11276546,0.24554175,-0.22830133,-0.15203229,-0.03591729,-0.05484005,-0.00091694295,0.09344627,-0.13566391,0.2323691,0.013828345,0.049969986,-0.132445,0.21558473,-0.14086385,0.10606332,0.07844072,0.17212884,0.07435851,0.07581845,0.007179342,-0.09582549,0.119879514,0.011605049,0.46121162,-0.03448609,-0.0927774,0.14370152,0.15962967,0.024452459,-0.015640177,-0.02060625,0.24998038,-0.2651583,0.10753556,0.04641653,-0.089109726,0.24660476,0.13029031,-0.053420685,-0.12597735,0.1548453,0.2131606,-0.037643135,0.006136434,-0.24042164,0.1601699,-0.010600068,-0.25728455,0.15519916,0.04168562,0.29540434,0.008828953,-0.3094459,-0.21615915,0.20576857,0.16566785,-0.045123763,0.15676743,0.03364187,-0.077174634,0.05380497,-0.06302205,0.25062397,0.079043865,-0.055988945,-0.13131048,-0.1328396,-0.18814918,0.09665735,-0.3614201,0,0.14239967,-0.105374165,-0.12465461,0.21628338,0.27935666,0.19090426,0.19682395,0.069850855,-0.10348403,0.0043396316,0.11388728,0.15990081,0.018385794,-0.1733709,-0.24195968,0.1635026,0.21749662,-0.048561115,0.06442484,-0.05819267,0.065279335,0.0045363754,-0.07206002,0.093489826,0.001325585,-0.3205223,-0.05062136,-0.10327652,-0.12146099,0.2537427,0.07460828,0.31348574,0.19371666,0.19892617,-0.026823007,-0.18399093,-0.018640827,0.20501755,-0.007332314,0.121795915,0.05739459,-0.08365318,0.09542556,0.16573836,-0.2146004,0.01709216,-0.13294184,0.11150077,0.10480389,-0.11605486,0.20884207,0.02220122,-0.07839267,-0.03181322,0.27308553,0.21123573,0.031746946,-0.027466476,0.12481327,0.34002027,-0.2426105,-0.0062648635,-0.15888178,-0.13477272,0.22901423,-0.2764107,0.17198169,0.2577351,0.29513794,-0.10999507,0.19581869,0.18802631,0.10097867,-0.05088623,-0.10678844,0.050729915,0.14564231,0.06371249,-0.10839297,-0.059965294,-0.16085355,0.048118692,0.111967504,0.16590506,0.038727157,0.15760075,-0.15280111,0.22863774,0.050716825,-0.17699347,0.22800207,0.014186392,-0.18238793,0.28183964,0.26483124,-0.19846006,-0.14361928,0.14029302,-0.19660342,-0.24489509,-0.045317,0.03164337,-0.014401119,0.37964338,-0.23505831,-0.09072797,0.14019105,-0.10544738,-0.08055127,0.1216754,0.01837508,0.0024903454,-0.2752177,0.14949852,0.23947263,0.22568305,-0.09099992,-0.22389391,0.18158995,0.20659064,0.157018,-0.0027303398,0.033024266,0.08735621,-0.13919422,-0.04124227,0.31381914,0.06868094,0.12733364,0.03364626,0.118317366,0.425205,-0.16027763,0.16690229
"(113.9961617831628, 22.59457514827555)",0.09358849,-0.20039953,-0.15197341,0.05106271,0.50290334,0.35369593,0.26138622,0.23025964,0.40543976,0.27118507,0.06351759,-0.3238221,-0.15883264,0.017237566,-0.11336027,0.063885346,-0.09214623,-0.27860487,0.16372679,-0.08663958,0.102604575,-0.00016708579,0.17110118,-0.33481035,0.03571206,-0.03522394,-0.026441894,0.14350556,-0.3219571,0.12814303,0.01657603,0.044723477,0.11754688,0.18709588,0.097917885,-0.067035206,-0.27381694,-0.15213488,-0.00049065426,-0.113901526,-0.2718705,-0.008677356,-0.083636254,-0.3543305,-0.08501829,0.039248988,0.0835345,0.11444247,-0.09240326,-0.010669304,-0.032062136,0.15679337,-0.0006477013,-0.14708793,0.17388871,-0.05093189,-0.21350288,-0.07787018,-0.08032064,-0.40948617,-0.27528635,-0.092182815,-0.06742746,0.16932876,0.19935426,-0.40721658,0.273312,0.07516113,0.16113177,-0.17768441,0.0041215345,0.16012792,0.11296338,0,-0.04574343,-0.06502628,0.19686945,0.16663888,-0.2451993,0.17140242,0.010312106,-0.07370189,0.017099652,-0.1817,-0.15386759,-0.13937476,0.025495,-0.20238015,-0.19628406,0.21737117,0,0.039200723,-0.0862821,-0.3571563,-0.3269101,-0.04370054,0.031475045,0.025663659,-0.10727266,0.102133155,0.25942537,-0.10706849,-0.06748183,0.113792434,0.09412335,0.00031380355,-0.013464317,0.4329474,0.08799779,0.1166335,0.18332143,-0.20469932,0.014816642,-0.009856783,-0.14167449,-0.09575862,0.19929661,0.26692823,0.13996607,-0.07428683,0.3718434,0.0430617,0.0936587,0.28279322,0.2169344,0.2053502,-0.158855,0.053622384,0.065380365,0.41993555,-0.31343123,-0.2972138,0.26630718,-0.055602744,0.15266906,0.06499095,0.44541845,-0.12095541,-0.09969671,0.115532234,0.17241319,-0.008818828,-0.19112527,-0.10092866,0.09810942,-0.3576068,-0.18160363,0.22412418,0.13494913,0.4589342,-0.34508535,0.060961522,0.208404,0.10053188,0.14482692,-0.32216442,-0.24717385,0.39748394,-0.07239664,0.20904149,-0.3822946,0.21245453,0.33018458,0.085986555,0.35681045,0.10131636,0.18102674,0.034942582,0.07957992,-0.050856426,-0.0055995416,-0.11028883,-0.1581761,-0.007848769,0.0632668,0.020553026,0.109031394,0.16167903,-0.11464894,-0.012089308,0.020300979,0.14053321,-0.0020336397,0.17464472,-0.11402152,-0.055745285,0.105935514,-0.041321836,-0.07061428,0,0.11207521,0.20757481,-0.00010172278,0.008139217,0.1496621,-0.17383581,-0.018800147,-0.06947895,0.04189757,0.02367317,-0.084978506,0.039773792,0.07239243,-0.13884638,0.19559512,0.10846767,-0.03893526,-0.08351625,0.20719787,-0.023041643,-0.23593111,0.17384046,-0.23272382,0.06395465,0.4786671,0.05451487,0.13112949,-0.07414969,0.13072559,-0.12208697,0.1548891,-0.18174544,0.27085873,-0.2859805,0.085534826,-0.12627964,0.13091122,-0.0165048,0.07234101,0.014511898,0.249458,-0.0050852345,-0.12428962,0.11065957,-0.16244791,0.122791514,-0.06965098,0.1630065,-0.19319595,0.11296504,0.1625163,-0.07858808,-0.104608245,-0.06862435,-0.07692596,-0.2651562,-0.37029243,-0.086931705,-0.04547658,-0.20971252,-0.10365487,-0.40233552,-0.048995033,0.17024352,-0.07533199,-0.08995386,-0.006326027,0.27370635,-0.04255203,0.10819756,-0.18484366,-0.029723145,0.18718831,-0.07567043,-0.082779706,-0.058960784,0.16122831,0.13888003,-0.16847983,0,-0.056827657,-0.13554482,-0.41574752,0.3817858,-0.02223748,0.20819196,0.12510991,0.028420314,0.16985047,-0.032685887,0.3264893,0.42949465,0.15845406,-0.13330634,-0.1351098,-0.028688606,-0.20960261,0.029476997,-0.0583338,0.09964594,0.05300669,-0.52740854,-0.009559229,0.43117493,-0.035619702,-0.0772994,-0.1722031,-0.3674985,0.14955942,0.07731546,-0.040722787,0.080791265,0.23913594,0.08006294,0.40111974,-0.09372978,-0.22159307,0.101875395,0.26797497,0.048406705,0.010331254,0.1575324,0.15464765,0.23461533,-0.22044648,-0.23464717,-0.27309766,-0.057006247,-0.17494634,-0.17561048,0.07409645,0.01668317,0.1731823,-0.27856168,-0.011738263,0.45789483,0.070967086,0.257105,0.17900184,0.12899214,0.0021891259,-0.26653454,0.15925312,-0.08939231,-0.10663655,-0.12892851,0.09292579,0.13251337,0.14110237,0.04650181,0.092762195,0.100796826,0.3217218,-0.24063031,0.30714324,-0.0922745,-0.26167282,0.19025649,-0.13166095,-0.10501848,-0.06981166,-0.012341544,-0.13521066,0.41472778,-0.34615535,0.3385071,-0.1585102,-0.0124512585,-0.05885694,-0.12006487,0.13050842,-0.08011415,0.08242096,0.20639731,-0.013653316,-0.07684262,-0.23753536,-0.020197127,-0.11716237,-0.27366477,0.19513592,-0.065468825,-0.26774615,0.45459646,-0.16313428,0.009939879,0.2521224,0.059386957,0.06241781,-0.043065976,-0.1546517,0.18683216,0.0367795,0.5473122,-0.019166522,0.17445375,0.029024817,-0.053546123,0.1415575,-0.07232117,0.27092284,-0.084538385,0.049252212,0.02380307,-0.19627711,0.115930595,0.11769908,0.15311441,0.31644237,0.18400784,-0.05423406,0.32242662,0.08159143,0.019733667
"(113.99850499973536, 22.606070066244232)",0.05105712,-0.20859101,-0.13830054,0.028764801,0.48724,0.39513263,0.155645,0.22877987,0.43952706,0.26921773,0.0591001,-0.35672566,-0.21762884,0.019917697,-0.16419706,-0.011905041,-0.07964721,-0.24548304,0.23052672,-0.07745999,0.27402118,0.044842046,0.16906232,-0.404416,-0.010081541,-0.040648542,0.07095365,0.11510784,-0.36514315,0.043918043,0.002552364,-0.0145225,0.2736802,0.2496664,0.09539326,-0.064617015,-0.2555629,-0.16561799,0.03692786,-0.16260782,-0.31974864,-0.029689498,-0.13158861,-0.36160842,-0.16206238,-0.052568436,0.12106536,0.1411192,-0.22337583,-0.04262098,-0.0019419342,0.12924528,0.017331902,-0.16858321,0.12950835,-0.1752151,-0.28349426,-0.071390085,-0.056268148,-0.47283366,-0.24808227,-0.09683466,-0.08169165,0.21404181,0.19916317,-0.45639324,0.2451387,0.10500696,0.17212892,-0.19112788,0.024047144,0.13211316,0.14955908,0,-0.021367466,-0.051736232,0.101234496,0.0701986,-0.39881608,0.23281226,-0.03822424,-0.052874036,-0.045216758,-0.1815382,-0.18044621,-0.31729084,0.037982754,-0.12540743,-0.32382384,0.15254804,0,-0.02460619,-0.06512948,-0.4693053,-0.3445175,0.09590848,-0.0017183172,-0.024787322,-0.15663585,0.15241003,0.35734555,-0.035724856,-0.116021976,0.023244053,0.043704018,-0.00816565,0.035956085,0.47264528,0.13246708,0.038331456,0.21661848,-0.2733299,-0.0009544343,-0.06965334,-0.21370617,-0.040415358,0.1487698,0.23110375,0.08676226,-0.18507567,0.45825016,0.09714305,0.09347645,0.33412606,0.2639296,0.20796864,-0.105348416,0.046937175,0.0061310306,0.40849495,-0.30683115,-0.2899434,0.41856116,-0.10835693,0.14516555,0.13118535,0.4368999,-0.17368294,-0.20772564,0.14506677,0.24027073,0.0023944788,-0.2722175,-0.1344876,0.07459099,-0.53826624,-0.14568822,0.17792194,0.3004002,0.5290796,-0.49367756,0.023299936,0.30353898,0.033361726,0.16696267,-0.4348035,-0.3494803,0.39891252,-0.15139309,0.17200159,-0.50211644,0.31166044,0.3518449,0.04655235,0.39386466,0.12152327,0.275947,-0.03062202,0.086255565,-0.16371925,0.0030102562,-0.1856104,-0.28615555,-0.05577597,-0.024944812,-0.056599334,0.07549824,0.17845194,-0.124562375,-0.12424778,0.0886913,0.13636461,-0.015501369,0.06045852,-0.11815555,-0.111516714,0.07754396,-0.033690143,-0.07292217,0,0.07191725,0.1432617,0.08719266,0.061718617,0.19681972,-0.23368044,-0.11562599,-0.107429884,0.04045414,-0.03750071,0.06316045,0.08001141,0.06478972,-0.11758415,0.2404414,0.13105477,-0.10502957,-0.103277385,0.29827884,-0.02749073,-0.19737618,0.13427128,-0.23185788,0.04447955,0.4454173,-0.032273598,0.105826214,0.01909358,0.14600177,-0.18104608,0.16930343,-0.26385164,0.33090857,-0.32940775,0.19652307,-0.15603554,0.2659166,-0.015428245,0.065359116,0.008817606,0.17601874,-0.04387996,-0.15077744,0.16067076,-0.09222756,0.11606188,-0.12418744,0.26460326,-0.24457885,0.1382781,0.022895608,-0.11430586,-0.15560833,0.046281077,-0.14550915,-0.3490363,-0.3216039,-0.10663822,-0.0491004,-0.38259667,-0.17596895,-0.36793798,-0.026465818,0.14500736,-0.16826522,-0.05639527,-0.039671257,0.30807042,-0.036029615,0.007762417,-0.22049978,-0.047838397,0.19398528,-0.06393277,0.018994149,-0.0815492,0.32119316,0.18668781,-0.1293838,0,-0.10838149,-0.0949909,-0.418894,0.42301324,-0.027768537,0.15968466,0.09620335,0.020071913,0.2042357,-0.110127956,0.34229416,0.46679005,0.18798178,-0.12943763,-0.024944387,-0.030514088,-0.28447592,0.023971152,0.010428093,0.07053186,0.008589383,-0.55566967,-0.14074165,0.41156793,-0.0035369396,-0.048223823,-0.0125706475,-0.44601768,0.22090064,0.09108074,-0.009151557,0.043738462,0.17667933,0.0064059794,0.46804228,-0.057468444,-0.28842366,0.12603462,0.27083245,0.09468051,-0.0057312995,0.24118944,0.13352305,0.25907022,-0.3293646,-0.23014796,-0.31321168,-0.16643973,-0.30982685,-0.22126919,0.1379974,-0.0068978406,0.25326496,-0.30660638,-0.08326136,0.5006612,0.07837004,0.35403585,0.09740617,0.01303748,0.10527289,-0.24735127,0.19865865,-0.055068903,-0.19173223,-0.14039654,0.10661432,0.12354712,0.11924056,0.12193425,0.12027684,0.09002797,0.3701233,-0.24911104,0.411475,-0.14765704,-0.32994217,0.18384531,-0.17903948,0.03349253,0.030368421,0.058536697,-0.10814695,0.39878237,-0.4087828,0.4408777,-0.1591503,-0.14857493,-0.06054396,-0.18380204,0.01884935,-0.036113426,0.12425094,0.21467562,-0.07173214,0.06066507,-0.27295026,0.07232107,-0.18671945,-0.354589,0.13895643,-0.16486478,-0.2504868,0.5129529,-0.1702939,-0.069910124,0.25703585,0.029867336,0.11703433,-0.00056564435,-0.11384721,0.20774585,0.097481795,0.62134016,-0.1218298,0.2922607,0.081143044,-0.00013813656,-0.041393824,-0.11047873,0.2511593,-0.03085874,-0.032154515,0.007840984,-0.1447573,0.16248143,0.108240776,0.25824872,0.29938307,0.18579875,-0.0018530488,0.21774101,0.10827244,0.03176646
"(114.00273121487652, 22.66988442642763)",0.112680316,-0.080433056,-0.052092597,0.09159162,0.20881468,-0.010473434,0.054186776,0.09478697,0.17631195,0.12828486,0.08377693,-0.0039853863,-0.26208955,0.012061544,-0.0076582134,-0.006710548,-0.105649635,-0.078056,0.024841268,-0.13697399,-0.07501791,-0.014944155,0.037573583,-0.11506392,0.09043075,-0.04365974,-0.037905686,-0.060770787,-0.077670835,0.02277755,0.06346731,-0.00623931,-0.032597743,0.14250779,0.08372951,0.095597655,0.023615167,-0.24770789,0.005198907,0.09629392,0.070277594,-0.011352144,-0.070362225,-0.010800168,0.049644247,-0.06489429,-0.008746356,0.0375497,-0.012951627,0.011812637,-0.025121242,0.11197223,-0.029386189,0.113632225,0.13952467,0.035582732,0.05943405,-0.11062194,0.12533385,-0.2563303,-0.1932849,-0.058259584,0.08873601,0.13696651,0.06622128,-0.1430788,0.15980342,0.054080132,0.06626757,-0.14321624,-0.031018354,0.16093016,0.12058488,0,-0.011276832,-0.14006375,0.1873643,0.04797838,-0.11793324,0.10980054,0.09878677,-0.0059994534,0.12532601,-0.21923988,-0.023378097,0.06166652,0.12156442,-0.23032907,-0.105021186,0.104311325,0,0.028667934,-0.0002510622,-0.03273713,-0.042108405,-0.10617639,-0.15814668,0.07648416,-0.050831236,0.20280977,0.11007133,-0.0627074,-0.019646656,0.052410476,-0.12372239,0.10586235,0.06286529,0.24928781,0.1312656,0.15859506,0.0030025756,-0.12323531,0.023991466,0.13526022,-0.018825814,0.1525854,0.21301557,0.29253447,0.047955193,0.0014754031,0.21818791,0.17850164,0.16364579,0.16381273,-0.050245456,0.16377485,-0.032771345,0.042269908,0.09335791,0.24796385,-0.2047309,-0.0867202,0.10021532,-0.08489191,-0.052026853,0.1328773,0.17059189,0.049292576,0.14955805,0.13709676,0.11868186,0.024884887,0.084522516,0.05016098,0.024269909,-0.2686661,-0.09764194,-0.05755497,0.089720845,0.24744052,-0.084740266,-0.011788011,0.19734123,-0.018353745,0.21707937,0.04777247,0.1329145,0.10282657,0.020447083,0.2290649,-0.14727886,0.17310923,0.21356377,-0.008690547,0.21465006,-0.00020243041,0.050010428,0.2945236,-0.017289713,-0.10565042,0.12614669,-0.034653604,0.051325575,0.061247885,-0.18927534,-0.010845117,0.043241292,0.061114207,0.038551375,-0.005732406,0.11898273,-0.062303558,0.07413392,0.24118315,0.086882524,-0.15004008,0.10728764,0.10183571,0.17496487,0,0.03534211,-0.028328095,0.11976843,-0.010501282,-0.0154867545,0.21348375,0.13577275,0.10286579,0.16519864,-0.12165822,-0.13407215,-0.035380602,0.065556094,-0.15830274,-0.12667368,0.03950949,0.11472994,0.037621558,0.19677985,0.15007672,-0.035259083,0.1065459,0.017694302,0.1531858,0.35756847,0.102830976,0.12573846,-0.045468368,0.085889064,-0.11833617,-0.029451545,0.10746669,0.32030934,-0.004647378,0.08898802,0.036248446,0.03635886,0.0019056937,0.009900592,0.08605612,-0.14062639,0.16053583,-0.10455797,0.018141,-0.04542817,-0.08228757,0.010346945,-0.009480372,-0.06653534,0.26109365,0.265962,-0.03635317,-0.006755164,0.0744452,-0.11101049,0.14061317,-0.24126779,0.042439356,-0.1835652,0.15000968,-0.17046142,-0.06364918,-0.12103997,0.1711491,-0.009473123,0.06950907,0.093735196,0.17066035,0.12838815,-0.055225737,-0.02587311,0.030164488,0.13339418,0.034376115,-0.00477596,0.11984381,-0.074940756,0.0538235,-0.015152454,0,0.08051271,0.016742708,-0.15493637,0.17911676,-0.15042394,0.10028552,0.20065624,0.113473535,-0.002652496,-0.2779202,0.04638162,0.067328684,0.1174287,0.0005465597,-0.24652635,0.09278537,-0.044668186,0.0575244,-0.046687916,0.007017659,0.038931,-0.13011137,0.13423279,0.16404739,-0.00527332,-0.027535878,-0.08692025,-0.17173836,0.044932336,-0.0030760504,-0.037622765,0.10968971,0.13784416,-0.0059972852,0.18086816,0.10809241,0.06662659,-0.04459464,0.2761386,0.10543268,0.042184275,0.12736018,0.18770349,0.09212228,-0.0581688,-0.15542826,-0.10457176,0.05286233,0.055589993,-0.054864027,-0.14826325,0.027006563,0.16192451,-0.1058675,-0.066974394,0.13970464,0.21294335,0.04086186,-0.1237687,0.08621091,-0.038222704,0.011290597,-0.07074403,-0.11250309,0.016282149,0.06444242,0.10569452,0.12341322,0.037924387,-0.2361135,0.04834176,-0.05894061,0.1406059,-0.034250952,0.20334867,-0.022849955,-0.084698215,0.106044166,-0.1571115,0.030224424,-0.096172005,0.02903976,-0.011491299,0.03389006,-0.17467007,0.006919301,-0.07122784,-0.15423693,0.13764048,-0.17243011,0.00070880353,0.095716305,0.055053517,0.11021236,0.100816324,0.043668047,-0.13142392,-0.0569742,-0.12501487,-0.17440057,0.09770041,-0.12391158,-0.009492088,0.2508858,-0.22575879,-0.08439979,0.25692755,0.10469991,0.046403352,-0.04869887,-0.18022804,0.24216953,0.07646034,0.28228268,0.2119779,0.07027164,0.12662087,-0.17083594,0.074679345,-0.075978085,0.23245925,0.003302507,0.071209416,-0.014146164,0.047357522,0.09980663,0.33711222,-0.021336233,0.2700347,0.044782277,0.045674916,0.08682851,0.0008912422,-0.1109974
"(114.00524013253984, 22.541072131406008)",0.23304296,-0.05980146,0.14193967,0.07405364,0.32191575,0.17829159,-0.103985086,-0.052414756,0.008085251,0.22894071,-0.13295893,-0.06656346,0.6278138,0.10149466,0.15310726,-0.04843538,0.1192141,0.11397878,0.12385729,0.32029104,0.06319303,-0.10969325,-0.10465392,0.038000718,0.12797363,0.1137618,-0.14385557,0.073731504,0.053163428,0.026722863,0.10544567,-0.0037099347,0.5718245,0.12390035,0.09286411,0.021841379,-0.013532631,0.020079128,0.0004069917,0.044223137,-0.13173935,-0.12939516,-0.29796833,0.1346012,0.005455591,-0.28914082,0.060017318,-0.015833411,-0.1444835,-0.085685164,0.12961824,0.08857839,0.016200561,0.11944017,-0.4890308,-0.28036216,-0.085353084,0.28090265,0.0006015599,0.22861716,0.047795657,-0.07198432,-0.31357783,0.103543475,0.0071092024,-0.06305439,-0.1968502,0.19708517,-0.07755633,-0.23350142,0.029903315,-0.034653626,0.062889375,0,-0.082498066,0.06802699,0.106361404,-0.03556045,-0.0698726,0.02684582,0.09200503,0.009242684,-0.016807247,-0.32596982,0.1686099,-0.0419581,-0.014803939,-0.24418712,-0.050782904,-0.1600802,0,-0.49043733,-0.06592708,-0.11440023,0.08985343,0.23402834,-0.08238868,0.0926884,0.14630298,-0.27762726,0.4217672,0.053750224,-0.073090255,-0.027254596,0.11927584,0.102498844,0.13271967,0.22875792,0.21291527,-0.16571507,-0.2168178,0.09857667,-0.090682566,0.111308746,0.15803486,0.027081199,0.08158913,0.26086673,-0.06735879,-0.20002213,0.0024564862,0.10993067,0.10694425,0.26537412,-0.27178115,-0.17835909,0.219006,-0.008494351,0.17735027,0.08934294,-0.07341592,0.124753945,-0.14854233,-0.069148384,-0.19767237,0.40424368,0.020915665,0.08657409,0.012891598,0.045461126,0.30245832,0.017681766,-0.15416434,-0.00914938,-0.468746,0.054745853,0.0036524665,0.04274291,0.19995286,-0.02587389,0.31880808,0.09543984,-0.09991227,0.00219813,-0.07336396,-0.3386607,-0.0088074505,-0.09948839,0.11348543,0.2957793,0.03416334,0.12109883,0.069324076,-0.03366873,-0.066979334,0.4055772,-0.065523714,0.08512162,0.2577886,-0.1932204,0.08247074,0.050374404,-0.3258088,-0.055749953,-0.575418,-0.03652528,0.08473314,-0.04458336,0.18580407,-0.10549195,-0.030081572,0.04003299,0.097070694,0.23247364,0.009164758,-0.17626649,-0.14061773,-0.039511085,-0.19574922,0,-0.021542236,0.21193925,-0.0038939249,0.05514099,-0.13428885,0.038718693,-0.17023489,0.13889211,-0.014495108,-0.26394224,0.06954861,-0.14604533,0.00783826,0.17682798,-0.011579126,-0.2450887,-0.26829332,0.09792501,0.1427826,0.23273872,-0.026688129,-0.23706609,-0.15848795,0.1402537,0.071072124,-0.13959585,-0.09747644,0.10096896,-0.2880302,-0.02640754,0.073021814,-0.30366755,0.29305083,0.22673856,-0.05593581,0.007861957,0.23835176,-0.13469233,0.064945914,0.09072069,-0.17878658,-0.14780577,0.2346023,0.39664915,0.08228733,-0.035204962,-0.08914676,-0.0035248995,-0.17240094,0.16300026,-0.22961673,-0.09171503,0.120783255,0.19835906,-0.09947887,-0.2812983,-0.15867345,-0.018595334,0.006666459,-0.40801638,-0.10041053,-0.22258541,-0.26244307,0.03023191,-0.21244508,-0.06410253,0.18414819,0.2856011,-0.09964483,-0.40152228,-0.021903992,0.02748438,-0.11445877,-0.093556724,-0.0015165992,0.18096003,-0.028646842,0.0149460435,-0.10597317,0,0.22689861,0.2125558,-0.03550077,-0.22561547,0.2899478,0.12480043,0.31139624,-0.37433115,0.22708157,-0.3734212,-0.069690734,-0.082263,0.10675387,0.096713625,-0.07685916,0.05452356,-0.10738824,-0.028148891,-0.29722494,0.04608362,-0.07805305,-0.18907794,-0.5501316,-0.1716795,0.3977127,0.16347763,0.22220263,-0.19150193,-0.13350995,0.07063649,0.05477622,-0.036563605,-0.08955072,0.021673426,0.12129694,-0.12854291,-0.022522148,-0.17491122,0.006241817,-0.12707807,-0.32479286,0.22589086,0.030283447,-0.07789047,0.2398675,-0.059407003,-0.11574584,-0.016686797,-0.020185914,-0.08884228,-0.24262603,0.040362343,0.40335393,-0.14385098,0.033903845,0.20245805,0.21763128,-0.09711276,-0.13368477,0.11841175,-0.06815739,0.083594576,0.07436202,0.024768503,0.09185368,-0.02436658,0.105254054,0.22922517,0.03554345,0.043840323,0.12283186,0.038438804,-0.03633021,0.084524736,-0.11329055,0.010679819,-0.18955964,0.2530829,-0.03448292,0.06613688,0.13922293,0.16424993,0.027302906,-0.10849401,0.17018396,0.27216145,-0.030957278,-0.36590555,0.051648445,-0.2983971,0.1654456,-0.04181645,0.21663864,0.04396625,-0.014424786,-0.19805284,0.15143228,0.20907806,-0.20488462,-0.32694116,-0.3891557,-0.032781012,0.008214468,0.50746214,-0.07716613,-0.17009477,0.106620796,0.19162229,-0.17387272,0.34461367,0.012768906,-0.023340534,-0.17239511,0.35390165,-0.099729925,0.28136796,0.13077423,0.3335085,-0.16841874,0.07448223,-0.0036855116,-0.30626538,-0.02447547,-0.12206435,0.4095298,-0.13872807,0.12102336,0.050377533,0.09733093,-0.2549365,-0.017514598,0.011048801,0.10496918,0.060154803
"(114.00727162533916, 22.53787893958887)",0.26257592,0.03320212,0.21476501,0.095292285,0.317064,0.064787745,-0.07772766,-0.076652125,-0.071778685,0.30854136,-0.18470591,0.07348269,0.6664483,-0.048075832,0.15929282,-0.04361704,0.18201952,0.23515064,0.031231508,0.47573972,0.04727865,-0.14727078,-0.17722416,0.06911163,0.1027102,0.12173374,-0.18428156,0.1038502,-0.05687805,0.05458249,0.1486481,0.0281502,0.59635395,0.048788317,0.18841979,0.01648915,-0.033227913,0.05621445,0.07790202,0.106589966,-0.13453838,-0.014178775,-0.34343418,0.124775626,-0.00874345,-0.2968668,0.081085816,-0.06555554,-0.20200281,-0.14647104,0.1523068,0.07737902,0.019541807,0.07687473,-0.4511864,-0.1890017,-0.026728824,0.261977,-0.021441465,0.26907483,0.109175,-0.09202832,-0.39827994,0.039283916,-0.047374424,0.0058548152,-0.31458044,0.12999864,-0.101308465,-0.21037589,0.10831358,-0.08168306,0.04338687,0,-0.11770519,0.07049847,0.10457528,-0.15987408,-0.1327811,0.025632106,0.043774586,-0.018443584,0.0034015141,-0.33433998,0.20046072,-0.0032504648,0.0018811226,-0.24416482,-0.03578975,-0.2485736,0,-0.45733672,-0.050408915,-0.10808843,0.20038095,0.086430565,-0.09706467,0.055141732,0.116755016,-0.41020018,0.32420748,0.15099081,-0.118375525,0.014647502,0.23894487,0.15687783,0.22035673,0.251662,0.31246194,-0.22971311,-0.20133454,0.16212445,-0.09184645,-0.016945638,0.10933564,0.017640442,0.14275558,0.26490667,-0.13935222,-0.26575562,-0.0438357,0.032102246,0.12143231,0.22333434,-0.32053337,-0.20146763,0.28929925,-0.008273732,0.12917688,0.12325584,-0.12588099,0.17475463,-0.16596553,-0.14422417,-0.3326164,0.35467118,0.08689194,0.07336739,0.09449341,0.0017762389,0.3825626,0.03026924,-0.18897608,0.013743065,-0.5383897,0.15221283,0.006950138,0.11728713,0.258215,-0.07426921,0.44991362,0.11748613,-0.13027586,-0.04298033,-0.1142779,-0.29538494,-0.017525196,-0.08971025,0.15437695,0.32564032,0.0710769,0.06574005,-0.063874915,-0.16094193,-0.13694204,0.4014678,-0.10330501,0.06876014,0.24251463,-0.22227511,0.09966207,0.14127876,-0.19194263,-0.023050353,-0.52111095,0.011204448,0.1098222,-0.008691852,0.21735623,-0.14238743,0.099941075,0.0059915036,0.13332418,0.16716191,0.028870903,-0.13583013,-0.115463324,-0.02156034,-0.09604263,0,-0.07876912,0.21438488,-0.009908898,0.07912398,-0.09757071,-0.010794723,-0.13487363,0.14575243,-0.0031117462,-0.19011474,0.037338495,-0.21361879,-0.016252944,0.14540137,-0.047902927,-0.29761213,-0.35593432,0.16360778,0.10315486,0.25826976,-0.013070658,-0.17249185,-0.21781512,0.09095159,-0.011524834,-0.11832334,-0.12707858,0.1355744,-0.2141214,-0.053700566,0.10598093,-0.22413282,0.37161842,0.28315958,-0.0098182075,0.04019665,0.28260803,-0.20547163,0.052678578,0.0895244,-0.17212707,-0.20962833,0.29570135,0.4155536,0.11728932,0.009766623,-0.06222405,-0.005534224,-0.17953779,0.09367635,-0.26831773,-0.091319546,0.13058147,0.2780524,-0.07800552,-0.30215538,-0.1852644,0.035961162,0.10176198,-0.289176,-0.0800255,-0.21729058,-0.28517473,0.058547802,-0.20067897,-0.056660436,0.24168807,0.37619665,-0.15853468,-0.40503794,-0.03224022,0.11359418,-0.1742809,-0.10015201,0.01060627,0.20557597,-0.0007069409,0.11457321,-0.17851284,0,0.25975174,0.1894785,0.032613974,-0.23233095,0.4519752,0.09411865,0.343809,-0.4984922,0.14653265,-0.37980962,-0.04684428,-0.09509349,0.11979329,0.15309808,-0.10875705,0.12935434,-0.065400645,-0.06978795,-0.22714303,0.0051992554,-0.028191209,-0.07672936,-0.5842097,-0.33860594,0.4319803,0.16802496,0.2825881,-0.094838426,-0.20616944,0.13539872,0.029801367,-0.016648605,-0.11518632,0.054920927,0.12095137,-0.18635395,0.026663814,-0.13284089,-0.062157717,0.0015925765,-0.31497684,0.2058719,0.0063008964,-0.17704548,0.15646642,0.059670486,-0.13095528,-0.037389673,0.002630461,-0.12815502,-0.16432874,0.05125565,0.32219404,-0.13908061,0.16871497,0.20436597,0.08170659,-0.06983487,-0.11935462,0.13698964,-0.10959524,0.07070685,0.051465727,0.024871157,0.20102283,-0.058017388,0.0962732,0.27345598,0.081404395,0.013086796,0.18799958,0.09204336,-0.009531707,0.10201625,-0.17967774,0.019455038,-0.08483659,0.2129109,-0.009563677,0.15057762,0.12093787,0.22192578,0.13352339,-0.15752372,0.23491445,0.26322109,-0.012733448,-0.32129073,0.102033205,-0.33355117,0.16651186,0.00889718,0.22078796,0.101806186,0.053449355,-0.17033117,0.17000365,0.26879457,-0.24097992,-0.33197826,-0.44065195,0.019057298,-0.005804982,0.5683404,-0.12015652,-0.15856396,0.111722425,0.13974151,-0.22672762,0.4055947,-0.012816448,-0.076006815,-0.20546305,0.37177664,-0.07359345,0.3106069,0.06861957,0.32189235,-0.30657402,0.20171268,-0.043877088,-0.26022768,-0.0148472935,-0.12556529,0.36917165,-0.14901105,0.12356174,0.023038464,0.035541672,-0.36489984,0.034137744,0.042285748,0.08240093,0.12807322
"(114.00811177609056, 22.54081874653437)",0.2214598,-0.013806662,0.15107943,0.06696767,0.29378945,0.13253148,-0.10417628,-0.06395809,-0.051753625,0.2464804,-0.15522252,-0.007121306,0.6123802,0.052431524,0.12578252,-0.029042799,0.1687603,0.17826684,0.09945521,0.3988978,0.037703432,-0.10450653,-0.12069998,0.08276671,0.13717301,0.12254532,-0.14185506,0.08579483,0.027258556,0.023832649,0.122143105,0.013302311,0.5703274,0.09340129,0.13928731,-0.008198222,0.0003875196,0.028188854,0.01353259,0.05629029,-0.14873698,-0.03722685,-0.30925205,0.13376161,-0.002698943,-0.23555227,0.081652746,-0.06555089,-0.14739579,-0.065719366,0.13056499,0.09054307,0.026581068,0.09098728,-0.50834197,-0.2225331,-0.07424037,0.29838195,-0.021860622,0.21596098,0.062814444,-0.078099884,-0.33089712,0.04078822,-0.0020119175,-0.06422563,-0.22640969,0.14961462,-0.06744115,-0.23158066,0.051402517,-0.037419476,0.051276892,0,-0.114173256,0.055926193,0.10905011,-0.06599391,-0.061034024,0.024752684,0.09704898,0.010863885,0.027767431,-0.36344212,0.17170702,-0.027051799,-0.014942702,-0.21681583,-0.042249262,-0.20716158,0,-0.45407954,-0.056071118,-0.021673134,0.13607529,0.22987786,-0.07604643,0.072950676,0.15553623,-0.3144917,0.40446064,0.08299316,-0.04111607,0.0023744404,0.20429759,0.10203123,0.17358756,0.23134784,0.23560546,-0.20252141,-0.1711926,0.12714177,-0.10927357,0.059442766,0.13983998,0.07486285,0.06965923,0.27952024,-0.09996394,-0.20684446,0.03653188,0.07470914,0.110026084,0.24864355,-0.27413663,-0.20854682,0.20713323,-0.0028562173,0.17011806,0.081142955,-0.1223401,0.113320686,-0.14347893,-0.06115333,-0.25368837,0.33628735,0.08940602,0.13248318,0.009102836,0.02040047,0.33390513,0.0066854414,-0.09990367,-0.019809224,-0.4624775,0.120519735,0.01573596,0.034186516,0.21061096,-0.016984796,0.3671739,0.12324933,-0.09578486,-0.0016881227,-0.035111066,-0.26075906,0.009591386,-0.082103826,0.17658901,0.30982983,0.038899947,0.1478134,-0.02906765,-0.08712511,-0.1170835,0.3837106,-0.07941821,0.08245166,0.21994816,-0.21932869,0.08603095,0.070838794,-0.29227623,-0.056950048,-0.5529987,-0.0079577565,0.1152686,-0.024099749,0.16453433,-0.09491108,0.041136354,0.046121053,0.09870227,0.21453051,0.052935593,-0.19882667,-0.122659065,-0.024282454,-0.14924935,0,-0.062237773,0.20366487,0.010488678,0.07930264,-0.09989809,0.022607954,-0.10336101,0.18452874,-0.00876303,-0.23850712,0.04434198,-0.18325227,-0.013667004,0.18910393,-0.04008457,-0.25717688,-0.28418225,0.12060322,0.1435436,0.24498978,-0.0006381422,-0.2414347,-0.14568809,0.12384354,-0.021045603,-0.15066576,-0.101494275,0.13311473,-0.26880643,-0.05253239,0.07340409,-0.29562864,0.34862733,0.27318344,-0.055765238,0.0062524453,0.25589442,-0.15747602,0.07075592,0.09121926,-0.16041395,-0.18304741,0.2692912,0.40915868,0.14884488,0.006167084,-0.06793685,-0.0008100271,-0.23117158,0.17453972,-0.24947253,-0.09321773,0.14226083,0.19699647,-0.050613258,-0.2656795,-0.16244946,0.021907758,0.015306473,-0.37151766,-0.10940612,-0.23107406,-0.29278773,0.05924061,-0.164547,-0.05902508,0.22481373,0.2723946,-0.13612132,-0.42970842,0.013046496,0.10077006,-0.13411348,-0.071266465,0.008308958,0.18904375,-0.03088063,-0.016244024,-0.1451549,0,0.23913637,0.16599756,-0.017222788,-0.2313309,0.33208528,0.13071309,0.3253242,-0.3460515,0.21243319,-0.3555676,-0.076415025,-0.08933802,0.12893328,0.09011885,-0.039882045,0.08520857,-0.08778693,-0.03456977,-0.18928628,0.013134869,-0.074855015,-0.12773082,-0.57377994,-0.2391673,0.4265732,0.13747531,0.24230994,-0.16718006,-0.19441679,0.11545251,0.06716104,-0.0041771308,-0.09929925,0.04348187,0.07997602,-0.1597217,-0.017592367,-0.1309068,-0.061998885,-0.117289014,-0.32037696,0.24058662,0.0342979,-0.028472858,0.2104627,-0.038729765,-0.10882169,-0.01844357,-0.012634721,-0.10965217,-0.19948982,0.0288146,0.3730043,-0.09985493,0.10659856,0.17470258,0.19312638,-0.10850097,-0.1530582,0.14766493,-0.07431196,0.121831916,0.02092094,0.034235284,0.10903843,-0.05823016,0.11285196,0.28496486,0.09254191,0.055173878,0.1560682,0.06452235,-0.05970353,0.087687925,-0.18299343,0.011341795,-0.20209637,0.21116917,-0.03811788,0.09933819,0.15970467,0.18962198,0.074381694,-0.16068418,0.20157129,0.27381372,-0.017061252,-0.32746136,0.017456032,-0.2696067,0.1380467,-0.034792237,0.16814248,0.07548372,-0.009112813,-0.15734735,0.15560752,0.25088888,-0.2372752,-0.3319961,-0.44465762,-0.0059917625,0.032447677,0.49289456,-0.13067934,-0.23081638,0.063196555,0.16884449,-0.18833327,0.41546303,0.058126044,-0.04212452,-0.21881995,0.31600824,-0.046589985,0.27014995,0.13683201,0.31962273,-0.18317425,0.10813866,-0.014923766,-0.25614187,-0.061515883,-0.1115513,0.42204785,-0.14407827,0.12525365,0.08128207,0.070216104,-0.24817,0.00024329498,0.03335186,0.09880756,0.10970897
"(114.00972695900322, 22.537554592714013)",0.1424405,0.09994749,0.15096208,0.057486758,0.20220609,0.0248111,-0.08754091,-0.04049694,-0.06067747,0.2857883,-0.12573928,0.1410859,0.299052,-0.10498682,0.004285261,-0.0144745335,0.21771054,0.33158547,0.034256633,0.5111867,0.040068574,-0.09236622,-0.19714227,0.12767407,0.098674014,0.16016789,-0.098227374,0.0861028,-0.21279576,-0.012122244,0.100432426,0.0074845776,0.61055446,-0.07300216,0.21866706,-0.08224825,-0.06464135,0.012563065,0.061154943,0.04319004,-0.18446654,0.23349807,-0.29413545,0.04962782,-0.08721764,-0.14466877,0.14160433,-0.1311511,-0.21638584,-0.05393064,0.08491878,0.100011736,0.0083387345,-0.01736293,-0.36899588,-0.0792674,-0.0634476,0.22093722,-0.04867331,0.06315419,0.049046163,-0.087301,-0.21796077,-0.083376214,-0.010484375,-0.016506873,-0.308639,0.067499846,0.0089484155,-0.18793966,0.14855221,0.015678817,0.061422475,0,-0.17097399,-0.0039558373,0.06954937,-0.19433355,-0.1730558,0.04476864,0.09590705,0.031114355,0.13872422,-0.39310706,0.12901731,-0.0057334676,0.055821344,-0.14041597,-0.12103955,-0.19458649,0,-0.31114498,-0.07081788,0.05295483,0.19102278,0.07649432,-0.08951255,-0.008490995,0.11288861,-0.27328932,0.29220733,0.1363053,0.009755824,0.053100824,0.33492202,0.04606241,0.29897624,0.29804766,0.31483668,-0.23223233,-0.050676487,0.14406823,-0.12063741,-0.1302785,-0.069864206,0.19328156,0.11300202,0.314415,-0.14607029,-0.30282223,0.12041828,0.014674367,0.12053046,0.26243412,-0.19292474,-0.17866603,0.24409908,0.015518099,0.043509193,0.14236419,-0.3023437,0.018864965,-0.054122224,-0.1292052,-0.350025,0.19697315,0.25454074,0.089539364,-0.030648645,-0.10326857,0.42737463,0.06522915,-0.010733813,-0.08559895,-0.39294732,0.014018491,0.0066681188,0.12644166,0.38456923,0.06610929,0.34094658,0.1860922,-0.0130215585,-0.016550526,0.103841186,-0.08170211,0.08835916,-0.031121217,0.18516588,0.27824736,-0.100084275,0.20668593,-0.21137957,-0.2730789,-0.13577197,0.18024711,-0.017804818,0.08457942,-0.0049462765,-0.26282597,0.090224795,0.112127095,-0.20168006,-0.008788042,-0.45993727,0.036510956,0.16713662,0.057804473,0.12740245,-0.11283707,0.28629738,0.053257637,0.14899854,0.122255355,0.13436571,-0.23479539,-0.007469535,0.039486706,0.12215342,0,-0.09414923,0.07195435,0.08719153,0.13699833,0.02091521,0.020721031,0.0340785,0.21693057,0.11159441,-0.14973938,0.025539992,-0.1888887,-0.045675848,0.07191289,-0.09551126,-0.20548595,-0.30186915,0.13229786,0.20020649,0.2609684,-0.06470966,-0.121004425,-0.09130558,0.06402248,-0.24798894,-0.21574621,-0.06251543,0.1951513,-0.08080604,-0.11276939,0.07604802,-0.15853488,0.4313877,0.28755307,0.04484879,-0.024769276,0.42978624,-0.15966254,0.10003643,0.094926395,-0.13373466,-0.2414498,0.27227432,0.390717,0.21334337,0.10881387,-0.048420507,0.039174825,-0.2702592,0.14238662,-0.2649585,-0.09424066,0.10660066,0.28649944,-0.015397701,-0.18774611,-0.18924968,0.07817441,-0.003956996,-0.24167602,-0.16337684,-0.17422007,-0.3423962,0.15156768,-0.094693236,-0.014286704,0.22652563,0.3232214,-0.21275824,-0.40724808,0.027181305,0.20578039,-0.1195209,-0.0080494955,0.03691819,0.15235458,0.08328915,0.07238567,-0.20085406,0,0.22177714,-0.0081710275,-0.035722516,-0.13941881,0.32944864,0.16977653,0.21119851,-0.2450643,0.110364474,-0.3422613,0.0061203605,-0.033836078,0.22778639,0.117531866,0.05715015,0.14493051,-0.046701558,-0.03901567,0.035197705,-0.02821347,-0.08150965,0.08320399,-0.50531405,-0.32848623,0.44817063,0.0512522,0.19066319,-0.066356726,-0.17579737,0.2116566,0.023637341,0.09016725,-0.12494993,0.1648414,0.14377354,-0.21797775,0.03703079,-0.03951081,-0.081190646,0.17600682,-0.20985833,0.33574128,0.05187296,0.028594894,-0.038987443,0.10479047,-0.17776966,-0.15749748,-0.00025210157,-0.17024747,-0.06265344,0.00506055,0.30647263,-0.06731214,0.2427468,0.22206528,0.054113008,-0.03200297,-0.19734885,0.18554306,-0.117758915,0.14008252,-0.09606361,0.03817439,0.16400908,-0.14020479,0.14830016,0.3718403,0.17879409,-0.00034628808,0.23433295,0.05217848,0.04219231,0.039419457,-0.18392216,0.0051486343,-0.17689876,0.08701219,-0.108288206,0.25421172,0.17777471,0.20404108,0.24378589,-0.19260132,0.15114763,0.28462198,0.024534076,-0.25856838,-0.03828784,-0.2729532,0.01641488,0.01740704,0.092026696,0.1376137,0.0355269,0.07196967,0.10452271,0.33725327,-0.27921495,-0.34194952,-0.35622555,-0.022560662,0.030081734,0.4668503,-0.26070738,-0.34082782,0.031152464,0.050336074,-0.15975687,0.4120722,0.015375864,-0.03925268,-0.15865201,0.36903992,0.015311062,0.27314073,0.13394144,0.122563876,-0.37132335,0.15836374,0.06920182,-0.061536804,-0.13443537,-0.14338139,0.40387607,-0.04473482,0.1537262,0.1696006,0.05139759,-0.24159332,0.03187296,0.040966257,0.09430346,0.17738941
"(114.01023240980092, 22.556020570953297)",0.1272622,0.007800119,0.0648056,0.013042508,0.21985729,0.1562701,-0.14409184,-0.008156884,0.023953408,0.21591343,-0.09637586,-0.029225979,0.2629158,0.033378363,-0.08092622,-0.011529002,0.17965513,0.19191962,0.1603717,0.3599748,0.11085359,-0.06585723,-0.08119072,0.09683454,0.09848119,0.1406657,-0.026551507,0.061018042,-0.09821446,-0.0639635,0.053540833,0.01431901,0.6067162,0.0278238,0.14073673,-0.13868155,-0.02534455,-0.003976986,-0.05802964,-0.040817484,-0.24531364,0.17766482,-0.27514416,-0.0116161555,-0.103235036,-0.10337224,0.13706002,-0.094671056,-0.21336657,-0.0063726585,0.057915255,0.116444886,0.017921485,-0.013459891,-0.4295813,-0.19623113,-0.16429788,0.2767068,-0.08424449,0.02203694,0.016706634,-0.06708843,-0.15238318,-0.018418714,0.058739386,-0.15950635,-0.17530678,0.10666633,0.05414679,-0.24861582,0.065337144,0.06047765,0.07138044,0,-0.15160704,0.0149456,0.068750516,-0.045718454,-0.14390323,0.03725172,0.12325089,0.06360391,0.11984162,-0.375857,0.08420096,-0.10648272,-0.027049348,-0.09474542,-0.14440688,-0.12809277,0,-0.3119856,-0.062439106,0.051757164,0.061004326,0.27398497,-0.04356218,0.030624166,0.15098566,-0.16387016,0.3968812,0.07302461,0.030446488,0.0015594214,0.22990806,-0.019684017,0.23047128,0.2958806,0.19043171,-0.21804276,-0.022350233,0.06011351,-0.07743182,-0.033561498,-0.048790954,0.1931697,0.022198083,0.27899453,-0.12332074,-0.24924386,0.21681555,0.06381104,0.06339522,0.28790665,-0.07537317,-0.15458362,0.1332956,0.023878247,0.07844552,0.13445243,-0.27100772,-0.06337946,0.05219549,-0.040380746,-0.17522484,0.17242481,0.2697661,0.098874345,-0.14039598,-0.060712315,0.36607423,0.03346222,0.04097554,-0.11602486,-0.30533656,-0.0743815,-4.1240826e-05,0.07907574,0.36257565,0.17190164,0.18078353,0.16048008,0.09927127,0.044030383,0.17949948,-0.12037875,0.022832602,0.03327275,0.15596569,0.23341383,-0.16024056,0.32478443,-0.07954943,-0.1561116,-0.04268545,0.1886289,0.09546544,0.024723843,0.05692704,-0.25580376,0.060929246,0.01265238,-0.3587745,-0.073221415,-0.46029162,0.028237838,0.14675446,0.030726057,0.057541244,-0.12556794,0.20152152,0.10244743,0.11157192,0.13437745,0.13050148,-0.30010974,-0.064216286,0.021168778,-0.03555903,0,-0.057583224,0.12115184,0.096116595,0.13572095,0.06391173,0.009259259,0.006726563,0.17674378,0.07175319,-0.2015872,0.09013581,-0.13696018,-0.04308152,0.122527406,0.044097364,-0.10757147,-0.23159842,0.08711338,0.23290077,0.21517868,-0.056908995,-0.16368465,-0.043883953,0.08863995,-0.17307094,-0.2656901,-0.046263076,0.18280286,-0.19244379,-0.11337985,0.08156869,-0.2942088,0.38335258,0.2196911,0.012269784,-0.05792114,0.3939735,-0.06251826,0.13372451,0.073875204,-0.052179944,-0.23278664,0.22423618,0.39270642,0.2137687,0.10559927,-0.07788798,0.09604357,-0.3321457,0.23637459,-0.2353366,-0.11048282,0.10066368,0.17620172,0.023277875,-0.21517244,-0.15828654,0.04115006,-0.05050628,-0.42248404,-0.18873096,-0.25674385,-0.28552037,0.10008886,-0.119160526,-0.030124106,0.19228667,0.16585222,-0.17339757,-0.4123295,0.026115887,0.1871134,-0.069418356,-0.013067298,0.047257703,0.0597064,0.105014764,-0.05541362,-0.17475137,0,0.18977806,0.0055554304,-0.11480277,-0.12979504,0.24645251,0.16688141,0.18270987,-0.10612473,0.2222257,-0.28262568,0.0074533084,0.030661236,0.20616558,0.011045542,0.14087312,0.068207934,-0.11855958,0.008175388,0.02067712,-0.027664771,-0.15208134,-0.08860526,-0.5725288,-0.099183686,0.41492888,0.03131236,0.1906892,-0.18643968,-0.09553851,0.18430294,0.09557911,0.045133643,-0.07615517,0.15132692,0.12382843,-0.20115897,-0.097255215,-0.00048070028,-0.06301576,0.017134592,-0.18697405,0.40001506,0.03681784,0.19718444,0.03130752,-0.0305629,-0.15101755,-0.16681682,-0.0800724,-0.18697196,-0.049864426,-0.036702942,0.36028808,-0.02336441,0.130283,0.23465064,0.18572679,-0.06222257,-0.16678344,0.14667602,-0.07966162,0.147518,-0.04838247,0.047091417,0.009092331,-0.1456163,0.16741654,0.32799608,0.19016153,0.10513514,0.22202408,0.05421906,0.033597916,0.029842967,-0.106851116,-0.01683402,-0.32860854,0.103804156,-0.13618222,0.16612227,0.24850278,0.17705858,0.16458061,-0.09723115,0.08841237,0.37409684,0.0004324317,-0.2810189,-0.13148996,-0.24244307,0.015977137,-0.03496831,0.05469127,0.1055265,-0.06926603,0.02147223,0.08554552,0.35543227,-0.25783983,-0.36581266,-0.3557898,-0.0459074,0.03740853,0.42397824,-0.20934966,-0.40539455,-0.00047197938,0.099283844,-0.085853055,0.40666813,0.099329874,0.005450595,-0.15512541,0.3844186,-0.043049872,0.28059846,0.20503922,0.17950378,-0.21129084,0.021949984,0.067462586,-0.061323255,-0.17983495,-0.12232448,0.41555744,0.0054216767,0.12126036,0.29105204,0.06660397,-0.073661715,-0.0057371967,0.05253434,0.087921366,0.15958002
"(114.0103332001257, 22.730009161252752)",0.002659291,-0.06284878,-0.076658964,0.03835497,0.4497667,0.21305017,0.040555492,0.17058888,0.28050947,0.11699952,0.0866598,-0.24769738,-0.1758033,-0.07436633,0.104322575,0.045696873,-0.0024909675,-0.21626759,-0.09880194,-0.36966023,-0.30358416,0.008456132,0.15391484,-0.33482656,0.13087167,-0.09160213,-0.007977031,0.059817523,-0.020587012,0.04798059,0.05916351,0.070045054,-0.10778445,0.064076304,0.08715283,0.07842117,0.10156378,-0.4480148,-0.046295468,0.01327572,0.089443065,-0.10616992,-0.11778279,-0.1432893,0.12640867,0.0752674,-0.2115421,-0.011504073,0.011452518,0.18113941,0.07969877,0.2009806,-0.024097677,0.1612132,0.17961058,0.022909638,0.08751543,0.038041838,0.09908551,-0.18359572,-0.039380115,0.015510074,-0.051688932,0.029202163,0.12533712,-0.34011418,0.34934998,-0.010915324,0.14500137,0.03862035,-0.1047829,0.18920153,0.09482429,0,0.09848224,-0.16140215,0.11679858,0.12860695,-0.012812659,-0.09471118,0.052346926,0.008348346,0.054294538,-0.13621674,-0.030853778,0.17063956,-0.030057576,-0.09829345,-0.015884131,0.10428174,0,0.08450925,0.15949014,-0.12268958,-0.20694613,-0.042325824,-0.061617695,0.16212292,0.018189082,0.17972252,0.043442786,-0.1907807,-0.07726398,-0.088355094,-0.113692075,0.18090692,-0.033783868,0.22270809,0.03969872,0.36375642,0.16681655,-0.05509861,-0.044711083,0.2549376,-0.11872783,-0.010603978,-0.0031830394,0.20349887,0.1197836,0.01686693,0.13729052,0.12256984,0.004797985,0.14397833,-0.042914905,0.14572443,-0.08096394,0.07331068,0.105831854,0.041165944,-0.110711016,-0.14115061,0.04153367,-0.15584803,0.016594492,-0.029874725,0.15761447,0.052893486,0.24527189,0.3221782,0.21769449,0.07248163,0.075507544,0.04930254,0.038803555,-0.11853692,-0.08045726,-0.085492045,-0.04776075,0.09380124,-0.21952577,-0.07831445,0.3208394,0.09105681,0.10097137,-0.009812724,-0.12454365,0.16401139,-0.029812075,0.088796526,0.033025682,0.17899743,0.3241472,0.20531698,0.19199367,0.33544433,0.036001906,0.24549817,0.21688794,-0.13731855,0.119054504,-0.1400373,0.04732412,0.0014188662,0.057294115,0.098055646,-0.07358679,0.100909375,-0.010949634,0.13726562,-0.09664277,-0.13082935,0.047387186,0.25610256,0.06887939,0.098014235,-0.010926694,0.052241683,0.10377017,0,0.10044508,-0.05915855,0.07495707,0.080252826,-0.00025112182,0.30457357,0.088243484,0.118103676,0.3025312,-0.008439422,-0.19836268,-0.039690852,0.08605195,-0.05448579,-0.03786184,-0.044150338,0.26504442,-0.13973205,0.13524514,0.14988339,0.09164364,0.19744568,-0.016638745,0.08575358,0.6679051,0.25263122,0.17426398,-0.24604604,0.19911543,-0.19945516,0.0007341653,0.12706518,0.181083,0.03418013,0.14160477,0.005191881,-0.3556206,-0.0693289,0.028919354,0.18974212,0.13506089,0.43355656,-0.28427666,0.12730163,-0.08219325,-0.30736136,0.020061467,0.031793132,-0.13243045,0.12540692,0.4040234,0.07421814,0.070436426,0.12933242,-0.07699375,-0.052791618,-0.49264663,0.023360964,-0.11689287,0.13934061,-0.093591236,-0.1813955,0.037105113,0.19349813,-0.01632402,0.12710078,0.24444073,0.19758719,0.11348544,0.14773858,-0.11568816,0.020127557,0.036817525,0.028542649,-0.043495934,0.2054753,0.025610514,0.064437196,0.088613324,0,0.09519801,0.01122679,-0.20026602,0.2262666,-0.08823262,0.031293653,0.31627285,-0.09221299,0.036414348,-0.09820449,0.18389578,0.15873618,0.21703869,0.11108473,-0.31065637,0.032250516,-0.3463175,0.12922175,-0.02652774,0.05482264,0.15190513,-0.46388876,0.3209328,0.37620533,-0.14025894,0.281034,-0.060190983,-0.10562402,-0.03474752,0.011949841,-0.20443726,-0.10948439,0.2478727,0.039874226,0.3253664,0.07561774,0.014797751,-0.123237625,0.32031482,-0.16149443,-0.008392669,0.1213036,0.16521265,0.13343447,0.106705636,-0.2663088,0.13651964,0.078811735,-0.09029479,-0.09707252,-0.24296148,0.028989172,-0.032850478,-0.022939604,-0.12479914,0.13214451,0.2146531,0.060191616,0.11948407,-0.012858458,0.024203207,-0.04139948,0.07281004,-0.067641474,-0.117458254,0.19973359,-0.038173035,0.13234247,0.054819264,-0.16000694,0.050071232,-0.023111278,0.15425259,-0.0029777344,0.17693165,-0.03423407,-0.21684696,0.1135378,0.007141851,-0.14349255,-0.11241928,0.001990106,-0.03508702,0.10072427,-0.21100467,-0.023771398,-0.07219355,0.02745581,0.1775355,-0.076345205,-0.033826523,0.15609679,0.18275279,0.13681689,-0.031978585,-0.09376088,-0.11526726,-0.1612825,0.011511383,-0.09653725,0.06265981,0.09897367,-0.23114485,0.15455723,-0.18525873,0.008677095,0.25252646,0.29929587,0.060071293,-0.039243963,-0.2528589,0.27077687,0.1283221,0.3087217,0.2429747,-0.12707216,0.17392702,-0.03324908,0.29340392,-0.10311064,0.12807521,0.021530129,0.19903016,0.08398369,-0.18633996,0.19915019,0.18538077,0.024071435,0.16753837,0.20089097,-0.028600339,0.2557221,0.09451931,0.022904027
"(114.01108364279168, 22.63492556548594)",-0.106377594,0.0051586498,-0.07842323,-0.039718494,0.21442631,0.2720608,-0.15706006,0.0906928,0.18599865,0.19143979,-0.036060315,-0.17753537,-0.21150231,-0.0058804452,-0.21016076,-0.10765792,0.15171836,0.05066941,0.17474914,0.034574334,0.20651662,0.13889699,0.06345885,-0.20612541,0.0285982,-0.042982936,0.18379176,0.04275161,-0.14938554,-0.12753312,0.056906544,-0.04824473,0.29070798,0.13744685,0.14650369,-0.03783139,0.09951231,-0.20486577,0.0076724403,-0.13130149,-0.15848178,0.12608755,-0.25492927,-0.101022094,-0.12245625,-0.044025466,0.113227665,-0.07023147,-0.2719291,0.0698229,0.026814476,0.08521119,0.03844159,-0.010156743,-0.105191864,-0.14994839,-0.1632382,0.1988607,0.039585624,-0.338345,-0.030201044,-0.047335368,-0.065812975,0.013828099,0.086465165,-0.31859037,0.10989033,0.0048541166,0.13254616,-0.08413473,-0.036906354,0.1411453,0.105933756,0,-0.122711025,-0.06809886,-0.067967445,-0.10056081,-0.28967384,0.13863507,0.043103438,0.042587727,0.010916766,-0.2543148,-0.07633121,-0.2902118,0.0071807206,0.08312567,-0.32254046,-0.17613423,0,-0.04843261,0.1024728,-0.082046054,-0.130505,0.31839073,-0.034873333,0.0086437315,-0.0076475795,0.09453206,0.33797395,0.046797045,-0.028126564,-0.11194009,0.029402807,0.01933451,0.18015546,0.2816375,0.14112148,-0.08299765,0.26235956,-0.18602067,-0.11607805,-0.06255663,-0.22939128,0.30068776,-0.051783223,0.18546839,-0.066094965,-0.18719336,0.5113152,0.18848799,0.07795587,0.28357643,0.12148226,-0.03961259,-0.04373629,0.046098083,-0.0077002123,0.060567297,-0.19538778,-0.15412208,0.38575432,-0.078711696,-0.053057313,0.01700381,0.2680661,0.08682126,-0.19804923,0.13203788,0.2654168,0.023071125,0.0043777376,-0.07681445,0.025557537,-0.39789015,0.03899108,-0.16742021,0.3599434,0.40721437,-0.2749552,0.00400804,0.29491648,-0.04193473,0.32322472,-0.15140209,-0.21215934,0.15286797,0.066813074,0.10941537,-0.3655663,0.46936426,0.08217221,-0.015841398,0.13297963,0.17943205,0.18575725,0.07081522,-0.040416494,-0.36732727,0.043147355,-0.10482636,-0.31341285,-0.09344073,-0.16164094,-0.097996294,0.065150425,0.09038026,-0.17195642,-0.06998315,0.21900316,0.074637614,-0.01611052,-0.08328591,0.14660883,-0.22921324,-0.016209558,0.022417692,0.03723462,0,-0.084527306,-0.1420896,0.2636132,0.22083691,0.12900671,-0.056491747,-0.025306135,0.14373413,0.06534002,-0.12114943,0.15547383,0.02241902,-0.027643057,0.09647904,0.060985792,0.011085331,-0.03461221,-0.008883238,0.3351201,0.05361321,0.1213154,-0.043271907,0.06426854,0.101882905,0.10649078,-0.11961527,0.044318467,0.16407014,0.08111515,-0.3277067,-0.0027303547,-0.24611388,0.36197117,0.032483842,0.22724096,-0.038533397,0.2355653,-0.025377428,0.07635716,0.047092117,0.08094126,-0.06416712,-0.13196976,0.22221926,0.19676967,-0.008759782,-0.11072737,0.24357295,-0.37368333,0.19982347,-0.20281664,-0.11580122,-0.0020911675,0.16734982,-0.052944396,-0.16779384,-0.24955514,0.05394822,-0.102724604,-0.36330593,-0.26298845,-0.15042727,-0.078125134,0.14820519,-0.07734313,0.08444423,0.15919204,0.11369702,-0.02837789,-0.22186798,-0.07509762,0.17118856,0.09591758,0.06888113,0.18337229,-0.013648342,0.3139697,0.048987642,0.05217082,0,-0.04686019,-0.0053330045,-0.11501836,0.18503225,0.034166828,0.048655294,0.12888855,0.07375179,0.1859782,-0.16447896,0.1442556,0.20809607,0.22798875,-0.05951587,0.2210186,0.019159053,-0.26673305,0.040196758,0.35251087,-0.0513867,-0.09329279,-0.25728375,-0.256149,0.22975767,0.069430575,0.10547934,0.33620456,-0.31593093,0.025504751,0.17426378,0.068512626,0.043964203,-0.008737221,-0.008199424,0.3187636,0.028888104,-0.25097433,0.06427549,0.07783145,-0.025615573,-0.09304725,0.3053097,0.10807398,0.41928634,-0.19261105,-0.17538676,-0.048614264,-0.18401144,-0.33488443,-0.20152363,0.06625259,-0.0724915,0.23949942,-0.022594541,-0.035977833,0.24004377,0.23613518,0.19729334,-0.1554525,-0.07474466,0.16800126,0.17946105,-0.031204812,0.09279034,-0.20761445,-0.10567979,0.1218953,0.2540391,0.1681402,0.15334243,0.21311337,0.041169487,0.13743916,-0.086669944,0.14558782,-0.12087734,-0.40066096,0.079978675,-0.16346957,0.2726632,0.23792116,0.22131114,0.10892184,-0.053967,-0.18003216,0.28070965,-0.038367987,-0.1914327,-0.091570325,-0.17869368,-0.2423158,0.09839269,0.011287896,0.17505538,-0.20862451,0.25494808,-0.15510428,0.24393739,-0.22599125,-0.3671019,-0.21664622,-0.13005088,-0.0800818,0.31006524,-0.22696304,-0.42488432,0.10165757,0.1180637,0.1178989,0.2567504,0.106905594,0.19218187,0.0330066,0.34963217,0.020142376,0.26150173,0.30791166,-0.002647548,-0.18651551,-0.16396324,0.15016228,0.16379125,-0.28006685,-0.023187473,0.12717235,0.1345007,0.13888094,0.4389714,0.0966411,0.22009061,0.10918388,0.003491342,0.15357551,0.13814953
"(114.01171621155396, 22.654206059814857)",0.02580386,-0.25343636,-0.0969705,0.04370065,0.43198085,0.43300167,0.002733633,0.15432568,0.41476318,0.14188494,0.08830433,-0.39380303,-0.076451525,0.19092408,0.058936812,-0.1283845,-0.13143654,-0.2753797,0.2284925,-0.2667172,0.16915148,0.09286153,0.105972104,-0.42202803,0.068902105,-0.078242265,0.05048278,0.010855456,-0.0794891,-0.0006605163,0.008437827,-0.13753264,0.22916377,0.30714893,-0.055059172,0.16228716,-0.078941725,-0.2733972,0.0082032345,-0.105903044,-0.07284119,-0.3738894,-0.16169593,-0.06052024,-0.034801934,-0.27439034,-0.0004962627,0.19504903,-0.13798556,0.006212758,0.048294455,0.09276471,0.0076936297,0.11048995,0.00050566345,-0.3339924,-0.15732688,0.014585711,0.17819937,-0.32553858,-0.21856643,-0.05422186,-0.048706938,0.3086648,0.14209536,-0.32829162,0.2585485,0.2435979,0.06467973,-0.1250256,-0.11588133,0.13603947,0.18172342,0,0.06720277,-0.08082077,0.03685424,0.07095466,-0.24860922,0.1916556,0.050587278,-0.020281602,-0.15387078,-0.17672507,-0.0888263,-0.26080698,0.09718086,-0.20569804,-0.31616884,0.118125975,0,-0.24916083,-0.022297777,-0.4930313,-0.32534635,0.22092026,-0.11613801,0.09282134,-0.09178955,0.23890813,0.4429507,-0.13610163,-0.12954748,-0.14824933,-0.27643114,0.06301315,-0.067963034,0.31608364,0.08224813,0.1616665,0.0035355901,-0.26830882,-0.07661008,0.21882951,-0.04840634,0.014229202,0.08550091,0.21049997,0.15732223,-0.11350159,0.30925304,0.31154916,0.14688772,0.35263342,0.018519813,0.14284356,0.0010532774,0.010967938,0.10938498,0.18335423,-0.05326056,-0.1059624,0.20411247,-0.14832368,0.12196106,0.41679794,0.0010451898,-0.09539735,-0.109203056,0.27658373,0.14958523,0.035498843,-0.2799772,-0.049822994,-0.039781325,-0.60933256,-0.07491772,-0.1133516,0.19547342,0.32265526,-0.44144046,-0.08172625,0.1651713,-0.008659303,0.07898128,-0.53055215,-0.20602742,0.084546916,-0.20525545,0.15742241,-0.34230277,0.24971065,0.53212667,0.21288541,0.3382851,0.28146726,0.12504323,0.19037016,0.13846076,-0.19988988,0.054590642,-0.21789421,-0.38020757,-0.03777948,-0.31204367,-0.23339003,-0.034405112,0.028560068,-0.0136393905,-0.064071536,-0.17404972,0.032707453,-0.037907425,0.17246212,-0.09783734,-0.10431823,-0.010860071,-0.044613656,-0.12687047,0,0.112299904,-0.020743553,0.12256761,0.034781773,-0.094147995,0.051009506,-0.272483,-0.011402272,0.07340212,-0.26443923,0.10218572,0.13011718,0.11440664,-0.030575035,0.05934771,-0.021354072,0.019826949,-0.13372247,0.3210301,0.03748574,-0.06839061,-0.049846955,-0.11635399,0.1906852,0.6292546,0.02179217,0.08487841,-0.05988788,0.037636027,-0.15167777,-0.0015213974,-0.22421403,0.18095301,-0.19892123,0.15878049,-0.08349247,0.09567265,-0.0072406214,0.0073701516,0.07364095,-0.11115925,0.1738945,-0.24902084,0.1454262,-0.13254975,-0.19204287,-0.17403708,0.14347771,-0.08286399,0.17037252,0.014155857,-0.09390559,-0.09617003,0.15087295,-0.31892124,-0.21351162,-0.2850952,-0.15961875,-0.18082285,-0.39875937,-0.20634201,-0.14600044,-0.02397339,0.08046836,-0.25221717,0.00038027018,-0.03716614,0.32955545,0.1339668,-0.093368985,-0.19594818,-0.22507924,0.18542704,-0.04997301,0.047598828,0.09452094,0.18447223,0.16408642,0.15345612,0,-0.0799234,0.15025923,-0.281498,0.24607739,-0.22329164,0.10670868,0.16364264,-0.079104096,0.22318551,-0.31633222,0.15418467,0.22273786,0.13587321,-0.0011166744,-0.13073963,-0.07319304,-0.31520826,0.052310113,-0.23764804,0.14765662,-0.008837171,-0.5611786,-0.021653391,0.40271854,-0.024727883,0.17372012,0.054700717,-0.45688504,0.22561528,-0.093931735,-0.05314152,-0.057934955,0.07935472,-0.15406089,0.4847101,0.16810462,-0.16831632,-0.18370803,0.41987044,-0.076390296,-0.16011024,0.16703887,0.17344812,0.100679554,-0.035508037,-0.31773093,-0.16625646,-0.056206495,-0.24459979,-0.068869814,-0.2310629,0.040747855,0.41209185,-0.34811243,-0.3272526,0.3695854,0.32235903,0.2437793,-0.08196669,-0.08775583,0.17267318,-0.10732475,0.20990235,-0.030560566,-0.21165425,0.0830258,0.064993024,0.02913688,-0.114045665,-0.01301028,-0.008491129,-0.0827,0.22316298,-0.14769332,0.43230098,-0.11990489,-0.30748704,0.30976245,-0.14406414,0.026757535,-0.0035493504,0.040472325,-0.20720914,0.1879569,-0.34990075,0.20885053,-0.13068253,-0.3665164,0.106286906,-0.26116514,-0.013959162,0.007722268,0.2662767,0.051879272,-0.11995769,0.014062629,-0.19140851,-0.08599238,-0.11307797,-0.3130904,0.089196526,-0.24338156,-0.1811654,0.43587133,-0.073882826,-0.013637774,0.34810966,0.21861768,0.1006871,-0.09823085,-0.15557814,0.28588402,0.20044366,0.52340686,-0.11388105,0.21968667,0.20273645,0.0504458,-0.022517793,-0.24006338,0.24542186,-0.19393407,0.004223019,-0.04879559,0.04449106,0.07494853,0.18573563,0.08532202,0.34949353,0.09084681,-0.022904363,-0.03057301,0.18720546,-0.14284842
"(114.01177821647848, 22.54821329238434)",0.22100034,0.03610353,0.12153943,0.024838647,0.15393707,0.08674358,-0.20180774,-0.09040719,-0.120376885,0.23743673,-0.16896147,0.10116343,0.47435004,0.07935504,-0.0954655,-0.05204424,0.22292243,0.2977643,0.22817361,0.5741882,0.152969,-0.1162937,-0.1780788,0.2629122,0.10795742,0.17278364,-0.09716701,0.036337264,-0.021044988,-0.09060751,0.06530889,0.016821757,0.72125584,0.03710436,0.12681583,-0.16616073,-0.009419903,0.13643916,-0.109168366,-0.0017989725,-0.30395055,0.21271098,-0.35035563,0.10376147,-0.12611586,-0.20848852,0.20736066,-0.12620352,-0.25909963,-0.08843693,0.045107335,0.08327814,0.038709838,0.0071225315,-0.6782284,-0.2604914,-0.16248591,0.37930897,-0.09037104,0.15257052,0.026809443,-0.09712455,-0.20738819,-0.01296185,0.0026832148,-0.077195145,-0.35366052,0.1495563,-0.019942436,-0.35981452,0.054009505,0.03173364,0.05738429,0,-0.23835242,0.041645426,0.0808032,-0.06904443,-0.11060226,0.06487594,0.19774295,0.06849392,0.15733601,-0.4802553,0.16034229,-0.13168871,-0.03945034,-0.1832416,-0.15973613,-0.20163289,0,-0.46442336,-0.12406295,0.15491237,0.17971194,0.32555628,-0.07878285,0.05007796,0.2227115,-0.30677754,0.48688725,0.14066765,0.06791182,0.012737244,0.24779813,-0.04511863,0.3016309,0.28789228,0.19450088,-0.3789415,-0.17679307,0.10026967,-0.061811186,-0.045973904,0.062026314,0.24085797,0.08588794,0.31767318,-0.21004283,-0.27560046,0.19282033,0.069311365,0.10665798,0.30228752,-0.16923746,-0.25395018,0.19085068,-0.0019909553,0.13280812,0.16641845,-0.29645157,0.015617421,-0.053470373,-0.020720169,-0.26772135,0.27429304,0.23207808,0.15136293,-0.15164348,-0.14931378,0.3749352,-0.003988046,0.08676243,-0.12830919,-0.4456535,-0.025311217,0.0075205546,0.05635534,0.4304279,0.15550432,0.41424647,0.21966612,-0.01965785,0.02402325,0.16906688,-0.11112085,0.16083753,-0.07412526,0.26850352,0.31868035,-0.1575211,0.34965652,-0.18397592,-0.2593137,-0.13711123,0.17384036,0.05024682,0.047960743,0.022504613,-0.28457466,0.061155565,0.11261533,-0.4561228,-0.046388403,-0.6687952,-0.007443346,0.21327968,-0.045788176,0.106659256,-0.21155521,0.25319812,0.13205826,0.13392062,0.15826377,0.18079269,-0.45578265,-0.0868433,0.013026385,-0.09291527,0,-0.11451708,0.19577867,0.069320925,0.12789574,0.006090246,0.0046249684,-0.017773852,0.2201094,-0.024656389,-0.34108257,0.11407113,-0.20127812,-0.07746855,0.14506091,0.036788907,-0.17759,-0.34756136,0.2173429,0.21990341,0.25704727,-0.065417096,-0.2876641,-0.03501834,0.13141681,-0.3555288,-0.3881927,-0.13303587,0.27253503,-0.37669227,-0.07820541,0.066610016,-0.3833457,0.42688566,0.34871054,-0.0707085,-0.01773148,0.532667,-0.08035841,0.16524652,0.029829726,-0.16735919,-0.4061967,0.40027636,0.42181465,0.3086707,0.19347821,-0.103728935,0.05057785,-0.37427938,0.29354477,-0.38711712,-0.1964065,0.15460153,0.16543819,0.04891702,-0.16087338,-0.07053174,0.06531876,-0.021114312,-0.5053258,-0.2141378,-0.27901813,-0.3801931,0.047284044,-0.15251711,-0.09385132,0.21678007,0.14381345,-0.2223937,-0.62685996,0.093864836,0.2568814,-0.10555366,-0.038773417,0.056627255,0.055736315,0.016708031,-0.122236386,-0.24643803,0,0.25506786,0.06644396,-0.02376626,-0.34378317,0.3688733,0.17600784,0.2091398,-0.14546365,0.28608322,-0.39091903,-0.11651826,-0.090229206,0.1534498,-0.014683038,0.18388428,0.08433481,-0.012675261,-0.035848785,-0.03632334,-0.06349233,-0.2427333,0.028535955,-0.8400846,-0.26264217,0.5784961,-0.015057415,0.2464359,-0.20032497,-0.15496595,0.17497995,0.1931382,0.09096899,-0.16317454,0.16169268,0.021956727,-0.2496693,-0.11374271,-0.011100674,-0.16067478,0.028007336,-0.25012222,0.4585411,0.008263662,0.1553583,0.13637091,-0.0039676204,-0.21142304,-0.16806948,0.0013406761,-0.19306576,-0.08085956,-0.049032297,0.50031406,-0.019593902,0.22414857,0.2143158,0.22542837,-0.16753802,-0.28289634,0.20574546,-0.15966333,0.22542293,-0.09677116,0.08107124,0.09951925,-0.19756266,0.22727704,0.35479572,0.19521445,0.11320178,0.2776336,0.08704109,-0.039335042,0.06926481,-0.21196835,0.01225169,-0.31242952,0.13554479,-0.17262702,0.22763826,0.32649693,0.2393456,0.20442457,-0.21444678,0.23805588,0.41475308,0.027476028,-0.41862196,-0.18545672,-0.32119077,0.09200082,-0.09754669,0.021811767,0.0577346,-0.0749946,-0.03162931,0.189372,0.47382423,-0.31349823,-0.43097824,-0.50347495,-0.0646612,0.12793446,0.5082425,-0.19518872,-0.51002944,-0.029559735,0.11123364,-0.16950546,0.53350693,0.21914889,-0.054094683,-0.2585792,0.40008518,-0.08723275,0.3767684,0.2190588,0.25577047,-0.30848333,0.034030814,0.053608514,-0.14544988,-0.27950013,-0.21175168,0.6349436,-0.09737211,0.14806405,0.28985548,0.050594702,-0.21023259,-0.0068521313,-0.035875417,0.06757312,0.14340562
"(114.01406362271918, 22.534683936566584)",0.12377496,0.11263324,0.17868695,0.023874944,0.14542341,0.020647582,-0.18034723,-0.07805319,-0.11943598,0.27474123,-0.17917064,0.108060956,0.36316592,-0.10761292,-0.00025280565,-0.017751094,0.2823584,0.39244372,0.033304915,0.5393027,0.09871928,-0.052446757,-0.1789136,0.14903685,0.11061227,0.15788788,-0.0404839,0.07019042,-0.16240732,-0.026760444,0.1466551,-0.008366302,0.66145754,-0.016586145,0.269637,-0.054351307,0.022143967,0.01176288,0.10925473,0.056874134,-0.15074044,0.2280564,-0.33180645,0.08321633,-0.08368629,-0.13460082,0.16305226,-0.15699008,-0.2384888,-0.025327263,0.12343602,0.07364852,0.035709318,-0.0029935986,-0.4105414,-0.10792996,-0.08519698,0.26723632,-0.051474296,0.095695645,0.12020205,-0.0809014,-0.27941442,-0.10357796,-0.020381175,-0.036675863,-0.29975617,0.03432371,-0.010446601,-0.18403453,0.1682505,-0.053436436,0.055762567,0,-0.16498329,0.040378887,0.04823554,-0.2515272,-0.17746612,0.038646318,0.03833128,0.028383806,0.078134745,-0.3840646,0.137898,-0.10023923,0.03168582,-0.040656216,-0.09533016,-0.3354373,0,-0.32893342,-0.008817457,0.093533404,0.23487535,0.2075091,-0.075775765,-0.018498465,0.109174974,-0.3145126,0.3221592,0.20295364,-0.032189902,0.033098035,0.37404615,0.07976119,0.30672085,0.24262077,0.3596903,-0.2950034,0.011663868,0.16169709,-0.16864914,-0.1424205,-0.06614549,0.25225955,-0.006151224,0.26328927,-0.2036874,-0.3144163,0.14936012,0.019450018,0.10262767,0.21336125,-0.21467258,-0.24364266,0.24381247,0.014739182,0.040377714,0.04796561,-0.2261232,0.06944721,0.032204613,-0.10635085,-0.36639208,0.1723421,0.24023467,0.16316558,-0.078237146,-0.07203028,0.442192,0.045712315,-0.04554747,-0.05736827,-0.41260788,0.12712288,0.077180915,0.055615526,0.37100834,0.03632129,0.33472598,0.15012151,0.011214584,-0.0458308,0.12725447,-0.12791522,-0.017257676,-0.032684013,0.19241172,0.2598713,-0.028365463,0.22059104,-0.23667447,-0.2615247,-0.19602373,0.24065028,-0.017190473,0.025065258,0.07059251,-0.32927424,0.09694121,0.075136825,-0.18420735,-0.09042536,-0.46348488,0.030284502,0.16170152,0.05885318,0.10398399,-0.12268018,0.292438,0.04461395,0.112804055,0.039692573,0.15935224,-0.2192615,-0.07098129,0.03921406,0.050219085,0,-0.1622779,0.055513583,0.13666055,0.1693084,0.04126104,-0.052109793,0.021571092,0.24846226,0.07616198,-0.115000285,0.10034856,-0.20831776,-0.07211412,0.2159902,-0.09398031,-0.23830329,-0.33721524,0.13335903,0.20759726,0.25224373,0.061353475,-0.21124586,-0.108867384,0.06106192,-0.3037223,-0.20526253,-0.09792255,0.26475212,-0.107417546,-0.1605992,0.0739942,-0.23532139,0.49756175,0.31871152,0.061208863,-0.024843737,0.41969287,-0.1467406,0.055408306,0.10840203,-0.129063,-0.26820764,0.26972127,0.465062,0.2877699,0.06308983,-0.036880355,0.078722775,-0.3293262,0.16702375,-0.33408064,-0.0655617,0.12457952,0.31166008,0.018796232,-0.27683476,-0.13541988,0.10466291,0.021253418,-0.31771523,-0.165503,-0.15573727,-0.3333655,0.13803346,-0.08636736,0.0127228275,0.26758713,0.27228928,-0.21223362,-0.46449196,0.036104046,0.24406981,-0.17449546,0.0067911446,0.100083455,0.1562264,0.13764827,0.034297317,-0.17744824,0,0.21773505,0.03332565,0.011816237,-0.13231301,0.3921811,0.124012224,0.25092798,-0.26382598,0.09835323,-0.31830972,-0.03770785,-0.058016665,0.22052675,0.117005885,0.13783643,0.1794921,-0.07304317,-0.044223957,0.132744,-0.06653712,-0.06926511,0.073255405,-0.586971,-0.37389642,0.4614887,0.083683535,0.3771272,-0.09439207,-0.23325671,0.25686634,0.07575535,0.047258787,-0.1758646,0.094753474,0.06895654,-0.20122722,0.0027460195,-0.016145892,-0.18934508,0.05786273,-0.27648795,0.29780543,0.020689525,0.08418408,-0.050861284,0.10497927,-0.0812715,-0.14879988,-0.08843328,-0.18297789,-0.003043592,-0.0024127811,0.2844273,-0.01588878,0.21178561,0.16282348,0.10006126,-0.043442234,-0.2293189,0.1360647,-0.029602874,0.21620022,-0.09360836,0.05018399,0.094926655,-0.1572493,0.13446921,0.4033128,0.20473,0.092657834,0.24921897,0.06519114,-0.042180628,0.0908907,-0.2478873,-0.015429631,-0.22221786,0.061935164,-0.08289664,0.29588264,0.22507744,0.2540592,0.2760359,-0.27161708,0.19974664,0.30628112,0.022605121,-0.24536957,-0.024487041,-0.26462576,-0.049975082,0.053426243,0.07093729,0.16837615,0.016983353,0.10675901,0.10674221,0.4064033,-0.34210804,-0.36936253,-0.5385957,-0.02067577,0.10926556,0.4513794,-0.2761476,-0.39728886,-0.035226453,0.035087716,-0.15551238,0.53014237,0.12548806,-0.07597931,-0.21787906,0.2611753,0.012071207,0.2966848,0.16777816,0.2079514,-0.38234016,0.19947602,-0.04353697,-0.029802725,-0.18718718,-0.085205615,0.40941936,-0.065022394,0.13170111,0.23522627,-0.028357886,-0.20888133,0.09396128,0.021980189,0.09293701,0.25715402
"(114.01428123415076, 22.54759408469496)",0.19250971,0.067927375,0.14771391,0.018410204,0.13184102,0.036806803,-0.19505642,-0.08764857,-0.14189406,0.2507853,-0.16982526,0.12672856,0.39721555,-0.0067371763,-0.07625585,-0.016141172,0.25419813,0.36499238,0.15513115,0.6039235,0.1275711,-0.094145104,-0.18853587,0.253256,0.12379642,0.1868147,-0.07459625,0.040360846,-0.10909173,-0.06748198,0.0952083,0.0033616722,0.7359064,0.009339938,0.19776547,-0.14479937,-0.017963357,0.0884009,-0.023609508,0.027644262,-0.26852718,0.2682939,-0.33937246,0.08366295,-0.1271567,-0.15037952,0.21215774,-0.14611842,-0.25033328,-0.045737,0.07317367,0.084344044,0.044857033,-0.024081849,-0.5881621,-0.18830559,-0.14628997,0.3219449,-0.09096448,0.10147971,0.043949965,-0.09752484,-0.2202538,-0.06887452,0.005223058,-0.08006981,-0.3459825,0.09877077,-0.00028697774,-0.320103,0.12107942,-0.001569381,0.065552615,0,-0.21203347,0.028287563,0.08735517,-0.14458966,-0.13773915,0.062775336,0.14425229,0.056723356,0.15793705,-0.4802994,0.14479868,-0.13137177,0.00047661364,-0.1246089,-0.1394907,-0.24732754,0,-0.40926772,-0.09856474,0.17614283,0.21750891,0.29029894,-0.08541254,0.007968679,0.17753437,-0.3048892,0.43962452,0.17599124,0.052231763,0.044877924,0.344607,-0.014792055,0.31846952,0.2896581,0.2756158,-0.36577865,-0.08666174,0.13958257,-0.11090388,-0.104341336,-0.004577063,0.2746405,0.038408756,0.31865042,-0.22273242,-0.30678478,0.20074587,0.03171716,0.10941957,0.2656893,-0.18266536,-0.24920163,0.20937514,0.0069107637,0.09428274,0.14255725,-0.3223356,0.00927954,-0.0062835505,-0.05465027,-0.32564098,0.22114258,0.29293334,0.17047408,-0.15303908,-0.14540431,0.43391114,0.010680184,0.06289098,-0.12942499,-0.43440914,0.043665797,0.030532127,0.07194716,0.43275917,0.12801899,0.38312912,0.21650293,0.013926849,0.007741466,0.1943437,-0.088815704,0.11706036,-0.037409905,0.24629712,0.30886608,-0.12426531,0.3229646,-0.24260072,-0.30307823,-0.17459571,0.15504295,0.039650142,0.033492222,0.017465338,-0.31519255,0.08061404,0.08072491,-0.3487709,-0.07133682,-0.60932094,0.021245379,0.2170087,0.011912818,0.10654426,-0.19000164,0.30949643,0.10709111,0.13063926,0.12384938,0.19406816,-0.39789748,-0.061203092,0.040339373,-0.009067215,0,-0.14832075,0.15076303,0.10491489,0.14489913,0.050941862,-0.021733055,0.041765854,0.25289378,0.039114755,-0.25502166,0.09795609,-0.2262761,-0.08237609,0.16845694,-0.02516386,-0.19836162,-0.36220235,0.18525888,0.23484665,0.2709819,-0.03106159,-0.2740821,-0.07495815,0.09626937,-0.39662728,-0.34321028,-0.1174448,0.28906628,-0.26945397,-0.111095265,0.077040315,-0.33016,0.5066003,0.34540218,-0.024136495,-0.04998017,0.5342664,-0.10034111,0.124338515,0.06638717,-0.16899405,-0.372897,0.3786765,0.4602714,0.33929324,0.17162023,-0.069125175,0.06708917,-0.3919677,0.2804166,-0.35746095,-0.14408,0.14452429,0.2268611,0.05956554,-0.20431459,-0.08280991,0.08746244,-0.021431468,-0.4373203,-0.2146495,-0.24564174,-0.3972959,0.10111201,-0.10959285,-0.059905656,0.23858759,0.19575745,-0.24053863,-0.5991695,0.09616978,0.27742967,-0.14153165,-0.010925971,0.073065326,0.10065128,0.06756881,-0.09292531,-0.2598117,0,0.2520028,0.0086992625,-0.039897628,-0.25357342,0.3743665,0.18035108,0.22260118,-0.15006268,0.20680597,-0.37376124,-0.092897534,-0.0730818,0.19961926,0.028552711,0.18783699,0.14468713,-0.02639566,-0.03652481,0.065027684,-0.076714575,-0.17843205,0.07232395,-0.7658704,-0.34604144,0.5755642,-0.017425865,0.2780724,-0.16674855,-0.198337,0.22237587,0.15752648,0.08947429,-0.17419074,0.1491689,0.013684385,-0.25558814,-0.060228672,0.013988487,-0.20289032,0.06348411,-0.25527075,0.42941144,0.019221634,0.15968579,0.029574707,0.046003424,-0.18253812,-0.17548637,-0.021979157,-0.2069107,-0.025822788,-0.035207365,0.43075746,-0.014004357,0.2442986,0.19653139,0.17441645,-0.13121971,-0.28855762,0.21001568,-0.1166313,0.22176556,-0.1197715,0.05343797,0.09171711,-0.20546317,0.20467381,0.40630022,0.22838676,0.106034234,0.27790022,0.07818433,-0.04550612,0.074565984,-0.24436624,-0.0028813183,-0.30657446,0.0797058,-0.1612109,0.26435107,0.2931561,0.24086274,0.25333634,-0.24809533,0.22021198,0.3987917,0.028832145,-0.35351706,-0.1520299,-0.29160827,0.027642734,-0.05081009,0.015679462,0.11539131,-0.021318771,0.057036325,0.15516263,0.47759062,-0.36154526,-0.42013836,-0.5386841,-0.05435767,0.15784365,0.49164793,-0.27603826,-0.5028784,-0.05958296,0.05455802,-0.17061378,0.56570333,0.20840485,-0.069533795,-0.2621097,0.3486567,-0.028799802,0.3405165,0.20211412,0.22871886,-0.3424686,0.117467925,0.015884958,-0.082306355,-0.25964424,-0.15930358,0.57286596,-0.07593307,0.15529315,0.28220356,0.027019165,-0.20774521,0.02862664,-0.0015968159,0.06786862,0.2073895
"(114.01687298577296, 22.6900057374272)",-0.053726606,-0.11745325,-0.07830665,-0.009009374,0.1402902,0.20585586,-0.26067132,0.06639117,0.19168447,0.054157265,0.058514543,-0.18539903,-0.27445298,0.16711015,-0.13144073,-0.13908796,0.001058355,0.0070420876,0.24908285,-0.10496922,0.23648885,0.12807529,0.0669167,-0.1625072,0.07724871,0.0039006304,0.20762148,-0.10125868,-0.005760949,-0.20612568,0.011985928,-0.13953355,0.38455862,0.27195212,0.036298178,0.02584009,0.14097081,-0.2746789,-0.013287548,-0.10088055,-0.07056446,-0.05310198,-0.17565,0.040133335,-0.09492107,-0.16181909,0.074143656,0.017937567,-0.20955792,0.08855124,0.035864145,0.08540933,0.013273273,0.104205266,-0.19903666,-0.2898846,-0.17156778,0.08783693,0.14786893,-0.3383695,-0.118740484,-0.040114168,0.077481836,0.14672321,0.112516016,-0.3015658,0.1388264,0.14338921,0.119715005,-0.18622698,-0.05502347,0.14254045,0.17626703,0,-0.007859817,-0.092815936,-0.03699724,-0.048000216,-0.27795836,0.17923787,0.09648141,0.10362096,0.041702982,-0.30938822,-0.06416009,-0.2989599,0.08610025,0.0043036267,-0.33872122,-0.06490549,0,-0.19254354,0.040451463,-0.060034953,-0.11475929,0.47868574,-0.16286407,0.0027927458,-0.009562096,0.3275073,0.47352484,-0.00727541,0.025569845,-0.16313738,-0.16790907,-0.00053602457,0.13945363,0.27242655,0.13600126,-0.029584333,0.10103098,-0.23018321,-0.10096844,0.11170992,-0.10350972,0.38005936,-0.056460507,0.25445303,-0.031549193,-0.18215513,0.46945047,0.3282433,0.12177066,0.3366801,0.046949826,0.032160997,0.01372752,0.031711657,0.04540909,0.059923366,-0.16614807,-0.1226261,0.35893732,-0.05133284,-0.021785825,0.24425295,0.12626106,0.086295694,-0.22499058,0.18206055,0.2355124,0.02918129,0.06768921,-0.07635125,-0.020028323,-0.5470075,0.035119973,-0.2793062,0.36776137,0.3860378,-0.36634898,-0.037023954,0.36538947,-0.08259022,0.34403482,-0.13246341,-0.034084335,0.041083843,-0.029014863,0.13306503,-0.36703843,0.499705,0.20059514,0.009777743,0.19920194,0.11759814,0.2183645,0.15249632,-0.01695688,-0.36478212,0.11579109,-0.25305822,-0.43285522,-0.119053036,-0.5013964,-0.17667912,0.0016137213,0.052178435,-0.042861722,-0.12730189,0.15917578,0.01210209,0.01048642,0.08011837,0.13757491,-0.36208662,-0.021413151,0.08910298,0.056259397,0,-0.044140838,-0.17584231,0.32030863,0.14219017,0.041226797,0.13870531,-0.032755256,0.1498349,0.14082147,-0.32683963,0.20737459,0.055016577,0.023896972,0.061878905,-0.050032914,0.06009212,0.016678452,-0.06157729,0.43557447,0.16406149,0.08971654,-0.16252814,0.14805563,0.15868919,0.1261841,-0.183556,0.0725624,0.18568453,-0.030171283,-0.23809405,-0.047716495,-0.24105872,0.40224344,0.0108206235,0.20363785,-0.06898727,0.30497396,0.028588464,0.0432264,0.1011639,-0.2576604,0.055554237,-0.11845223,0.22045082,0.2178825,-0.10035108,-0.11353898,0.18538064,-0.30054432,0.40111116,-0.12484389,-0.10733309,-0.0331361,0.22194721,-0.17771508,-0.048194148,-0.11881384,-0.0022491626,-0.3029542,-0.41845125,-0.34632546,-0.027301863,-0.15035771,0.120875016,-0.14303106,0.13411334,0.06606106,0.08554226,0.09543945,-0.38455278,-0.004860632,0.010285027,0.12993994,0.10302272,0.19650967,0.07965225,0.20123911,-0.07746622,0.10674233,0,-0.0007221326,0.08066295,-0.18250173,0.15094322,-0.23898065,0.080316715,0.13773705,0.23253565,0.20445862,-0.40636945,-0.00047302712,0.0859285,0.22828668,-0.043329336,0.15528859,0.017679013,-0.24479255,0.08759457,0.16884324,-0.03919912,-0.15965974,-0.21243785,-0.25055188,0.16003832,0.15576196,0.046153694,0.25858948,-0.39761418,0.111587346,0.05245488,0.08196629,0.043292597,-0.03389283,-0.12319,0.2266642,0.1484932,-0.12583584,-0.03756456,0.18993671,-0.04664079,-0.0976384,0.38267633,0.15897703,0.37446585,-0.12100792,-0.25171366,-0.11004895,-0.16450739,-0.2507038,-0.120689586,-0.112339616,-0.060290847,0.42409188,-0.05348172,-0.24852839,0.16177009,0.4055969,0.12010257,-0.35957742,-0.10678899,0.20753531,0.21806352,-0.06841967,0.03151963,-0.26223883,0.011440016,0.15783627,0.20484774,0.03985011,0.038786452,0.087339275,-0.10793399,0.08783777,-0.02996383,0.25425208,-0.12493949,-0.43159798,0.09466098,-0.26047364,0.2622337,0.2423652,0.16200818,0.009613574,-0.10440537,-0.235311,0.26521152,-0.05337455,-0.4463796,-0.03503733,-0.21161717,-0.27611414,0.10760682,0.07001971,0.07840028,-0.14999563,0.3194659,-0.14715865,0.18357491,-0.27680987,-0.3694123,-0.17080829,-0.31645477,0.0905666,0.26177785,-0.2552148,-0.43830788,0.11578214,0.11433521,0.15544438,0.1840986,0.08061382,0.2600317,0.09968371,0.30665606,0.025904335,0.26911232,0.36624196,0.018399999,-0.16937181,-0.25284347,0.18710491,0.08758509,-0.2125388,-0.04586105,0.34531748,0.14469641,0.27521104,0.33013803,0.21447235,0.17492412,0.087410405,-0.14865136,0.119151,-0.023531213
"(114.01697742500328, 22.672607194959088)",0.11000816,-0.20089202,-0.06277451,0.12875396,0.39882058,0.30420846,0.13158314,0.080245495,0.2253965,0.24888735,0.013146587,-0.21891801,0.16074148,0.19699007,0.13108245,-0.11860397,-0.12703381,-0.15997091,0.15322559,-0.054861348,0.051440947,0.0070642973,-0.03336509,-0.24004933,0.1208581,-0.026951978,-0.14479882,0.05376908,-0.0657559,0.11521793,0.07525452,-0.10266858,0.1429913,0.2202212,0.009612508,0.19645368,-0.11895431,-0.13892369,0.05863064,-0.01396244,0.008776091,-0.33360028,-0.17697272,0.08959567,0.05017104,-0.32788637,0.044601135,0.11012992,-0.020673163,-0.09365597,-0.020330317,0.08940253,-0.06107085,0.16459489,-0.052063577,-0.16358957,-0.062416278,0.028210364,0.22442487,-0.1773155,-0.25697345,-0.10451849,-0.101070166,0.2541709,0.05231684,-0.06356729,0.09480623,0.23824525,-0.04969273,-0.15084918,-0.08998459,0.13323593,0.11076658,0,-0.12322541,-0.04885013,0.14349292,0.04477854,-0.14009632,0.21656466,0.12624736,-0.068130836,-0.075274855,-0.2622897,0.008133791,-0.017439865,0.16168115,-0.40907916,-0.20557868,0.0601565,0,-0.3003224,-0.115635924,-0.3621092,-0.1661891,-0.024000216,-0.12208459,0.11744498,-0.027711457,0.034021664,0.36016926,-0.15776813,-0.07433979,0.025435165,-0.15169948,0.09076977,-0.018708512,0.2794299,0.16313651,0.11824965,-0.16608402,-0.18948436,-0.11308415,0.1992774,0.112108774,0.033946685,0.33679402,0.35827246,0.18431213,-0.044448383,0.19505678,0.2861475,0.2567527,0.37514976,-0.16192494,0.029610172,0.046932597,-0.012001799,0.18224707,0.22517073,-0.06523601,-0.00066982396,-0.061636277,-0.107208274,-0.024526685,0.48218688,-0.07921193,-0.016769413,0.038347118,0.13581857,0.031154614,0.032188863,-0.258115,0.063426085,-0.15248641,-0.38059568,-0.10215398,-0.06466247,0.05675021,0.23802042,-0.013384502,0.005442865,-0.17137073,-0.03619322,0.002481494,-0.43302003,0.025686264,-0.06170516,0.004741542,0.32118684,-0.24118713,0.062715515,0.38648796,0.16393372,0.21526076,0.25948218,-0.12390356,0.3404106,0.01702872,-0.08116614,0.047232963,0.039583348,-0.24306291,0.06118846,-0.41916406,-0.22112337,0.06906134,-0.038107533,0.044972032,0.06808991,-0.17447318,0.06678199,0.011657875,0.30485874,-0.111792885,-0.118865475,0.03538025,-0.077543944,-0.091899246,0,0.119825825,0.02727338,0.026825033,-0.04707716,-0.28134072,0.063158184,-0.21172719,0.07180282,-0.049437735,-0.24818298,-0.0445839,0.06751651,0.09690164,-0.03987103,-0.13125744,-0.13425188,-0.083409324,0.00023304671,0.23896137,0.078614995,-0.16624703,-0.07280791,-0.09055304,0.27366042,0.4877384,0.06788784,0.06092941,-0.04911486,-0.040174358,-0.07711742,-0.05101153,-0.16440083,0.17044045,-0.07234049,-0.017906118,0.047573984,0.1420886,-0.08548795,-0.012783848,0.048974954,-0.1621191,0.030616429,-0.10644253,0.09737323,-0.17976603,-0.105659485,-0.12967402,-0.056525003,0.022421822,0.098054044,-0.054118536,-0.12695199,-0.04078666,0.035238475,-0.31574184,-0.08255007,-0.32964185,-0.11625175,-0.18682879,-0.19042157,-0.1312328,-0.1138421,-0.20038523,0.12468622,-0.16151404,-0.053766623,-0.003615193,0.37574995,0.07210015,-0.13011189,-0.15538263,-0.21513331,0.1811163,-0.08348682,-0.07683492,0.12978773,-0.09641394,0.20576896,0.08173563,0,0.00754191,0.17838886,-0.16478965,0.09638403,-0.13650581,0.2206755,0.19732416,-0.16684835,0.16588953,-0.3821748,0.06550452,0.062173326,0.08258182,0.011503287,-0.2729395,-0.055820547,-0.07977341,-0.02054817,-0.36183262,0.18878324,-0.022193477,-0.31687278,-0.01485002,0.19382292,0.033552714,0.083299726,-0.055294424,-0.36125445,0.07974018,-0.06808744,-0.07939452,0.13211876,0.038244404,-0.062732786,0.4088399,0.10447967,-0.027117651,-0.29066017,0.39905003,-0.02136492,-0.24885699,0.016314905,0.21277952,-0.031746853,0.06156732,-0.22031942,-0.22437754,0.06336066,-0.022341218,0.03478469,-0.3621598,0.08896406,0.42535204,-0.38482982,-0.1623795,0.34842166,0.30450028,0.12700891,-0.115638465,0.11441678,-0.0075610913,-0.021555176,0.056681387,-0.012272155,0.07139313,0.009295918,0.109537505,0.110135674,-0.11784349,-0.16234183,-0.013092585,-0.060416073,0.12770955,-0.14434263,0.19317088,-0.021287777,-0.064686924,0.38692582,-0.12719873,0.0067389645,-0.1042787,0.026791375,-0.19642079,0.0713456,-0.1600045,0.087608375,-0.14262252,-0.31592268,0.14157084,-0.31652504,0.14489365,-0.045377627,0.21495569,0.033187017,0.0020319298,-0.13762824,-0.12741916,-0.121625796,-0.099946156,-0.32458717,0.08561047,-0.21788162,-0.18039286,0.49652138,-0.07268572,0.0149460435,0.37507772,0.20147496,-0.052866098,-0.09810527,-0.13504094,0.19174293,0.046102792,0.42031687,-0.013944037,0.25999668,0.118029766,-0.06490755,-0.03279364,-0.1364953,0.33850202,-0.3503694,0.018639475,-0.104469605,0.15776387,-0.13342048,0.2938619,-0.080805436,0.38599846,-0.10568708,-0.03565365,-0.0034839883,0.1663908,-0.14155471
"(114.01785743422656, 22.6398331869373)",-0.041250117,-0.11089264,-0.110651284,-0.0059810933,0.32931653,0.36272272,-0.05277879,0.13181828,0.29799265,0.17515838,0.027317055,-0.30446014,-0.17575443,0.077568255,-0.09269666,-0.083710626,0.020196512,-0.12628204,0.1643897,-0.15160362,0.1015384,0.09563929,0.083814025,-0.28642848,0.072019994,-0.061963473,0.083075605,0.03562499,-0.1225829,-0.030165382,0.033760905,-0.06316574,0.18893188,0.15809262,0.054855675,0.050367385,0.010535266,-0.2590506,-0.03705028,-0.11178739,-0.086032875,-0.07548269,-0.21245167,-0.1155026,-0.051145762,-0.100044064,0.037102677,0.034644764,-0.16598248,0.06654739,0.0032130778,0.11315207,0.0014397763,0.062855236,0.00490015,-0.1810818,-0.13616534,0.12931538,0.10423441,-0.32447353,-0.12791029,-0.042607337,-0.019396681,0.120287895,0.12202087,-0.3150941,0.21441637,0.09851831,0.11213668,-0.09260367,-0.09544671,0.18078509,0.124464534,0,-0.06712424,-0.085348964,0.022252452,0.031213172,-0.20792595,0.11653242,0.07403806,0.0050558224,-0.04738308,-0.21125795,-0.07823081,-0.199613,0.028393589,-0.074852414,-0.27496225,-0.001475431,0,-0.09549176,0.04513342,-0.24446268,-0.24606735,0.18375084,-0.047565416,0.09799689,-0.014070934,0.1443348,0.32127315,-0.09274527,-0.07826191,-0.09943256,-0.11156423,0.03199753,0.037070826,0.2843956,0.08544885,0.09000179,0.14740883,-0.20352992,-0.09082201,0.10530089,-0.16936743,0.15083933,0.029169293,0.20571128,0.06287225,-0.10938072,0.39382392,0.228614,0.09158479,0.29761815,0.06841079,0.043605894,-0.05379383,0.036468826,0.05849967,0.11975026,-0.1374813,-0.16462223,0.2584041,-0.118865125,0.05863539,0.14725457,0.14997998,0.01549178,-0.10989472,0.17096253,0.18142085,0.047241654,-0.088830456,-0.044281386,0.0181868,-0.44652784,-0.03728965,-0.10474256,0.2255174,0.35468373,-0.3037047,-0.026711091,0.21541415,0.03192392,0.24225926,-0.28627673,-0.17871252,0.12703589,-0.042974494,0.12886561,-0.31440902,0.33491492,0.319103,0.12331112,0.22614081,0.20752878,0.13750722,0.16546781,0.027009174,-0.24515912,0.035610087,-0.114436015,-0.2780184,-0.049346343,-0.15774527,-0.117860064,0.034200132,0.046284076,-0.11572461,-0.005775925,-0.0019125752,0.059098266,-0.012955204,0.073086955,0.050529845,-0.13441528,-0.01142858,-0.015283288,-0.036925144,0,0.042937253,-0.08364533,0.16663039,0.11966884,0.009451754,0.03377577,-0.096503064,0.08880951,0.09497452,-0.13854717,0.06488778,0.062190294,0.034752537,0.031923845,0.065334015,-0.012180135,0.032894418,-0.066540636,0.29649687,0.036725707,0.005972013,-0.0023932178,-0.014774576,0.16679506,0.390653,-0.009115189,0.08530655,-0.007479064,0.0682637,-0.24636322,-0.019246072,-0.18900037,0.23727028,-0.0528172,0.15201227,-0.04169506,0.1008762,0.017755225,0.048850298,0.06803105,0.08299056,0.07081481,-0.2170528,0.17720416,-0.003963694,-0.1230824,-0.12565643,0.15877804,-0.21319692,0.16121459,-0.016887605,-0.082563944,-0.020448616,0.10673651,-0.13609105,-0.16001603,-0.3325804,-0.041029435,-0.14201394,-0.3049019,-0.21064648,-0.17987657,-0.056320354,0.13474116,-0.12229752,0.033479296,0.09456544,0.1887057,0.04022585,-0.09003634,-0.14571021,0.0055469945,0.13578546,0.0013788864,0.06739111,0.01609568,0.20812404,0.111870065,0.10049959,0,-0.03865566,0.035478793,-0.20562224,0.20718366,-0.076972306,0.10303699,0.13595156,-0.0036573969,0.17678848,-0.17967893,0.16853963,0.21865502,0.18374783,-0.030806601,0.01325031,-0.030513756,-0.28241488,0.060026336,0.0428686,0.066763364,-0.038555227,-0.416542,-0.06423798,0.39488414,-0.015018798,0.14716712,0.1338309,-0.3439338,0.10900569,0.053199634,-0.022133632,-0.004595861,0.06605803,-0.0021138042,0.41468906,0.06829517,-0.20324197,-0.07888151,0.26273596,-0.055857986,-0.113984525,0.21415706,0.13889453,0.28481653,-0.080322936,-0.24053048,-0.054504186,-0.10287595,-0.25257367,-0.13518238,-0.1022439,-0.014132466,0.27159616,-0.15924215,-0.15145385,0.3170886,0.29708108,0.16837375,-0.05890342,-0.025482029,0.10014446,0.041883312,0.06852203,0.022263968,-0.18923607,-0.022220097,0.09037258,0.15726186,0.053229384,0.035797168,0.12239661,-0.017406384,0.17651892,-0.11325498,0.24492489,-0.09185709,-0.33596048,0.19266881,-0.13686219,0.088122696,0.07156922,0.093658015,-0.019322768,0.08423774,-0.24550071,0.20589371,-0.08517192,-0.18390664,0.0024965927,-0.22766723,-0.093248956,0.042393096,0.10765448,0.11551941,-0.15770632,0.07053365,-0.1662697,0.06649242,-0.12710974,-0.32601175,-0.039152883,-0.124717005,-0.16349134,0.34950337,-0.15535553,-0.21821351,0.22924832,0.19888903,0.09437285,0.04794206,-0.026366595,0.23888677,0.106495135,0.43901518,-0.0035886317,0.18738751,0.25597867,-0.04205343,-0.01422523,-0.20176479,0.21579057,-0.010142282,-0.1276223,-0.028534725,0.038606264,0.119000055,0.17153059,0.2674422,0.21178913,0.19324803,0.013511542,0.05238524,0.16179785,0.032617085
"(114.01995938270028, 22.608827505788536)",0.011590984,-0.074214846,-0.037572965,0.015139846,0.44394648,0.36101696,0.048925497,0.15107024,0.30390587,0.2518279,0.008890957,-0.21862385,-0.011359632,-0.02902606,-0.06251944,-0.025546845,0.07854268,-0.059039645,0.16223736,0.10962312,0.13068101,0.036601953,0.0469509,-0.28316417,0.039386626,0.018965203,0.038901202,0.14721704,-0.285278,-0.010853134,0.009648543,-0.016928568,0.42008507,0.08959476,0.095707506,-0.08365237,-0.17089319,-0.15465273,0.0085642,-0.14258732,-0.309328,0.032341875,-0.20815358,-0.20945016,-0.1390656,-0.06704687,0.08158222,0.031841125,-0.23037314,0.026491316,0.0749972,0.13441235,0.040158994,-0.10742672,-0.122968666,-0.1874291,-0.20112693,0.12590268,-0.054689176,-0.2822886,-0.10349783,-0.06662031,-0.16372144,0.06576967,0.13902272,-0.36135632,0.06270568,0.10169649,0.14444499,-0.1182196,0.022173934,0.12114387,0.12371651,0,-0.03039289,-0.072182894,0.013485875,-0.0108921975,-0.277719,0.121918984,0.04380567,0.0053502917,0.014580626,-0.26512522,-0.070178494,-0.19954054,0.022426724,-0.08489834,-0.28842837,0.03719445,0,-0.15961188,-0.03662592,-0.28756246,-0.20798007,0.17843628,-0.017635003,-0.007960528,-0.0225993,0.013117153,0.3861213,-0.018512309,-0.029039603,-0.05169618,0.14068685,0.0013885647,0.11130643,0.40947533,0.14051275,-0.021183252,0.15796614,-0.10334857,-0.08333744,-0.060451627,-0.18996447,0.027377613,0.044718955,0.23799053,0.03435626,-0.24222402,0.34551108,0.07656372,0.07295017,0.34338444,0.10259437,0.042322844,0.025146518,0.039346844,0.026161604,0.22551322,-0.29737955,-0.20147179,0.19584695,-0.13332993,-0.040417865,0.14655606,0.34673068,-0.071665585,-0.17112294,0.11115699,0.36845195,0.035524327,-0.15242139,-0.17941728,-0.09431996,-0.38898963,-0.07186166,0.09579882,0.35177714,0.3273811,-0.25980437,0.08899189,0.20566681,0.044520706,0.11634375,-0.32348168,-0.22279888,0.22137979,-0.03255246,0.16116513,-0.3691695,0.34091195,0.14257142,-0.023733612,0.17648762,0.23964493,0.16766368,0.019051999,0.06008622,-0.24709731,0.026355775,-0.12770545,-0.36960012,-0.036445618,-0.17000107,-0.045421407,0.0748765,0.13796794,-0.05307184,-0.09225717,0.10122819,0.1092593,0.024785224,0.08314696,-0.010036893,-0.13653293,0.031509105,-0.02513191,0.005113788,0,0.02391788,0.071447425,0.091243565,0.14837608,0.1287409,-0.0816355,-0.10017106,0.04870739,0.11846799,-0.12413845,0.053099334,-0.0035776198,0.034293305,-0.036369957,0.12886718,-0.030075595,-0.121464,-0.077021465,0.280297,0.0804629,-0.1151977,0.022033392,-0.15122837,0.035346672,0.23627219,-0.12355006,0.050025024,0.039376706,0.09248688,-0.17936715,0.11920686,-0.2444361,0.29835936,-0.0685586,0.17295876,-0.14927688,0.2536539,-0.11217214,0.120615095,0.05993096,0.090796396,-0.03723872,-0.03399059,0.26761422,0.048652098,0.06953515,-0.12927756,0.21469852,-0.29995012,0.10895898,-0.114028774,-0.1076021,-0.032057308,0.18524674,-0.11050396,-0.31429845,-0.3204744,-0.05616438,-0.037160225,-0.40755075,-0.18774208,-0.30278617,-0.10435842,0.14863093,-0.15885738,-0.034113698,0.0853096,0.34414572,-0.11084587,-0.13408054,-0.12059125,0.040992655,0.071143255,-0.025351726,0.043146517,0.056354757,0.2924658,0.11888009,-0.08880517,0,-0.008487947,-0.07277287,-0.28228393,0.19164145,0.07431595,0.14805341,0.14788572,-0.10871382,0.2380695,-0.17398335,0.24883555,0.30109203,0.2505158,-0.0026937723,0.055445228,-0.00684617,-0.30289832,0.024088789,0.059227973,0.05412218,-0.025450107,-0.39924932,-0.25268304,0.18018547,0.1638267,0.09969452,0.05967404,-0.30318332,0.06463741,0.11466825,-0.03082352,-0.000985764,0.064449586,0.06352994,0.42212692,-0.10523306,-0.19937614,0.031084258,0.15762708,0.066038445,-0.102896824,0.33959508,0.11397986,0.21021992,-0.15522952,-0.15522395,-0.23441818,-0.18185395,-0.24216004,-0.21286467,0.0042675287,-0.013247613,0.28903383,-0.20462003,0.024160273,0.39549372,0.07207175,0.2380341,0.0010003585,0.03166774,0.070296675,-0.102533355,0.1257112,0.024057152,-0.1179412,-0.08725117,0.08829121,0.2193347,0.13271603,0.11796576,0.15665129,0.0667179,0.25418764,-0.15853582,0.20097403,-0.10865635,-0.38232407,0.15595488,-0.12127939,0.11359531,0.13444151,0.12291205,-0.0002837628,0.16068056,-0.230145,0.3732339,-0.057729095,-0.20440444,-0.09526607,-0.16108117,-0.028082654,-0.023109889,0.1573603,0.16552007,-0.1299828,0.091208324,-0.11181116,0.13722263,-0.1767867,-0.32431147,-0.041116334,-0.06901356,-0.21337843,0.45771876,-0.18967481,-0.18673532,0.16299719,0.11630666,0.030484516,0.16867357,-0.09558152,0.1480321,0.049409874,0.5670341,-0.07952171,0.21947224,0.1560497,0.0978375,-0.16131148,-0.07171284,0.18738604,-0.028782956,-0.084161445,-0.067389324,0.06756056,0.1117004,0.05315581,0.25853562,0.20448121,0.06813203,-0.030695964,0.12967645,0.17838547,0.078558885
"(114.02086434878704, 22.64394339289223)",-0.00047072023,-0.19963759,-0.11523759,0.012964858,0.45771822,0.4951436,0.024107233,0.16650353,0.40478578,0.18281905,0.06279356,-0.4067723,-0.060207024,0.14774147,-0.007746257,-0.08335664,-0.045847103,-0.2355116,0.2184684,-0.17931831,0.106382884,0.07030928,0.083938785,-0.36563554,0.080121115,-0.043654196,0.024745412,0.07479752,-0.14701858,0.013908893,-0.009653706,-0.08805843,0.27327085,0.17569783,-0.030782096,0.06064546,-0.12429755,-0.23918073,-0.06229416,-0.15694976,-0.15773717,-0.22430056,-0.198545,-0.14432783,-0.06326915,-0.17520641,0.019037481,0.12622476,-0.15023386,0.04445284,0.018796057,0.12840651,0.0009021498,0.05058154,-0.038906597,-0.2867829,-0.1889466,0.119783394,0.099164486,-0.30771676,-0.19181213,-0.047991764,-0.049621653,0.20076244,0.15978508,-0.3474409,0.22170344,0.20640895,0.10736677,-0.114729926,-0.112782694,0.18619989,0.14899813,0,-0.014356157,-0.08038297,0.036559265,0.103869565,-0.2002565,0.1272493,0.09496242,-0.009816609,-0.099741474,-0.20903121,-0.08432834,-0.20999849,0.039396375,-0.17600438,-0.30327138,0.12842558,0,-0.21898666,-0.037186198,-0.42201743,-0.34736592,0.18467468,-0.042967327,0.11664489,-0.015637582,0.14484875,0.41704312,-0.16565391,-0.08664642,-0.11841921,-0.15027544,0.00091887265,-0.03850463,0.33841407,0.04873181,0.13871768,0.057216723,-0.20947243,-0.08921197,0.16773093,-0.13157485,0.009759047,0.06536119,0.21989502,0.14876965,-0.13100551,0.32678968,0.23700279,0.097547695,0.37097263,0.061386704,0.08142759,-0.020433884,0.022258407,0.09513148,0.18061674,-0.13461673,-0.18502998,0.16448326,-0.14375755,0.12271203,0.2987445,0.10027378,-0.082525775,-0.14527555,0.18319201,0.19260149,0.057364017,-0.21203217,-0.10397373,-0.041266248,-0.5445373,-0.08907831,-0.020049836,0.2248198,0.33431554,-0.35944617,-0.0066677853,0.14605913,0.079911284,0.13059217,-0.47513887,-0.19845362,0.116678424,-0.13681099,0.1402805,-0.35817164,0.28552967,0.4456647,0.18640482,0.28297168,0.26888952,0.13407873,0.15943833,0.08030021,-0.18919617,0.012215821,-0.15457053,-0.4073387,-0.02886457,-0.22348975,-0.16142662,0.022499233,0.03269294,-0.066051036,-0.017710414,-0.1481491,0.094942026,-0.016958367,0.1651926,-0.05483011,-0.10519859,-0.011209194,-0.06796459,-0.120716006,0,0.12712526,0.001932472,0.08582246,0.076458104,-0.046859175,0.030258736,-0.22123517,0.0256982,0.09470707,-0.20511532,0.062434137,0.10183507,0.079602756,-0.01391889,0.12051124,-0.039533943,0.0017075539,-0.12701137,0.29840118,0.025402453,-0.121776715,-0.019725079,-0.10993605,0.17490707,0.51747894,-0.030777395,0.084004186,-0.07995681,0.034666702,-0.16830328,0.014821037,-0.24836595,0.14613025,-0.13428435,0.11633849,-0.10338166,0.1161966,0.0009290213,0.06970393,0.06766852,0.062974155,0.097107835,-0.21037215,0.19719636,-0.111632474,-0.1272938,-0.17832464,0.14953047,-0.15092136,0.116519995,-0.012482017,-0.098085724,-0.050541192,0.10829284,-0.21997915,-0.24733156,-0.3613748,-0.14305277,-0.14343783,-0.42874253,-0.18812832,-0.24361628,-0.053404167,0.105573595,-0.2099582,-0.038458228,0.015732795,0.3040103,0.0286396,-0.06523719,-0.19406474,-0.13224071,0.15610173,-0.058686092,0.0026437305,0.038289566,0.21156088,0.1531506,0.097163506,0,-0.05267671,0.05098834,-0.30240375,0.19659463,-0.12169148,0.16060877,0.12124874,-0.09653954,0.25239217,-0.21309257,0.21122232,0.2643726,0.17996481,-0.012292951,-0.05267126,-0.092881665,-0.33142337,0.056820635,-0.17871237,0.15812539,-0.037358753,-0.5580582,-0.07141173,0.45098597,0.015196741,0.17851683,0.002689058,-0.40478566,0.18603529,-0.025126263,-0.0664492,-0.048469827,0.08481159,-0.00079251826,0.51960886,0.04568187,-0.21737713,-0.15699571,0.362574,-0.055609114,-0.15985033,0.23126878,0.1488843,0.18569958,-0.021811932,-0.28175724,-0.14992914,-0.11117357,-0.24072145,-0.11771652,-0.19369589,0.01848699,0.3777395,-0.30008227,-0.20634565,0.42851362,0.28800496,0.20238829,-0.0024024483,-0.0053601563,0.08241859,-0.09554652,0.18589628,0.005423231,-0.19042523,0.0051852986,0.076806344,0.10077524,-0.024841003,0.03471707,0.0667964,-0.037764587,0.23585318,-0.16767672,0.33030754,-0.09470256,-0.36251506,0.28738052,-0.12904859,-0.0015182793,0.031789187,0.030481841,-0.12835705,0.20619667,-0.3026078,0.25946254,-0.10654443,-0.25795782,-0.0028968826,-0.2513553,0.015898932,-0.044126853,0.21396713,0.06701275,-0.16842636,-0.026202254,-0.15311417,-0.0124756135,-0.08308573,-0.3288656,0.06840543,-0.1431029,-0.2462613,0.43766218,-0.08918894,-0.09201391,0.2915981,0.23906629,0.06809433,-0.041110244,-0.116097674,0.2432132,0.15475865,0.58030623,-0.115278415,0.19203238,0.21503504,0.02280572,0.0026672632,-0.22918087,0.2641395,-0.16421205,-0.054730788,-0.07465036,0.042542256,0.09306362,0.12366533,0.18611987,0.30140716,0.13314216,-0.07868077,0.056223202,0.21038601,-0.041755095
"(114.02147778710012, 22.545812474509205)",0.05918006,0.10420275,0.10959363,-0.031697974,-0.0045606266,0.042010497,-0.29323772,-0.08410986,-0.12668906,0.22019142,-0.1515874,0.08480151,0.12242484,-0.026311964,-0.17023346,-0.03655651,0.2911718,0.45496687,0.1399534,0.5408278,0.18800393,-0.0069873286,-0.19808465,0.25777382,0.12231861,0.19637488,0.04369045,-0.008381645,-0.19189988,-0.11544125,0.09802033,-0.0637722,0.7528201,-0.038899653,0.24115184,-0.11883751,0.039220072,0.016371503,0.028627764,-0.01373519,-0.18539336,0.36102694,-0.33502764,0.06979465,-0.16071233,-0.09476558,0.24949491,-0.18247116,-0.2766595,0.027948098,0.035178438,0.07119414,0.024083711,-0.023680419,-0.45450014,-0.14824443,-0.17766356,0.2967341,-0.03913735,-0.034344867,0.05274791,-0.0799913,-0.09111342,-0.13392521,0.015203785,-0.055688493,-0.29612213,0.05395865,0.047503777,-0.25659838,0.15337342,0.024975875,0.08237205,0,-0.24515009,0.021864224,0.025642622,-0.24021241,-0.19898859,0.0728743,0.113997385,0.08024444,0.137449,-0.45540053,0.09311494,-0.21047318,0.048377156,0.026367567,-0.19469392,-0.3125341,0,-0.32108825,-0.048108585,0.21472155,0.20785454,0.3311109,-0.080061354,-0.018404678,0.14643648,-0.19305371,0.39928713,0.18543452,0.04855864,0.02730541,0.34374636,-0.052699596,0.34980744,0.24969378,0.32929295,-0.35226795,0.05415378,0.10249389,-0.1864936,-0.15582633,-0.16764802,0.44606042,-0.056161985,0.28951913,-0.23529336,-0.3399685,0.31211537,0.08259058,0.10283773,0.26772386,-0.12304323,-0.26696572,0.2050583,0.017628774,0.00678771,0.050783478,-0.30850074,-0.03766959,0.16194427,-0.06731377,-0.30909026,0.14275596,0.28618696,0.19840947,-0.25941265,-0.18369853,0.42050928,0.06469536,0.088394225,-0.12757787,-0.33260852,-0.04330401,0.09289345,0.012397502,0.49842346,0.18803702,0.25348312,0.18510687,0.0943142,-0.010992363,0.36141032,-0.049256023,0.08495018,-0.048261423,0.19752377,0.22735994,-0.18813044,0.375088,-0.26185954,-0.3130742,-0.18121633,0.050515026,0.08814095,0.03816156,-0.11064355,-0.38076723,0.07608719,0.040059984,-0.3069755,-0.12193015,-0.55675524,-0.010536484,0.22038762,0.036410913,0.02638518,-0.1464344,0.38423532,0.11223813,0.11136937,0.0044092685,0.25790986,-0.39377606,-0.048137024,0.070379116,0.092751846,0,-0.17215644,-0.045979552,0.23432747,0.19643426,0.08660554,-0.033206776,0.0862305,0.30035114,0.10429995,-0.17646366,0.1815454,-0.16368026,-0.10987728,0.23584329,-0.07919885,-0.16442727,-0.32487047,0.13516875,0.32059157,0.24162473,0.027456239,-0.28399387,0.014534079,0.112508416,-0.52110016,-0.3534491,-0.08218865,0.35608506,-0.15011814,-0.20405251,0.01787657,-0.30364788,0.5386397,0.3342764,0.052473772,-0.06473327,0.61043334,-0.018950814,0.085147165,0.09458897,-0.14157175,-0.36626175,0.2623828,0.48314092,0.37933332,0.11058679,-0.067805216,0.11479753,-0.40654737,0.28008404,-0.39722198,-0.10123634,0.110900246,0.27934045,0.060870137,-0.19444048,-0.0723504,0.10784237,-0.103194855,-0.4401347,-0.2662683,-0.13040817,-0.40222597,0.1532044,-0.05614025,0.021022357,0.22672015,0.14370704,-0.23182942,-0.58243465,0.07905438,0.2909623,-0.12185457,0.057734802,0.14022203,0.050771926,0.19353257,-0.04985866,-0.16244394,0,0.19358781,-0.04974652,-0.03890863,-0.13822243,0.2781626,0.19320041,0.118708104,-0.027763683,0.12520188,-0.34226888,-0.0713064,-0.05431811,0.2609744,0.039763533,0.3318553,0.16160555,-0.04674478,-0.015849218,0.2535567,-0.08527994,-0.19582412,0.16215794,-0.6656738,-0.29309553,0.5157213,-0.023202486,0.37678567,-0.1672183,-0.15729623,0.28620112,0.1457879,0.11389845,-0.23507857,0.15923704,0.05665992,-0.20406844,-0.057808425,0.013500512,-0.20511816,0.12165325,-0.25225008,0.4266717,0.030606017,0.29578868,-0.14250349,0.09502926,-0.09773889,-0.26665705,-0.118860915,-0.20933837,0.04385885,-0.053149063,0.39812034,0.029443465,0.1815328,0.1962007,0.22737858,-0.08197959,-0.36108315,0.16438964,-0.038622666,0.3361046,-0.20004356,0.07180722,0.0055647343,-0.24797484,0.21751624,0.4578583,0.24484238,0.12377609,0.29491308,0.005398741,-0.05042857,0.068369225,-0.23557432,-0.024176896,-0.34523612,0.009397928,-0.20698866,0.3772597,0.32041773,0.24003504,0.35298306,-0.32101142,0.16297081,0.37757277,0.03583453,-0.29862875,-0.16189954,-0.30786508,-0.1523892,0.019564519,-0.048077673,0.14226931,-0.04120528,0.25871274,0.075837746,0.5326251,-0.4004328,-0.45334935,-0.5591867,-0.123592995,0.21124569,0.40484774,-0.34796742,-0.6219638,-0.1058394,-0.00645921,-0.09723209,0.55596143,0.267397,-0.04788677,-0.19871414,0.2705008,0.000106200576,0.34708172,0.28203773,0.08656466,-0.4201589,0.092551395,0.036885373,0.06413461,-0.36748695,-0.12734775,0.555071,-0.0073754555,0.18447994,0.41637784,-0.013454616,-0.0929973,0.08510363,-0.056858815,0.09459145,0.2847519
"(114.02163375762564, 22.65334391355461)",0.0055246428,-0.26010275,-0.08424349,0.03313575,0.49460104,0.5168281,0.03081771,0.1644374,0.4390991,0.15158497,0.07947325,-0.44016507,0.031404704,0.19432488,0.10850697,-0.11037025,-0.09231536,-0.27969873,0.24332997,-0.20813109,0.16288519,0.110778004,0.11081738,-0.4557152,0.080726326,-0.056361865,0.048492476,0.07060756,-0.09600596,0.014975343,0.0005012937,-0.14327078,0.31214195,0.29644832,-0.06543245,0.14102836,-0.13189825,-0.2547884,0.02288263,-0.14825034,-0.14436573,-0.40693092,-0.1639086,-0.07323979,-0.051145867,-0.25635767,0.001020154,0.20172073,-0.13258901,0.040862605,0.09207438,0.099179246,0.034535967,0.070857815,-0.07825761,-0.37173408,-0.19856769,0.061401136,0.13533388,-0.30694455,-0.20510258,-0.050354466,-0.12495777,0.28453934,0.16294408,-0.37039858,0.24710733,0.26250973,0.07500821,-0.10002965,-0.10477541,0.11259676,0.18262553,0,0.09750167,-0.07128233,0.011957016,0.0775628,-0.22524929,0.17980683,0.046852853,-0.020792797,-0.1762592,-0.18996073,-0.090984225,-0.28147757,0.08815996,-0.18591383,-0.3184857,0.12004433,0,-0.30802977,-0.038438648,-0.52406573,-0.35653144,0.29797116,-0.08253539,0.07348095,-0.07826057,0.19568856,0.5147934,-0.1475693,-0.10140255,-0.16111837,-0.19513373,0.04780507,-0.08794488,0.33077344,0.07558349,0.1494265,0.026744876,-0.22980799,-0.12287409,0.20698941,-0.04052098,-0.037549295,0.02292301,0.20347184,0.18548477,-0.14039592,0.297755,0.27941447,0.13323729,0.3818103,0.019312957,0.111035176,0.012971919,0.0087475125,0.12323543,0.1508708,-0.055142935,-0.11695468,0.1594514,-0.13319886,0.11557446,0.43942562,0.018124256,-0.100014865,-0.17125371,0.29096013,0.20178078,0.027606374,-0.33090362,-0.111989014,-0.07275098,-0.5754634,-0.06371928,-0.09383871,0.19403075,0.28732598,-0.46564752,-0.05003102,0.1272839,0.015500359,0.015854988,-0.6136744,-0.26658654,0.09386169,-0.21205062,0.1476299,-0.3414896,0.25185144,0.507575,0.233796,0.30272046,0.36189634,0.10682562,0.14264819,0.17526731,-0.20798238,0.03596796,-0.25819495,-0.46880773,-0.056957066,-0.31487262,-0.24046487,-0.029809952,0.048195705,-0.014722131,-0.04752169,-0.23052004,0.068818875,-0.061569165,0.18320872,-0.13411516,-0.074726164,-0.020864189,-0.0786132,-0.17107491,0,0.11642979,0.017775178,0.09294579,0.0565208,-0.08983709,0.005750509,-0.31917444,-0.0019374564,0.07110705,-0.2698618,0.1127871,0.13149849,0.12154636,0.009682113,0.07959349,-0.064670734,-0.011610463,-0.18214606,0.3214522,0.03135638,-0.08078207,-0.09956247,-0.16744678,0.16140772,0.6128995,-0.005698152,0.07080647,-0.062423356,0.039272852,-0.13344187,0.027663048,-0.2967826,0.15442018,-0.20574197,0.14974801,-0.14399783,0.09639801,-0.05682216,0.027229711,0.08238971,-0.08651365,0.17067519,-0.21984181,0.20103925,-0.122969106,-0.17157736,-0.19208173,0.1670895,-0.121703066,0.13224378,-0.046809934,-0.089539915,-0.08887536,0.16931143,-0.32269818,-0.31342378,-0.29206726,-0.19077162,-0.15813637,-0.50614285,-0.18925494,-0.188397,-0.025690988,0.080620445,-0.26459438,-0.030824162,-0.04165762,0.38592917,0.08438681,-0.09874941,-0.19100964,-0.2517914,0.16064891,-0.057874776,0.0379689,0.13081145,0.22840284,0.14323679,0.14236057,0,-0.094153,0.12753788,-0.3150379,0.23888081,-0.2027067,0.13230674,0.17463095,-0.13219026,0.2809483,-0.28694332,0.18013102,0.2530619,0.16507286,0.0154780485,-0.08759003,-0.09586242,-0.368839,0.04658318,-0.23898524,0.17552572,0.001740046,-0.62385994,-0.065243214,0.36971048,0.022956282,0.21215579,0.04546372,-0.47659633,0.1992983,-0.090018794,-0.06321648,-0.087968946,0.06696402,-0.15960458,0.5082799,0.12828572,-0.19225681,-0.1894528,0.38417447,-0.1326538,-0.21506207,0.18640655,0.17423499,0.10534224,-0.012776699,-0.33356693,-0.18666118,-0.06465925,-0.27989024,-0.075938255,-0.23817103,0.048059773,0.4402526,-0.3783152,-0.30990204,0.3943933,0.28859004,0.2739395,-0.05269301,-0.08305655,0.21186171,-0.14563306,0.25829268,-0.011287523,-0.23599252,0.07757432,0.04256723,0.05081292,-0.10806613,0.05892578,-0.024718754,-0.06856798,0.2139201,-0.17303267,0.40150517,-0.1336205,-0.38166466,0.32664996,-0.1124823,0.0052684285,0.024567407,0.03843582,-0.24461564,0.20192766,-0.35069367,0.25495633,-0.12213624,-0.36614487,0.0567429,-0.20615615,-0.0012160465,-0.036879934,0.3027703,0.053896777,-0.15808374,0.007407726,-0.17145139,-0.09749958,-0.11306967,-0.30598545,0.05988153,-0.21457784,-0.21406111,0.45182317,-0.06440934,0.00974603,0.31158727,0.23011222,0.07912408,-0.047869015,-0.15988922,0.25624084,0.18084417,0.5385879,-0.15378752,0.19906883,0.1956407,0.1393765,-0.029225715,-0.2223348,0.2249017,-0.2378519,0.007815421,-0.051398948,0.052328028,0.046535727,0.104814954,0.089001834,0.35105127,0.081744865,-0.05951233,-0.015228834,0.24099717,-0.123718984
"(114.02276634020488, 22.646821698058584)",-0.0041673705,-0.22703224,-0.11031632,0.020550022,0.48805204,0.5308152,0.042256504,0.16966501,0.42271462,0.17750652,0.0725561,-0.42954895,-0.02172023,0.17323855,0.047308765,-0.09550215,-0.06313661,-0.25954947,0.23175785,-0.18665183,0.10482142,0.08956913,0.08060787,-0.4058815,0.09335457,-0.049076848,0.016583987,0.081927404,-0.13773361,0.025246784,-0.010930743,-0.11814135,0.28595686,0.20658189,-0.05644892,0.0978175,-0.14686355,-0.24989434,-0.04048528,-0.16176504,-0.15795895,-0.30552956,-0.19314572,-0.112990975,-0.05765153,-0.2118853,0.0122417845,0.15709,-0.13426208,0.052340835,0.040213823,0.1214413,0.012581725,0.062259145,-0.06267818,-0.32127526,-0.1923109,0.1116213,0.12644856,-0.31916538,-0.21622734,-0.051243715,-0.07633878,0.22781031,0.16429351,-0.35610396,0.23091061,0.24064648,0.09508249,-0.106015906,-0.12353391,0.17486796,0.16419974,0,0.017152155,-0.09002286,0.028699499,0.10328192,-0.19286247,0.14951414,0.09885399,-0.018188387,-0.1293709,-0.21901412,-0.08744642,-0.22762707,0.06712906,-0.20354751,-0.32219678,0.14115888,0,-0.27037153,-0.052597247,-0.46927556,-0.36843857,0.21569434,-0.058388937,0.11301635,-0.030981695,0.1580163,0.46879795,-0.18322468,-0.08117674,-0.13479708,-0.1692196,0.008606203,-0.06843519,0.34179184,0.050396487,0.15714923,0.035975493,-0.2167135,-0.11743767,0.19573808,-0.09969629,-0.011392041,0.059822425,0.22820355,0.18201193,-0.13192944,0.31974596,0.2598884,0.12101764,0.39277092,0.03348144,0.08540924,-0.008333515,0.014003731,0.11693946,0.1707086,-0.11433573,-0.1701011,0.13108847,-0.15162247,0.118042834,0.3709344,0.05813694,-0.08883844,-0.16067089,0.21736604,0.19533387,0.05013614,-0.26094112,-0.11973686,-0.05745711,-0.57669795,-0.08774407,-0.051622737,0.21039245,0.31897986,-0.3938464,-0.012244403,0.108533695,0.0703373,0.08820945,-0.54644394,-0.2065529,0.092662506,-0.16229695,0.15056463,-0.36682105,0.27184367,0.4798792,0.2137028,0.28613722,0.30810747,0.10547952,0.18058778,0.09370324,-0.1943577,0.01407758,-0.18644793,-0.45061067,-0.026484758,-0.2682585,-0.20699757,0.012365833,0.030106016,-0.051581003,-0.011748023,-0.20480812,0.09644554,-0.038010113,0.19254781,-0.08567207,-0.09698877,-0.005870823,-0.0829786,-0.13834497,0,0.1352668,0.0013266578,0.07868367,0.0675754,-0.086673886,0.033625536,-0.26796132,0.029666387,0.09031081,-0.24557704,0.064645484,0.11724481,0.09903879,-0.011819461,0.0944974,-0.070469216,-0.0020444244,-0.1542398,0.3137276,0.02393719,-0.12611021,-0.05915325,-0.13533172,0.18529025,0.5665602,-0.023031622,0.0816233,-0.09157226,0.0391521,-0.155316,0.0067389235,-0.2699888,0.13280107,-0.15561685,0.115820214,-0.12589477,0.10724531,-0.025370052,0.058313563,0.07390448,0.009804409,0.1288527,-0.22086783,0.19818515,-0.12499904,-0.15004931,-0.19535178,0.14482501,-0.1367163,0.11136351,-0.029191732,-0.10209618,-0.06074056,0.12630533,-0.26959288,-0.26699623,-0.35917842,-0.17369515,-0.16071624,-0.46549654,-0.1922107,-0.22972727,-0.05574979,0.10365143,-0.23115334,-0.050639115,-0.008700222,0.35781845,0.042065255,-0.07849432,-0.19616708,-0.18927196,0.16566373,-0.06335946,0.00066566095,0.08217989,0.20921756,0.15601173,0.12370818,0,-0.072799,0.07088689,-0.31761613,0.2029813,-0.16635215,0.17124033,0.13697323,-0.11953987,0.27435616,-0.24730688,0.20406345,0.2601476,0.18075165,0.002631709,-0.0727109,-0.10500919,-0.3505319,0.05197047,-0.22134826,0.18537664,-0.024349734,-0.5961917,-0.05334647,0.4328552,0.020582743,0.20173013,-0.011919437,-0.44171572,0.19165035,-0.062149998,-0.07975518,-0.058563545,0.07513535,-0.049515992,0.5448922,0.07515394,-0.2098958,-0.19646254,0.39016908,-0.082716756,-0.19850898,0.21577476,0.17061776,0.15532084,-0.0041770563,-0.3122804,-0.17256048,-0.09246618,-0.24609235,-0.0967278,-0.24202673,0.035119522,0.42510182,-0.35467464,-0.24251917,0.43676925,0.30016735,0.22895417,-0.023361446,-0.016201034,0.12031835,-0.120016485,0.21417907,0.0035528,-0.20185965,0.031847887,0.064315274,0.0871779,-0.0655205,0.031909127,0.030335627,-0.0561034,0.23022677,-0.18659632,0.3544528,-0.10653709,-0.37909183,0.32132682,-0.12549843,-0.008291468,0.017338965,0.022106703,-0.18226206,0.20277902,-0.32675764,0.24910294,-0.11237477,-0.3029986,0.009879328,-0.24186587,0.021882575,-0.06049844,0.25379753,0.05283676,-0.17460021,-0.023174576,-0.15961325,-0.060124036,-0.08551352,-0.3268841,0.080028616,-0.16826555,-0.2531687,0.4553083,-0.08254999,-0.050930753,0.31239477,0.2544622,0.06120317,-0.057665896,-0.13427496,0.25488526,0.17085011,0.58816075,-0.12952012,0.18493049,0.2143087,0.051710926,-0.0034708828,-0.24030091,0.2753271,-0.21627928,-0.03877832,-0.08008315,0.054794513,0.063925184,0.118787184,0.13988477,0.34129658,0.108510226,-0.09225114,0.026724678,0.24169436,-0.07891452
"(114.02298952135376, 22.65270125914185)",-0.004276067,-0.24225312,-0.0742507,0.02805216,0.48594397,0.51054305,0.016491428,0.15744483,0.42182085,0.14636993,0.07730649,-0.42277133,0.03561665,0.18295306,0.11709086,-0.106461555,-0.07054491,-0.2534698,0.23198667,-0.18694104,0.13806072,0.113708474,0.09700819,-0.43991634,0.0913907,-0.047970526,0.04896234,0.07215231,-0.09401867,0.006895695,0.00041119382,-0.14538877,0.32992467,0.2733173,-0.06235931,0.13618492,-0.122128434,-0.26315445,0.019060109,-0.1458829,-0.14362681,-0.38876915,-0.171121,-0.059710868,-0.050347634,-0.24583499,-0.003452029,0.18574665,-0.13117269,0.06080383,0.1013917,0.102360696,0.038999043,0.074299686,-0.10338148,-0.36718208,-0.18898036,0.08194471,0.1353563,-0.2974997,-0.19148476,-0.0459392,-0.12748809,0.25880063,0.16007566,-0.3679155,0.23086444,0.2576758,0.079070374,-0.09085688,-0.10302631,0.115076415,0.18235463,0,0.09917643,-0.08100702,0.0029746778,0.06746995,-0.20882174,0.16537401,0.05873293,-0.011985205,-0.16239958,-0.20619413,-0.08207177,-0.26819286,0.08927049,-0.17487502,-0.3162103,0.108731315,0,-0.31659895,-0.034051113,-0.4909868,-0.34142256,0.31048924,-0.08590201,0.07361044,-0.06320137,0.18755865,0.5182613,-0.14743981,-0.08522011,-0.16852365,-0.17651933,0.04601723,-0.07845044,0.32574385,0.07776914,0.14649184,0.03154636,-0.2073729,-0.13715105,0.20673335,-0.047622226,-0.020211983,0.0015809289,0.207381,0.17884862,-0.14840111,0.2932467,0.2748421,0.12981892,0.38123938,0.0028854106,0.093456015,0.024597649,0.009576453,0.12370741,0.12768143,-0.06467695,-0.11617125,0.138677,-0.13866395,0.09090713,0.4318454,0.019647568,-0.08263782,-0.17227182,0.28641996,0.22493157,0.032309867,-0.30643,-0.123931594,-0.086034186,-0.5588365,-0.054612845,-0.10649429,0.20315166,0.26752973,-0.4475456,-0.03993254,0.12663044,0.02090285,0.023478512,-0.5898917,-0.24847573,0.07855343,-0.19847703,0.14431441,-0.3288504,0.26370698,0.47719055,0.22071213,0.27468815,0.3674107,0.098032035,0.15108073,0.16522875,-0.22341897,0.040578626,-0.25968388,-0.4753143,-0.05681628,-0.32838082,-0.23595634,-0.027723104,0.048881922,-0.010045439,-0.04119244,-0.22233148,0.0649238,-0.057484917,0.187311,-0.11331559,-0.08076531,-0.021247879,-0.07254986,-0.15022486,0,0.10829441,0.0026328787,0.099082954,0.07000475,-0.090119444,0.029011523,-0.30441725,0.024775356,0.09282063,-0.2777459,0.106785044,0.118542105,0.11711859,0.018586988,0.061316654,-0.082966305,-0.008470759,-0.18430886,0.32554007,0.046782143,-0.06916885,-0.113261126,-0.15629992,0.15863298,0.58196723,-0.017223507,0.06850113,-0.060699426,0.041988164,-0.13834803,0.019947149,-0.28985414,0.15987344,-0.17276245,0.1501141,-0.15086092,0.09503491,-0.06620928,0.033491,0.09273707,-0.0960909,0.17782298,-0.20945296,0.21695437,-0.09743402,-0.17853606,-0.19014812,0.16384937,-0.13714877,0.13591611,-0.054299586,-0.08503679,-0.07322335,0.18887003,-0.31359747,-0.3063556,-0.29470587,-0.18255186,-0.1638948,-0.505008,-0.19640094,-0.18079257,-0.038629547,0.08831901,-0.25652874,-0.025636323,-0.023800619,0.38970706,0.0737233,-0.11678075,-0.17432469,-0.23524094,0.14513206,-0.04770971,0.042061005,0.15108463,0.22926351,0.12815621,0.14542505,0,-0.082334355,0.11739639,-0.30659437,0.219174,-0.19847405,0.13464373,0.18018153,-0.13468437,0.2812862,-0.2931196,0.17052524,0.23663981,0.18062872,0.031051673,-0.072951555,-0.088321544,-0.37547556,0.050300922,-0.21771017,0.17153113,0.0002719873,-0.6035974,-0.070073426,0.3413193,0.04476524,0.22673547,0.04918167,-0.45999256,0.17794584,-0.08434208,-0.068142645,-0.09292473,0.054773632,-0.15039153,0.50163436,0.1217611,-0.17940782,-0.19653597,0.3676841,-0.133784,-0.22362874,0.20505092,0.17562503,0.11232676,-0.0005051717,-0.3264763,-0.17485493,-0.06932371,-0.2727512,-0.07882026,-0.25086617,0.04594488,0.44223672,-0.36231416,-0.29559,0.38011673,0.2898451,0.25970155,-0.06870285,-0.07740377,0.21022874,-0.12671928,0.24351174,-0.0050714556,-0.23441777,0.083223775,0.040392235,0.06975583,-0.09994127,0.056972373,-0.018882357,-0.074168384,0.19960018,-0.16355735,0.37495226,-0.13121718,-0.3987058,0.31490773,-0.109485306,0.016190093,0.036450777,0.043671113,-0.22670737,0.16970205,-0.33557397,0.24675827,-0.108575076,-0.3679532,0.047468804,-0.19792134,-0.015998684,-0.034063667,0.30111906,0.0522274,-0.16432178,0.02377297,-0.15620941,-0.08813305,-0.11710305,-0.30222923,0.036812477,-0.20240144,-0.2044101,0.43930805,-0.080406256,-0.012814507,0.2949484,0.23813127,0.07132901,-0.023905206,-0.15439638,0.25265384,0.17637731,0.5305939,-0.13850799,0.18135132,0.20951623,0.144171,-0.039305642,-0.21749759,0.21835023,-0.22717331,-0.0013626516,-0.056569025,0.076456554,0.04781867,0.10123178,0.09406002,0.34114632,0.07657796,-0.06389919,-0.022090204,0.24997768,-0.11277915
"(114.02395349287109, 22.63054420256761)",-0.045021124,-0.15845767,-0.1421369,0.0062795226,0.41279656,0.46873719,-0.0336136,0.16054143,0.39956757,0.17246453,0.045678563,-0.43248186,-0.114434406,0.13555896,-0.052982446,-0.11073811,-0.033641562,-0.24508092,0.16447262,-0.3111312,0.09206187,0.06938618,0.117912136,-0.37218532,0.04903629,-0.08111547,0.06079469,0.05776882,-0.07279134,-0.0055625513,0.011561707,-0.047854528,0.13446215,0.15086651,-0.0036551394,0.07942235,0.006119348,-0.27279115,-0.07418391,-0.1531004,-0.03963562,-0.20575196,-0.20708291,-0.14506665,-0.011754058,-0.15635419,-0.032648034,0.07610418,-0.15135092,0.031813897,-0.0128249675,0.13090695,-0.043256205,0.12390006,0.0682803,-0.23142973,-0.13751574,0.14343762,0.12872157,-0.25218797,-0.10938575,-0.021358103,-0.011274733,0.18209063,0.12852529,-0.28816012,0.27679843,0.14433128,0.09781688,-0.04734933,-0.14418697,0.20545135,0.109918416,0,-0.056662418,-0.045956556,0.009387668,0.09660768,-0.19590232,0.067339845,0.062031534,-7.893145e-05,-0.120413646,-0.11464907,-0.07193507,-0.145848,-0.015893094,-0.107296556,-0.24632582,0.06586928,0,-0.11366355,0.0585238,-0.40148684,-0.33872673,0.12902808,-0.013809578,0.1590108,0.005063126,0.15827756,0.27694708,-0.1723811,-0.14357902,-0.14601704,-0.236132,0.042641297,-0.027099222,0.2612799,0.029085182,0.18403834,0.088886626,-0.23606594,-0.06146129,0.19195092,-0.15903175,0.036624875,0.06664498,0.16499712,0.13143536,-0.07825564,0.30092448,0.2637231,0.053819116,0.3255807,0.07893955,0.06920914,-0.047528695,0.033909183,0.06425249,0.09902395,-0.029404344,-0.14712028,0.21368521,-0.12828138,0.16686125,0.19243087,0.020881861,-0.06476973,-0.04942743,0.204736,0.10021573,0.087147996,-0.16568455,0.010583021,0.016168378,-0.48842162,-0.0608939,-0.060312506,0.15804596,0.30899543,-0.32682455,-0.07466928,0.18346155,0.059419945,0.1478673,-0.38736838,-0.23608372,0.09418989,-0.112506054,0.0832368,-0.27618256,0.2550491,0.4777391,0.25527796,0.29744193,0.2985904,0.12910251,0.16690722,0.10107443,-0.1684816,0.012684153,-0.09035186,-0.2961203,-0.036606282,-0.10875556,-0.12091294,-0.02236785,0.0044244463,-0.10312119,0.038597815,-0.14935929,0.04849478,-0.0035265647,0.09714573,-0.029174395,-0.03407679,-0.06525508,-0.0638183,-0.124235585,0,0.13651173,-0.078518555,0.11509006,0.09082241,-0.06610668,0.06484615,-0.20822613,0.005847104,0.07496266,-0.11861404,0.07897647,0.13058415,0.061809923,0.0259368,0.13103338,-0.0013771802,0.08212978,-0.10654152,0.25023523,0.004104282,-0.034832075,0.06330717,-0.011395514,0.18932043,0.570546,0.0487237,0.10212946,-0.09850795,0.05248908,-0.2147676,-0.017738331,-0.17908992,0.07915903,-0.105737105,0.13553245,0.0051433668,-0.002112776,0.043331236,0.05225773,0.07166624,0.16416942,0.1364774,-0.30063075,0.15338314,-0.15416107,-0.20847137,-0.14962316,0.13185762,-0.09940641,0.068401344,0.02366994,-0.066177,-0.034288794,0.07726689,-0.19251011,-0.19712242,-0.4004823,-0.094574004,-0.12411932,-0.31480348,-0.14976096,-0.18989103,0.019770727,0.09254152,-0.18049127,0.036379986,0.06645305,0.18900017,0.0792938,0.031713255,-0.23712078,-0.1015499,0.15738016,-0.04523254,0.017540533,-0.023801923,0.19667903,0.20142199,0.17771307,0,-0.046174515,0.115392126,-0.20762455,0.2016361,-0.093008906,0.090343006,0.11219567,-0.1075073,0.19273984,-0.14206366,0.21740544,0.23723826,0.15182446,-0.0068455935,-0.0703218,-0.10856694,-0.32806307,0.07161479,-0.14014623,0.13454711,-0.038372833,-0.5337847,0.020121865,0.5642303,-0.11471172,0.23659325,0.09395488,-0.32938728,0.18524395,0.0076245777,-0.08267368,-0.059833646,0.10802619,0.025888592,0.5156735,0.08792102,-0.21730566,-0.17298745,0.38823962,-0.09864962,-0.12137245,0.15514086,0.11859518,0.20077191,0.0070750266,-0.2614849,-0.010786757,-0.09386604,-0.26806402,-0.09579775,-0.18711792,0.0035977438,0.24679604,-0.19620848,-0.2404859,0.37068197,0.31931037,0.17653942,0.055443205,-0.06769529,0.06951006,-0.006059518,0.15484405,0.03687539,-0.18430528,0.029518038,0.06033367,0.07213737,-0.027916543,0.015906934,0.08628566,-0.036517702,0.22291571,-0.1136508,0.3141551,-0.06803662,-0.27226016,0.27188265,-0.08931057,-0.0055538677,0.026515264,0.04530773,-0.07684043,0.18848088,-0.26436928,0.17921177,-0.11160899,-0.1618564,0.065851845,-0.2750042,-0.026748396,0.0434305,0.18934031,0.06595121,-0.18516707,-0.065918185,-0.16265738,-0.015245948,-0.014413412,-0.30139697,0.07086993,-0.104637615,-0.2814866,0.34910104,-0.02931198,-0.100424066,0.30622977,0.27011678,0.10693903,-0.086633235,-0.116489634,0.2527253,0.17424858,0.4914201,-0.08310089,0.18895297,0.2362584,-0.04003077,0.05183302,-0.2554263,0.24032566,-0.091406554,-0.04846683,-0.04000257,-0.04026357,0.12724167,0.1385162,0.23322019,0.21521246,0.20370987,-0.027983036,0.07057449,0.17988575,-0.004904465
"(114.024144251077, 22.654652177449428)",-0.011317365,-0.26260898,-0.072006166,0.019752486,0.4719157,0.5333215,-0.0325664,0.14647621,0.4327345,0.120129004,0.07313689,-0.471256,0.06660502,0.22168243,0.13583493,-0.12713492,-0.07764821,-0.2707384,0.2440747,-0.24436398,0.16653645,0.12737904,0.114226796,-0.4553528,0.091026306,-0.05675313,0.07344286,0.05156237,-0.034657225,-0.006000314,0.0062597357,-0.16224565,0.3359744,0.31156555,-0.0792209,0.17093478,-0.07597368,-0.2753812,0.022223655,-0.14830026,-0.10184961,-0.45680928,-0.17670974,-0.030827247,-0.034484178,-0.27930704,-0.020134889,0.20155953,-0.13219942,0.06341658,0.11357641,0.09134453,0.038356386,0.11640859,-0.11203968,-0.41532195,-0.19393659,0.09581707,0.1593681,-0.2649268,-0.1659867,-0.034383934,-0.13003014,0.28898865,0.15738346,-0.36379442,0.25653005,0.2751934,0.062657334,-0.08233264,-0.119292624,0.09586544,0.18538085,0,0.12153336,-0.05707934,-0.013935547,0.06733812,-0.20483068,0.15511104,0.04035173,-0.007248964,-0.21088056,-0.1746845,-0.07528242,-0.29986393,0.076960936,-0.15024179,-0.30620405,0.08206912,0,-0.34575972,-0.0075996593,-0.5207204,-0.35020733,0.369451,-0.0878054,0.08969481,-0.061073728,0.20609708,0.53333247,-0.14780164,-0.11651346,-0.20578982,-0.23641233,0.061369613,-0.10122095,0.28907755,0.071745336,0.15478244,0.018636208,-0.2197167,-0.14382717,0.2505971,-0.027729094,-0.018177938,-0.03991996,0.1736603,0.1788159,-0.13966766,0.27493268,0.31062183,0.118535124,0.37238783,-0.011035254,0.08363469,0.032715525,0.005775148,0.12988894,0.07805708,0.010569928,-0.081291996,0.15880643,-0.12974608,0.12162635,0.46518388,-0.053036287,-0.076169804,-0.17680857,0.3199283,0.1987604,0.035417266,-0.335802,-0.09672415,-0.09487284,-0.556506,-0.029906575,-0.14805733,0.18190902,0.23998976,-0.47364432,-0.07829365,0.13420235,0.009046204,0.008391123,-0.63879085,-0.28646916,0.04868854,-0.23005888,0.12145586,-0.29219252,0.25306925,0.53219724,0.26943505,0.28030553,0.41003436,0.10080998,0.14173573,0.21580105,-0.23149574,0.04415408,-0.28408405,-0.49092898,-0.085306376,-0.35213554,-0.25844628,-0.057298362,0.027419329,-0.0037068836,-0.04314094,-0.27254078,0.049305163,-0.07045798,0.17093794,-0.124041535,-0.06189524,-0.06329421,-0.07978351,-0.20344725,0,0.11062062,-0.014819719,0.11419198,0.06834976,-0.117631465,0.03482824,-0.3508091,0.013567187,0.078242764,-0.28893954,0.15276137,0.13949813,0.12089562,0.0693508,0.07010403,-0.08774559,0.005704552,-0.19814597,0.32587898,0.040879294,-0.024956167,-0.14662579,-0.1473519,0.17392959,0.6207369,-0.0034431964,0.059771217,-0.05714319,0.013979107,-0.14068133,0.0075064376,-0.31513822,0.13607462,-0.17722324,0.15448326,-0.13777517,0.0640548,-0.044375613,0.013480321,0.10140429,-0.114226624,0.20366731,-0.23975803,0.23054886,-0.110512435,-0.23794271,-0.19730088,0.1682626,-0.115180284,0.14032471,-0.065564804,-0.07115616,-0.07380171,0.1998737,-0.3342455,-0.3301747,-0.27090955,-0.19386324,-0.16927266,-0.54607177,-0.19164982,-0.15240225,-0.011576086,0.061612688,-0.2809146,-0.0073743276,-0.028579526,0.36319542,0.10778993,-0.12218754,-0.18884972,-0.26962197,0.13747504,-0.049943976,0.062214565,0.15092589,0.23963583,0.12668741,0.19664851,0,-0.08756667,0.17533939,-0.28565067,0.2123903,-0.2134211,0.106839545,0.1871174,-0.15350328,0.28507146,-0.30016327,0.14688258,0.2151324,0.16211843,0.03964188,-0.067393765,-0.09957823,-0.39702022,0.056747917,-0.25063756,0.17630152,-0.003427133,-0.6364991,-0.074485466,0.37198475,0.023852356,0.26645732,0.11178081,-0.47729224,0.19294743,-0.101000264,-0.0583214,-0.13078612,0.039922997,-0.19226532,0.49353957,0.1602755,-0.18771741,-0.22837599,0.37681717,-0.19607306,-0.25094634,0.1794119,0.16240624,0.10272801,0.032680154,-0.34372053,-0.12581122,-0.05997753,-0.3058052,-0.0611295,-0.27359784,0.04863185,0.4505183,-0.3561855,-0.36394224,0.35863155,0.33736542,0.25174046,-0.076879464,-0.12359633,0.24778847,-0.102515176,0.26886702,-0.00024769641,-0.271309,0.11122731,0.029112877,0.04223978,-0.13489266,0.076220065,-0.038766272,-0.09473024,0.17307785,-0.13621368,0.3910129,-0.13474856,-0.40305328,0.33160606,-0.09582069,0.011013683,0.045476306,0.046680655,-0.24350733,0.15732104,-0.329334,0.23639542,-0.11470756,-0.39150238,0.08041122,-0.2123553,-0.032096446,-0.016153833,0.3240261,0.033845015,-0.18048221,0.010546924,-0.152596,-0.09485829,-0.11044294,-0.3023318,0.002670817,-0.21958704,-0.18640274,0.42290348,-0.045186885,-0.001532577,0.29702342,0.2577188,0.085888,-0.029163603,-0.14177437,0.25560883,0.18880974,0.49701056,-0.16590378,0.19065607,0.22894727,0.18111053,-0.027562909,-0.23567091,0.18409705,-0.24369587,0.00211218,-0.043429226,0.08100293,0.043915942,0.09536849,0.09809539,0.32308048,0.08903709,-0.050268922,-0.05549573,0.25376916,-0.12088434
"(114.02428656371124, 22.614178599531527)",0.10752238,-0.048160926,-0.05610626,0.0095604565,0.26480812,0.11286743,0.04722534,0.12406349,0.15733364,0.2592668,-0.00077141076,-0.083398536,-0.25255233,-0.10074161,-0.22959074,0.0880519,0.060543403,0.052560993,0.10400286,0.17526247,0.09033684,-0.033799246,0.033752657,-0.04853259,0.07959649,0.06310885,0.010747917,0.044973135,-0.3705198,0.02547966,0.05126057,0.04029349,0.33777624,0.061901428,0.22506475,-0.14967246,-0.15655392,-0.14023001,-0.006274093,-0.026366122,-0.2509542,0.32170576,-0.17210144,-0.2798241,-0.13769281,0.09794906,0.16487473,-0.040645305,-0.17912582,0.031888455,-0.033215612,0.15134797,0.004337307,-0.15738513,0.029622309,0.014529806,-0.18029836,-0.004897587,-0.099511236,-0.3606851,-0.17192797,-0.096947506,-0.0012014844,-0.0044075996,0.14780548,-0.33069572,0.065952204,-0.0086371,0.17615038,-0.2609313,0.109661646,0.13851997,0.11015782,0,-0.13587807,-0.083118245,0.19330014,0.002579376,-0.26330397,0.12805995,0.04657058,-0.007897213,0.16670501,-0.334032,-0.084233955,-0.14498861,0.036383554,-0.09183445,-0.188593,0.034063213,0,0.029097445,-0.06536711,-0.020768186,-0.07953476,0.01097773,-0.034383826,-0.012491778,-0.031291716,0.024754036,0.23237297,0.040772133,-0.015012179,0.14385046,0.26409316,-0.026221678,0.18000293,0.4162239,0.21707918,-0.066709995,0.21620765,-0.07290187,-0.019205652,-0.13034853,-0.24657717,0.18064323,0.1135886,0.31396976,-0.06753045,-0.19359463,0.41580737,-0.0014358037,0.082109705,0.22469237,0.13155366,0.077368736,-0.05528001,0.061609987,0.0024556592,0.3633302,-0.458088,-0.28195706,0.3201427,-0.099959515,-0.06133187,-0.046006,0.57191664,0.022354033,-0.13429402,-0.04539243,0.33779314,0.021502398,0.032878116,-0.122954406,-0.016479008,-0.21456647,-0.10814144,0.20084687,0.3302949,0.42764255,-0.12539195,0.13096595,0.30795544,0.08010824,0.36959177,-0.04407485,-0.070842415,0.333736,0.052853383,0.23201106,-0.33194572,0.33707038,0.02718331,-0.1816182,0.16122155,-0.061523758,0.22292234,0.034334585,-0.043110266,-0.20361692,0.05512768,-0.061191797,-0.084169134,-0.05175788,-0.10487528,0.10324599,0.1847506,0.17066857,-0.07512153,-0.09948413,0.3263564,0.10222838,0.08253485,0.10482497,0.11317813,-0.23360312,0.100323536,0.07610058,0.11963481,0,-0.032250546,0.111259855,0.12595023,0.086916536,0.25227082,-0.09486277,0.19460495,0.099095024,0.16073354,0.011207476,-0.05031149,-0.10982147,-0.020899175,-0.06215562,0.08578415,0.06485273,-0.13918589,0.028134346,0.2721538,0.11557104,-0.14643477,0.084033735,-0.13872913,0.049114525,0.027804576,-0.10072893,0.083497286,0.097228326,0.0846092,-0.19605705,0.12436582,-0.13477649,0.5185852,-0.030963454,0.104807585,-0.121332616,0.34948024,0.020271271,0.077275716,0.05924301,0.13141008,-0.1479501,0.037418105,0.25593027,0.12080434,0.1650392,-0.017979648,0.164422,-0.34607452,0.26210997,0.07825612,-0.06785838,-0.018446935,0.06718582,0.06445545,-0.17724776,-0.27895987,0.048107926,-0.08209806,-0.16763626,-0.2089057,-0.33788434,-0.2221611,0.22209147,-0.007102132,-0.024803706,0.12930524,0.18682578,-0.13519967,-0.15785724,-0.051340826,0.21755612,0.054245334,0.0041212924,0.005746674,-0.037949838,0.18002737,0.033653244,-0.26844433,0,0.081079856,-0.2199477,-0.32499656,0.25015602,0.11431529,0.20898786,0.12673411,0.11655395,0.074200444,-0.14002436,0.195562,0.28187293,0.24003619,-0.08968468,0.035841454,0.12585017,-0.12662578,0.035019588,0.19270568,-0.036832877,-0.020099808,-0.19677751,-0.23564404,0.1307321,0.19303992,-0.15181321,-0.003553195,-0.2517965,0.010912849,0.21814331,0.031868108,0.1236278,0.101568386,0.17778102,0.2169923,-0.18628533,-0.13278513,0.17734414,0.043034587,0.18559626,0.011894796,0.3303375,0.10853189,0.33745462,-0.30504978,-0.072086476,-0.21397069,-0.16797668,-0.11994006,-0.2580901,0.16762704,-0.03374162,0.18068853,-0.09206081,0.13897151,0.34740978,0.09741125,0.09597039,-0.03514549,0.19877943,-0.07234125,-0.041826546,-0.052551903,-0.083599046,-0.06470559,-0.21478578,0.1659388,0.31812802,0.28470922,0.025914665,0.23511985,0.08735367,0.21393916,-0.10894434,0.09143023,-0.07005026,-0.3029734,0.01651157,-0.21002355,0.09977679,0.059780944,0.082913324,0.15418081,0.14029023,-0.17806423,0.3794582,-0.08095174,-0.053819712,-0.1160687,-0.193982,-0.015967235,-0.0045381095,-0.051614,0.24985316,0.04284896,0.12273964,-0.14878537,0.26641837,-0.2869602,-0.35563678,-0.09653018,-0.06300702,-0.029520843,0.4256023,-0.36380002,-0.31650925,0.08601884,-0.02714115,0.016824935,0.2201073,0.030729484,0.114391565,-0.07130767,0.46405193,0.09164478,0.21004145,0.12356108,-0.0938704,-0.04938127,0.03872616,0.17734823,0.10486336,-0.11432402,0.0037074983,0.05042962,0.16397762,0.21482705,0.302018,0.17536141,0.1268155,0.023003329,0.26263198,0.011147309,0.18894196
"(114.02455530979977, 22.647279127652364)",-0.009039119,-0.25238088,-0.13702972,-0.00036435015,0.46869177,0.5763405,0.021120042,0.17542475,0.452745,0.19238965,0.054436408,-0.4854074,-0.05499453,0.20125526,-0.033369154,-0.12069565,-0.06796801,-0.28018522,0.2970416,-0.19149898,0.22526002,0.111802116,0.105718456,-0.42373434,0.060873043,-0.06856398,0.05702412,0.0721929,-0.15997246,0.014517635,-0.011296477,-0.13003401,0.3051559,0.25922775,-0.054352544,0.089428894,-0.15409541,-0.2111082,-0.04422501,-0.19435853,-0.19600964,-0.29865122,-0.21397975,-0.15650201,-0.09993239,-0.23219289,0.066451706,0.17918523,-0.18897575,0.01606101,0.01231499,0.09909324,0.021114722,0.030482832,-0.0442122,-0.3660865,-0.2558574,0.11604441,0.11295205,-0.3693017,-0.23205534,-0.062339246,-0.06815819,0.26842576,0.17327112,-0.3875801,0.25123033,0.24363944,0.09527612,-0.14007396,-0.12864009,0.1677281,0.16782078,0,-0.016632771,-0.057867404,0.016623568,0.09855411,-0.257241,0.19555321,0.07091047,-0.032212585,-0.17952143,-0.19611366,-0.11892447,-0.34878284,0.050386183,-0.17318031,-0.37323293,0.115363106,0,-0.26171476,-0.052545376,-0.5303246,-0.40715614,0.25914305,-0.03598195,0.108703434,-0.058877714,0.15886313,0.50153494,-0.15061283,-0.12219435,-0.13803856,-0.194109,-0.016320549,-0.067353606,0.3520802,0.046543084,0.1032866,0.06652504,-0.28042158,-0.10176614,0.15905416,-0.1308883,0.0017918879,0.05692728,0.1936411,0.1590504,-0.14359826,0.39753443,0.27628908,0.11966735,0.39830768,0.10357883,0.0888139,-0.04134545,0.010941444,0.09642131,0.20519122,-0.099937454,-0.1881444,0.24932992,-0.13869038,0.17915606,0.36688557,0.078958035,-0.11114691,-0.2369622,0.20215413,0.16237809,0.03537131,-0.31837818,-0.12088087,-0.020203479,-0.6478841,-0.082973816,-0.04225223,0.25435537,0.409728,-0.46199203,-0.029381894,0.1320574,0.06135942,0.13251062,-0.6296607,-0.28626743,0.13516611,-0.18911713,0.14005522,-0.4443976,0.3059894,0.52630746,0.21997362,0.33220533,0.27713495,0.16537015,0.12786701,0.08864549,-0.2107749,-0.013092736,-0.18968199,-0.48735604,-0.054593734,-0.23813678,-0.23887709,0.028982475,0.023465348,-0.10557677,-0.056816358,-0.18650267,0.13567388,-0.06495229,0.11328636,-0.09991572,-0.123947546,-0.020321976,-0.102630995,-0.21029383,0,0.12139867,0.013704069,0.09963882,0.072822124,-0.051281184,-0.071942545,-0.31554735,-0.016817749,0.021954127,-0.23263499,0.13624665,0.15152249,0.0843732,0.015138505,0.17613137,-0.02972129,-0.039391607,-0.13697626,0.33344877,-0.035817914,-0.12407912,-0.069845706,-0.15532519,0.1962616,0.5614504,-0.049367167,0.06489177,-0.045672126,0.017523907,-0.18456343,0.018281743,-0.34925786,0.14492464,-0.21784261,0.13270237,-0.12670048,0.1743422,0.024528105,0.05190214,0.034556363,0.063370764,0.047642034,-0.24206257,0.19516402,-0.13167498,-0.115329444,-0.22295916,0.19930068,-0.1585291,0.11444085,-0.08934788,-0.13095137,-0.09491536,0.09059747,-0.2632377,-0.31764603,-0.32836705,-0.18567707,-0.13621676,-0.5603529,-0.20477536,-0.25833195,-0.02742283,0.07711095,-0.256158,-0.06981028,-0.043777205,0.3190773,0.041325048,-0.08615908,-0.23382393,-0.18231493,0.19606066,-0.079993345,0.032618377,-0.006883852,0.27907822,0.1808582,0.12264364,0,-0.12197813,0.0814186,-0.32753795,0.24103549,-0.14084566,0.15868938,0.095073864,-0.09332426,0.29564127,-0.21432588,0.2257417,0.31532663,0.1517087,-0.057134718,-0.0036555491,-0.12156513,-0.35178924,0.03935467,-0.19163364,0.17646995,-0.052728966,-0.6437399,-0.12821445,0.5155615,-0.006149471,0.16742313,0.061049126,-0.5132674,0.24773258,-0.045974404,-0.025214517,-0.05487749,0.06372716,-0.06787564,0.5659411,0.07887761,-0.3040022,-0.14989872,0.37757218,-0.08368235,-0.19668436,0.20941041,0.14767012,0.21178623,-0.07050055,-0.32350475,-0.18619004,-0.13114505,-0.32311186,-0.12329767,-0.15460321,0.019106831,0.4493725,-0.37609062,-0.26635543,0.48868293,0.3194831,0.27091908,-0.013960027,-0.045405544,0.15001698,-0.12422666,0.2448782,0.013686499,-0.25217816,-0.027393159,0.08601053,0.06527276,-0.054955684,0.10343997,0.05883573,-0.031903595,0.25460362,-0.213021,0.40660828,-0.12853502,-0.40152815,0.33409482,-0.15099114,0.02058709,0.0478131,0.04203805,-0.18123132,0.2502304,-0.35609582,0.31637174,-0.1333949,-0.30878025,-0.01824192,-0.27957487,0.012796592,-0.07481561,0.224164,0.06574358,-0.20739603,-0.010411284,-0.19761267,-0.003931675,-0.1093144,-0.37926447,0.060532384,-0.20730825,-0.25213063,0.49804333,-0.057101615,-0.0819744,0.31734532,0.22727494,0.092644334,-0.053649407,-0.070464954,0.25447327,0.17038307,0.61924154,-0.1994843,0.26389,0.2221285,0.05149133,-0.02911517,-0.26717404,0.27259722,-0.20200658,-0.10771341,-0.07563299,0.027990587,0.07142318,0.10459201,0.22278488,0.33201864,0.15558071,-0.065420955,0.01453571,0.23530781,-0.060910784
"(114.02473988503566, 22.759312085658443)",0.22004569,0.17677456,0.04388358,-0.010514015,0.0060472176,-0.27990356,-0.07129386,-0.010930192,-0.2459253,0.2875039,-0.1433686,0.27762938,-0.15279216,-0.27701065,-0.3959868,0.23253258,0.2818908,0.43918678,-0.025174748,0.5958793,-0.049205624,-0.17973477,-0.07909647,0.44657594,0.123424485,0.21348509,-0.05256351,0.017950024,-0.3502987,-0.008928344,0.12416676,0.21437299,0.43857723,-0.13505337,0.44804716,-0.3861907,-0.02352506,0.027067035,-0.05148192,0.1041893,-0.2815116,0.8579546,-0.21358353,-0.25522044,-0.1398753,0.34778628,0.24959701,-0.3199349,-0.1729303,0.048605323,-0.073785424,0.18133315,-0.005150888,-0.22693709,-0.18436131,0.27444774,-0.1139134,0.097394265,-0.29230928,-0.11934609,-0.0078910105,-0.108771406,-0.006642308,-0.30411205,0.07609151,-0.19314793,-0.19754921,-0.21651009,0.18192913,-0.38673896,0.26485845,0.08419084,0.012065388,0,-0.3245648,-0.030770984,0.3093281,-0.07175387,-0.13314125,-0.017446615,0.09016557,0.048112854,0.46692532,-0.49508137,0.037989814,0.05766347,-0.06990243,0.008592285,0.045228332,-0.16745257,0,0.14663649,-0.04998795,0.5852284,0.29442853,-0.043147318,0.0002428526,-0.04677154,0.14322881,-0.23154242,0.047224596,0.21964526,0.12298344,0.33902866,0.6595167,-0.057303905,0.4342602,0.3571713,0.31331503,-0.31774622,0.24483794,0.18341914,0.013532467,-0.3133919,-0.24089497,0.39488393,0.08601365,0.39107242,-0.33134076,-0.21479827,0.35676122,-0.22359888,0.013511467,0.06653595,0.058824368,-0.105185926,-0.038212415,0.089391954,-0.013751127,0.34708762,-0.66010433,-0.26393935,0.25357857,0.018924914,-0.29873815,-0.38407865,0.8577524,0.2516794,-0.053743016,-0.30982193,0.44443128,-0.0021563172,0.4369286,-0.0970932,-0.1275785,0.35132012,-0.06049297,0.31946024,0.35205495,0.32746544,0.40746397,0.2902554,0.3530758,0.11161627,0.546965,0.49751398,0.18446714,0.34363434,0.3939722,0.30316973,-0.09557441,0.37163943,-0.49185395,-0.50298595,-0.13804461,-0.24521859,0.19328175,-0.053159878,-0.1221952,-0.21497852,0.09895055,0.13202663,0.1564788,-0.08021374,-0.13045748,0.40177017,0.34523958,0.1926631,-0.04028613,-0.11371101,0.7064695,0.089856185,0.21025544,0.102600485,0.36433962,-0.39825585,0.08949332,0.19487067,0.27325407,0,-0.20325989,0.20505238,0.13237642,0.12730819,0.41356355,-0.07894362,0.59338474,0.27304834,0.18792178,0.13897234,-0.1541394,-0.3652382,-0.1602291,0.03596898,0.013103761,0.051090643,-0.25171,0.2401089,0.16541687,0.27885368,-0.06593999,0.05974684,-0.03240697,-0.031863675,-0.61744815,-0.22645117,0.020155175,0.2878362,-0.061506473,-0.19293277,0.17240085,-0.06889356,0.7725349,0.3219265,-0.0301391,-0.044996113,0.4865361,0.020285014,0.12969428,0.079600155,0.18754898,-0.4198429,0.38992652,0.38595992,0.4269396,0.3829353,0.15318292,0.07207897,-0.5574879,0.39643,0.06423808,-0.037502445,0.15404372,0.012282237,0.4161937,-0.04346066,-0.17996387,0.28688833,-0.012292214,0.06389864,-0.18427786,-0.4082101,-0.42513138,0.27967483,0.21560639,0.0059093907,0.3642837,-0.064165816,-0.332317,-0.37947956,0.16509017,0.62281364,-0.15042154,0.076956384,-0.011050511,-0.07701257,0.012016684,-0.21028242,-0.58249205,0,0.33407238,-0.37973264,-0.18073204,0.0036282241,0.4604371,0.23648992,0.18524729,0.24090314,-0.0431303,-0.08028285,0.031797737,0.09328302,0.27903134,-0.1150098,0.16915412,0.3071809,0.10519108,0.018116366,0.50204223,-0.24567491,-0.09166385,0.2600289,-0.5396576,-0.27280182,0.466845,-0.36025023,0.07432209,0.007083431,-0.30160555,0.46168286,0.1549249,0.2624469,0.04433428,0.4238249,-0.21599996,-0.4557732,-0.014780816,0.38990894,-0.37354907,0.23972547,0.07651992,0.446828,0.021582432,0.4760354,-0.29069543,0.13953257,-0.11279431,-0.183846,0.07705009,-0.34840283,0.3663395,-0.102101356,0.0062904097,0.2675364,0.5263605,0.13116367,0.022440664,-0.21454552,-0.11183439,0.41582653,-0.30501089,0.21103309,-0.3606644,-0.08001878,0.12375847,-0.39113632,0.25173944,0.5737727,0.57670945,0.031336818,0.42709112,0.20286468,0.02378799,0.07769303,-0.37816197,0.03182988,-0.2402614,-0.23576507,-0.22829807,0.16545327,0.1863312,0.16461597,0.49516454,-0.12226216,0.18831766,0.42691174,-0.001069177,0.12426794,-0.25997412,-0.14504279,-0.012620799,0.024350474,-0.32386473,0.334037,0.18050832,0.13511477,0.028677091,0.60163695,-0.42661664,-0.35585487,-0.4610769,0.1123176,0.23461026,0.3092545,-0.5563,-0.6443827,-0.21346977,-0.16592643,-0.11784844,0.6168776,0.28472272,-0.092264146,-0.39825773,0.2048228,0.30966124,0.18891555,0.1085208,-0.095095485,-0.050098896,0.28268504,0.01840251,0.30073696,-0.22271816,0.025383309,0.26355702,0.14188924,0.26790258,0.43496323,-0.0739208,0.06714794,0.08873132,0.40583533,-0.1689558,0.45904884
"(114.0250558555537, 22.61908456003399)",0.048144143,-0.0934582,-0.11677878,0.01225028,0.34491596,0.26882768,0.11159122,0.16108161,0.27146527,0.26252663,0.011200808,-0.22449352,-0.2096016,-0.025778884,-0.18555608,0.041789908,0.020660564,-0.09283758,0.1288098,0.016258646,0.088522844,0.014100069,0.086349554,-0.1865038,0.05896269,-0.0070614815,0.008150719,0.09283685,-0.30745566,0.066288374,0.04407922,0.028827816,0.18292332,0.09074115,0.15569386,-0.07629969,-0.1533086,-0.1526585,-0.01824874,-0.08405683,-0.20643261,0.15124124,-0.1606934,-0.2780757,-0.09380382,0.055268116,0.12065099,0.00790995,-0.13853794,0.024432452,-0.051047087,0.14157252,-0.006990943,-0.10481846,0.10813721,-0.014727477,-0.17721698,0.028045543,-0.05088232,-0.36741558,-0.18977053,-0.08158088,-0.019059904,0.05789207,0.1510427,-0.32367426,0.17417651,0.021852132,0.15221275,-0.17089175,0.017306931,0.17070404,0.09459944,0,-0.13707124,-0.06623928,0.15519527,0.06655175,-0.22542706,0.13000098,0.04510076,-0.037819244,0.058952037,-0.23547903,-0.10710353,-0.1395922,0.020450309,-0.11423785,-0.19946256,0.06912126,0,0.03927798,-0.03839548,-0.1730354,-0.20764449,-0.011094224,0.016155157,0.043310896,-0.040354393,0.044157285,0.22223446,-0.048835166,-0.052057777,0.09698287,0.13559632,-0.012001231,0.08031055,0.37021482,0.13413726,0.03197743,0.20986062,-0.14708297,-0.030523099,-0.050274022,-0.21355072,0.08759171,0.13419929,0.26142946,0.038561344,-0.11054364,0.40518725,0.058975987,0.085197374,0.25243917,0.15835962,0.088321775,-0.11083636,0.054545578,0.030167349,0.31359807,-0.31964177,-0.26475444,0.28687385,-0.076824255,0.052803017,-0.007605033,0.4256546,-0.015057523,-0.113732606,0.029622203,0.20788647,0.023185864,-0.06913677,-0.07966771,0.056533158,-0.2894494,-0.11216076,0.14958632,0.21620713,0.42943877,-0.20404635,0.07677295,0.21260656,0.09073584,0.283963,-0.18582797,-0.16214074,0.30515808,0.015629567,0.19356759,-0.3411045,0.27560207,0.18822095,-0.005274307,0.23027259,0.043607533,0.16943799,0.07200253,-0.01986216,-0.14274997,0.007882493,-0.039433688,-0.12087995,-0.027625144,0.005354084,0.03060539,0.14414395,0.12640622,-0.13424842,-0.009515636,0.14127702,0.12735948,0.025704306,0.09365698,0.029697768,-0.12760523,0.076423936,-0.002326468,0.008813616,0,0.038379963,0.08386985,0.085055776,0.073150665,0.15194902,-0.11823397,0.06079963,0.046971522,0.078043506,0.02646172,-0.044955403,-0.009548545,0.01041265,-0.047617614,0.12716061,0.057228312,-0.05879955,-0.014966905,0.2344341,0.017935995,-0.14088129,0.1108729,-0.12861194,0.09619489,0.24834606,-0.009370945,0.10008229,0.008370377,0.105880566,-0.19694984,0.08653091,-0.15959738,0.33545995,-0.11295313,0.09139216,-0.08064018,0.20408274,0.024507977,0.07137868,0.03153352,0.23559861,-0.07995959,-0.093503974,0.17362648,-0.028704233,0.091146424,-0.05966424,0.15400621,-0.2526875,0.14616135,0.0710092,-0.074168175,-0.039860338,-0.009107783,-0.0028344877,-0.19610128,-0.3443157,-0.0074631907,-0.065323494,-0.18991704,-0.15314132,-0.32625958,-0.11886148,0.18920867,-0.028728262,-0.041318476,0.08515549,0.19171551,-0.07717079,-0.00842724,-0.13267328,0.10745726,0.12608995,-0.027889557,-0.021895323,-0.070993215,0.17801946,0.11277491,-0.13573378,0,-0.0047440454,-0.14243291,-0.30295876,0.2830429,0.05287859,0.19197619,0.102836095,0.05241628,0.118081786,-0.057148073,0.2494366,0.32410812,0.18736362,-0.10310832,-0.008658696,0.026142132,-0.1697748,0.031586047,0.095642105,0.042812526,-0.0010046175,-0.3451419,-0.094540596,0.33995304,0.03161075,-0.05536417,-0.0233725,-0.29341623,0.07330954,0.15305625,-0.0042227115,0.097698435,0.13794617,0.13921902,0.34024763,-0.10685397,-0.19883777,0.090311095,0.16177861,0.08310094,-0.021217395,0.20730503,0.124708414,0.31320354,-0.22713824,-0.14854029,-0.16704631,-0.112057306,-0.17152664,-0.19669169,0.09031105,-0.013638616,0.16686317,-0.15936461,0.04830385,0.39030418,0.13314384,0.16212162,0.06524873,0.14281711,-0.02925888,-0.07724936,0.03286142,-0.04539358,-0.09083518,-0.17165783,0.12596597,0.22471686,0.19792762,0.044226605,0.17886737,0.07942624,0.23606126,-0.16432144,0.16694479,-0.06929496,-0.2741162,0.12211037,-0.15253176,0.022217702,0.007986773,0.04994126,0.03683123,0.22074047,-0.23014757,0.30321634,-0.10705236,-0.0052210214,-0.08121557,-0.18062787,0.024690785,-0.026289335,2.3541972e-05,0.20860404,-0.034856655,0.021466285,-0.18655959,0.12738308,-0.16761194,-0.3201673,0.019269086,-0.051005073,-0.16693461,0.4077247,-0.22984725,-0.18957011,0.17417851,0.058704566,0.04588746,0.080914915,-0.029713232,0.15592813,-0.0056502298,0.4698096,0.036938734,0.1904438,0.12107786,-0.11130299,0.03994845,-0.054573786,0.23019737,0.023264103,-0.090006396,0.0024028867,-0.06829504,0.124848954,0.15957801,0.269063,0.21189557,0.1847689,-0.0036961176,0.25351727,0.076273695,0.12100411
"(114.02510661275667, 22.64651319910413)",-0.012265511,-0.23870179,-0.09685479,0.00521365,0.46060959,0.5703117,-0.05605253,0.13981064,0.4236004,0.12689126,0.068390734,-0.48465103,0.0473969,0.23862633,0.09361731,-0.13281548,-0.05864519,-0.26770484,0.23832496,-0.2698501,0.08745185,0.09275132,0.06920303,-0.39364883,0.11174096,-0.0526713,0.024907269,0.04318345,-0.023622625,-0.0020516962,-0.014129918,-0.14468771,0.3068515,0.20803908,-0.10789394,0.15159972,-0.064375766,-0.2762648,-0.082974076,-0.15948486,-0.07686264,-0.40323117,-0.22412977,-0.03944279,-0.020618688,-0.27874705,-0.034296468,0.16562392,-0.12969066,0.06978751,0.0523493,0.11421936,0.003125336,0.16285941,-0.11799938,-0.40400332,-0.17081568,0.18282852,0.18193671,-0.2242719,-0.16431808,-0.023894003,-0.058268778,0.251791,0.1498763,-0.3194436,0.23698702,0.28474808,0.06462884,-0.08770689,-0.17318144,0.17445007,0.1654369,0,0.03766284,-0.07013947,-0.002418857,0.11551868,-0.13907911,0.09509256,0.118585736,0.0033448786,-0.18448241,-0.19134368,-0.048195805,-0.22548245,0.04121396,-0.19126865,-0.30184594,0.11559754,0,-0.35058218,-0.018847331,-0.48363778,-0.3719136,0.28365257,-0.071197234,0.17563932,0.01958021,0.16640292,0.4844506,-0.21301597,-0.11380172,-0.21354611,-0.28693527,0.020700373,-0.10131027,0.2719036,0.01766985,0.18656576,-0.030121047,-0.20325409,-0.13014962,0.30151933,-0.07217377,-0.00040013995,-0.001420394,0.18451872,0.18313083,-0.118036196,0.25142682,0.3249752,0.09720178,0.3873405,-0.030926691,0.04368499,0.03203431,0.0049827844,0.13919601,0.0698833,-0.0015265294,-0.110449545,0.08452536,-0.16189432,0.14668381,0.4389703,-0.0977491,-0.06839824,-0.13920015,0.24456877,0.16568871,0.07647708,-0.26095107,-0.08464304,-0.10890139,-0.5750507,-0.053365253,-0.12164651,0.18743207,0.23438936,-0.3671895,-0.056102917,0.09149124,0.08141774,0.071687266,-0.59209883,-0.19486517,-0.01165197,-0.19513398,0.11251688,-0.2855854,0.25665024,0.5594125,0.28540158,0.262571,0.37713912,0.08862949,0.2132516,0.14675796,-0.20689845,0.021023003,-0.19221531,-0.49272898,-0.045541197,-0.34354162,-0.24011385,-0.031200752,-0.03524198,-0.02104541,-0.001827199,-0.30433422,0.064495794,-0.036216643,0.20067427,-0.06915162,-0.08148241,-0.078867525,-0.09353462,-0.20123291,0,0.15599991,-0.04686469,0.089840494,0.07063404,-0.16747215,0.12129686,-0.33697587,0.045608684,0.102274224,-0.29919842,0.11318694,0.13611846,0.1016233,0.05851887,0.091539174,-0.11453066,0.03818579,-0.16398486,0.30655316,0.039263867,-0.070117995,-0.11893348,-0.09317036,0.2316973,0.6127748,-0.020572588,0.06356317,-0.11755324,-0.030389927,-0.15144685,-0.040741246,-0.28118965,0.05772496,-0.09571554,0.09873697,-0.093897745,0.04472955,0.015197238,0.047829993,0.09861133,-0.027481478,0.1833837,-0.25739077,0.22920725,-0.14442256,-0.27386504,-0.21641353,0.11903794,-0.08742806,0.11169704,-0.038646728,-0.08338401,-0.027859522,0.16005632,-0.29697615,-0.26045552,-0.34622872,-0.19072998,-0.18094692,-0.515362,-0.19008967,-0.17820784,-0.03398584,0.05902978,-0.27496624,-0.027852148,0.008397318,0.31937408,0.087656334,-0.105507046,-0.20728076,-0.23118511,0.1373877,-0.069614016,0.014071707,0.099489525,0.19483855,0.15065348,0.22374064,0,-0.046867166,0.16615257,-0.2638918,0.11830482,-0.18326649,0.13828275,0.14328517,-0.1786371,0.285824,-0.28039357,0.14642872,0.1821601,0.15889284,0.046212204,-0.07448648,-0.1290399,-0.38343224,0.07054366,-0.31894624,0.20767775,-0.048287343,-0.6231556,-0.05798009,0.4818801,0.014370538,0.30278435,0.053400844,-0.4308863,0.20542687,-0.10536087,-0.08394265,-0.13175482,0.03692008,-0.06879695,0.5487736,0.12518816,-0.19980228,-0.29927564,0.4218585,-0.1644963,-0.25329378,0.20659201,0.14688963,0.117558606,0.115991995,-0.3278865,-0.074572384,-0.08424345,-0.25310242,-0.06313833,-0.3455242,0.040097203,0.46078584,-0.33430466,-0.33466205,0.4021403,0.3998737,0.16311885,-0.049010016,-0.06463887,0.12640521,-0.057317413,0.23868713,0.021533253,-0.23246086,0.09637514,0.049416147,0.050242033,-0.13301966,0.022898074,0.011896402,-0.10870243,0.17741358,-0.124831535,0.34977496,-0.089203,-0.38645133,0.35764885,-0.10067348,-0.024696678,0.031775374,0.016775664,-0.18045634,0.14646357,-0.28059757,0.2001799,-0.09973848,-0.35495174,0.058248766,-0.29334193,0.01373313,-0.042167567,0.29977414,-0.0088122785,-0.21308088,-0.071485415,-0.11048531,-0.06769054,-0.046276066,-0.3221687,0.025270455,-0.16913338,-0.23282886,0.42248297,-0.021364028,-0.054123968,0.3224535,0.331773,0.060658436,-0.07338132,-0.12529562,0.26248637,0.20203513,0.56398135,-0.16550332,0.17120802,0.26875636,0.09385242,0.01516743,-0.2867981,0.2374422,-0.26026106,-0.040224478,-0.0972417,0.11398766,0.058396228,0.116303295,0.1358378,0.30915764,0.10205102,-0.10303682,-0.044190697,0.26033446,-0.09897529
"(114.0258112562227, 22.64945948481532)",0.013879273,-0.27050847,-0.11014085,0.007069325,0.49253097,0.5842865,0.02434212,0.16824791,0.4593824,0.15428591,0.07765857,-0.48788816,0.01517944,0.22479734,0.06395572,-0.1031692,-0.0824078,-0.2988732,0.2765762,-0.21463053,0.1387777,0.09886016,0.09018146,-0.41833302,0.09865497,-0.054722358,0.019741833,0.06568012,-0.10986453,0.02957128,-0.021469843,-0.14420632,0.32031125,0.24507324,-0.10016436,0.12318698,-0.16292039,-0.23821326,-0.06273882,-0.17047176,-0.16758111,-0.378052,-0.19808508,-0.107798725,-0.06527263,-0.2488722,0.018623624,0.20495646,-0.13716033,0.054108202,0.045855343,0.10818052,0.030260745,0.0734977,-0.09012256,-0.39555696,-0.2209262,0.12364521,0.1312285,-0.31173325,-0.23318566,-0.047662903,-0.07360367,0.2759992,0.17902324,-0.38101053,0.24916703,0.28573358,0.08455901,-0.1294396,-0.14455765,0.16288121,0.18072344,0,0.047867812,-0.07818164,0.031457078,0.13238546,-0.17908326,0.15449151,0.101585254,-0.024445392,-0.18066451,-0.20690943,-0.091174155,-0.29408687,0.061935276,-0.21355116,-0.33560985,0.16357085,0,-0.3275144,-0.06754734,-0.5246747,-0.40546295,0.2700643,-0.058633722,0.13592912,-0.032251514,0.16632359,0.52346194,-0.1919783,-0.1031535,-0.16115648,-0.22134626,-0.0058797523,-0.11257236,0.331589,0.02454143,0.15723564,0.005729992,-0.2269584,-0.11517564,0.2407287,-0.08242494,-0.039789345,0.023223478,0.19697843,0.19288537,-0.12821747,0.3106075,0.28304973,0.11776286,0.39110854,0.032168083,0.09008005,-0.0066046603,0.0056716446,0.13611469,0.1711778,-0.07546654,-0.163962,0.13654312,-0.15031967,0.16758667,0.43488106,0.014573436,-0.10263923,-0.20297974,0.22928222,0.18497138,0.042779706,-0.31160542,-0.14033581,-0.07125918,-0.61405975,-0.086039454,-0.05576707,0.21158606,0.31510314,-0.43737358,-0.025331214,0.1001295,0.09105699,0.07996802,-0.6451994,-0.23316514,0.081670515,-0.21688026,0.14013606,-0.37048927,0.2680156,0.55629736,0.24809238,0.30337355,0.31812814,0.12618162,0.16809413,0.13107476,-0.19257508,0.0031274762,-0.22131386,-0.5034251,-0.042646557,-0.29777867,-0.24293053,0.0074077845,0.0059852013,-0.045416653,-0.039380096,-0.27272624,0.10978495,-0.05902654,0.19526985,-0.10589022,-0.10015912,-0.027555276,-0.10138582,-0.2135624,0,0.14826101,0.027780436,0.06731884,0.053489555,-0.10341042,0.019182814,-0.32865912,0.009468429,0.075557634,-0.28158253,0.10012393,0.13593073,0.108465075,0.01346617,0.13836905,-0.08115955,-0.0053492934,-0.16728406,0.31734243,0.0018876595,-0.13063546,-0.1086184,-0.17488104,0.20515133,0.61067563,-0.035715327,0.064715005,-0.10253202,-0.0049060136,-0.137117,0.0046253987,-0.32149294,0.104591854,-0.1830087,0.10222839,-0.15245903,0.11029914,0.010408773,0.05279168,0.0675021,-0.004487533,0.1307112,-0.22951838,0.21360056,-0.15327404,-0.17831567,-0.22202009,0.15843332,-0.12110089,0.122050785,-0.032551818,-0.104788914,-0.06802872,0.12343195,-0.28692043,-0.3053069,-0.32588977,-0.21174072,-0.15773278,-0.552053,-0.19384968,-0.2424551,-0.03656712,0.06917928,-0.27061296,-0.07992815,-0.041353382,0.35992128,0.0591186,-0.09207533,-0.20917937,-0.23137093,0.16741653,-0.08490544,0.0042460226,0.07311615,0.2311913,0.14820442,0.14633861,0,-0.087725736,0.09978499,-0.33890924,0.18956998,-0.1816169,0.16946968,0.12710556,-0.13589332,0.30380455,-0.25076175,0.19022037,0.26598626,0.15452047,-0.0050092936,-0.06114305,-0.12133847,-0.37069714,0.05425247,-0.29521266,0.20902035,-0.029663658,-0.66553044,-0.08444488,0.4830245,0.02810365,0.21887943,-0.004032856,-0.4908819,0.23274134,-0.102431,-0.056990445,-0.103022516,0.062416673,-0.08139841,0.55489457,0.09304738,-0.24474296,-0.22015877,0.4023298,-0.12154008,-0.22733428,0.2135721,0.1589975,0.14221282,0.0267587,-0.34122583,-0.16876236,-0.09316469,-0.26683772,-0.09385605,-0.2569998,0.04237238,0.4806161,-0.39718595,-0.29718158,0.46106467,0.34142157,0.2238175,-0.0235246,-0.031563267,0.14060567,-0.15035275,0.27182788,-0.009310542,-0.2472165,0.04286225,0.06143973,0.04802706,-0.10118672,0.06130137,0.012767576,-0.072969854,0.22359347,-0.18786229,0.39625472,-0.115449265,-0.41767797,0.35362098,-0.12585483,-0.035881225,0.015131149,0.0049524717,-0.21772349,0.23018995,-0.34010592,0.26828834,-0.11746075,-0.34236568,0.008708589,-0.26096278,0.048515543,-0.09354414,0.27798554,0.02653663,-0.19313705,-0.05228711,-0.1515663,-0.06760073,-0.082825735,-0.3344663,0.06777606,-0.18606545,-0.2375265,0.47833493,-0.04778672,-0.022228807,0.3228117,0.27419704,0.064229235,-0.07304914,-0.12488471,0.2591332,0.1873717,0.61696815,-0.18841894,0.18948142,0.2217425,0.09760642,0.016949013,-0.26315033,0.2571316,-0.26721078,-0.04363635,-0.08853892,0.0645111,0.056895636,0.095489904,0.13455416,0.35705096,0.11063786,-0.11109999,-0.001036875,0.25328693,-0.10842366
"(114.02597609553, 22.65038311929081)",0.012389228,-0.27336296,-0.10803197,0.0063681323,0.49380544,0.5829926,0.025385559,0.16934252,0.4593793,0.15408953,0.077326275,-0.48835543,0.014024913,0.2217978,0.06598195,-0.10185702,-0.0816731,-0.29772905,0.27920362,-0.20883693,0.14887944,0.1054364,0.09546802,-0.4258155,0.097958714,-0.055583857,0.027236536,0.06667825,-0.11420214,0.028567903,-0.018894065,-0.14772007,0.32697996,0.25794226,-0.09561827,0.1243717,-0.16498181,-0.23965804,-0.05115964,-0.17055875,-0.17399517,-0.3812372,-0.19519238,-0.1089195,-0.069425896,-0.24648832,0.022829924,0.20834835,-0.13948576,0.056669354,0.053217903,0.10550095,0.036453288,0.065559894,-0.091744,-0.3981779,-0.22644436,0.11601756,0.12829289,-0.32204705,-0.23487337,-0.0494409,-0.08271727,0.27819705,0.18153131,-0.39194143,0.25258857,0.28376433,0.08620216,-0.13052039,-0.13861021,0.15427053,0.18418762,0,0.056658916,-0.07842,0.029738571,0.12599596,-0.18737742,0.16297555,0.093187556,-0.026001558,-0.18399745,-0.20890863,-0.0961874,-0.30882645,0.06607422,-0.20648295,-0.33973703,0.15753232,0,-0.32743636,-0.06621344,-0.52719295,-0.40472347,0.28500056,-0.060326472,0.12575728,-0.04194227,0.17052758,0.5336268,-0.18367115,-0.10270208,-0.16066357,-0.21221977,-0.0028466433,-0.112338856,0.33539525,0.03125996,0.15142083,0.016167816,-0.2294896,-0.11959136,0.233226,-0.08096263,-0.03836284,0.014461916,0.19617353,0.19090745,-0.13255338,0.32004428,0.28104368,0.12034859,0.3898225,0.035930045,0.093214095,-0.008635331,0.005848352,0.13510741,0.17201236,-0.077758305,-0.16412854,0.14942804,-0.14811882,0.16402566,0.43619457,0.024850074,-0.101106495,-0.21302843,0.2377871,0.19246452,0.03693063,-0.31997618,-0.14537317,-0.068549104,-0.6138124,-0.08267618,-0.06102157,0.21422915,0.3199939,-0.4538998,-0.026874654,0.10760078,0.08419615,0.07806833,-0.652967,-0.24653071,0.091280736,-0.22064406,0.14135443,-0.37520882,0.27293,0.5520678,0.24462223,0.30413944,0.32107562,0.12965602,0.15924391,0.13739623,-0.20005347,0.005195806,-0.23496048,-0.5063282,-0.049319193,-0.29865515,-0.24634537,0.0066178143,0.014360662,-0.046929695,-0.04524827,-0.26734397,0.10997533,-0.06509651,0.18986008,-0.10956881,-0.10096075,-0.025283799,-0.09983127,-0.2143791,0,0.14054695,0.030745007,0.07224623,0.055492535,-0.094669744,0.0062695164,-0.3290829,0.00872273,0.07373552,-0.2812387,0.10543722,0.13515863,0.10955685,0.017265799,0.13707305,-0.079590864,-0.010825038,-0.17213924,0.3229438,0.0010283915,-0.123804405,-0.1153399,-0.18317436,0.19881277,0.60923946,-0.035910487,0.063797414,-0.093927555,0.0010789409,-0.13959548,0.009859316,-0.3296707,0.118412815,-0.192026,0.10966575,-0.16110006,0.115106,0.00424683,0.048701763,0.06787822,-0.012633953,0.13113107,-0.22809944,0.2169401,-0.14426622,-0.1734924,-0.22102892,0.16732298,-0.13076709,0.12791643,-0.03773594,-0.10421519,-0.0729707,0.12851505,-0.28930926,-0.31645438,-0.3181143,-0.21212076,-0.15711832,-0.5611117,-0.19709834,-0.24254325,-0.03542362,0.07096977,-0.27067044,-0.07893034,-0.044422954,0.36544085,0.05924628,-0.097844884,-0.20638058,-0.23262194,0.16700302,-0.08194422,0.011567246,0.07883397,0.24070194,0.14299425,0.14212844,0,-0.09403754,0.09716306,-0.3442437,0.20227364,-0.18452123,0.16701481,0.13248295,-0.13050607,0.30536175,-0.25239366,0.19092038,0.2724751,0.1571058,-0.0074421614,-0.05527614,-0.1168582,-0.37535325,0.052888457,-0.28067967,0.20464621,-0.024648223,-0.67040884,-0.08980848,0.47105032,0.031284325,0.21427888,0.0053671096,-0.500732,0.23015593,-0.10048232,-0.052535154,-0.10354225,0.061514795,-0.09624849,0.5495192,0.0960026,-0.24760324,-0.20980357,0.39392793,-0.12693793,-0.22914489,0.21348144,0.16132106,0.14734091,0.013866425,-0.3454314,-0.17451444,-0.09246822,-0.27696368,-0.09676841,-0.24570031,0.042407066,0.4819684,-0.40039712,-0.29965678,0.45803827,0.3364886,0.2351475,-0.028866256,-0.037626356,0.15713899,-0.15488884,0.27517655,-0.011595881,-0.25635722,0.04176081,0.059649095,0.050347593,-0.09838496,0.07115552,0.009456918,-0.07029821,0.22251788,-0.19092505,0.4004435,-0.1227241,-0.42660853,0.34951693,-0.12711504,-0.029837146,0.018694941,0.009567704,-0.22356442,0.22990358,-0.3476763,0.27606106,-0.11924823,-0.3467821,0.0073032454,-0.25156873,0.04038282,-0.092021376,0.27853394,0.033468544,-0.19201583,-0.03892333,-0.15807897,-0.06701806,-0.09413855,-0.33571833,0.05994194,-0.19211082,-0.23073483,0.48036918,-0.05505146,-0.021579817,0.31790692,0.2656879,0.06739476,-0.063209385,-0.12076537,0.25898552,0.18451011,0.61131996,-0.18802284,0.191837,0.22007816,0.10826987,0.011788435,-0.2579736,0.25042593,-0.2633084,-0.0440408,-0.08142347,0.06127379,0.056146264,0.09278025,0.13529845,0.3588569,0.11258863,-0.10505645,-0.0019170269,0.25415277,-0.10722743
"(114.0261020507719, 22.61425541587729)",0.13637671,-0.030075213,-0.035460986,0.018065078,0.22687078,0.040973436,0.019623145,0.10465571,0.12230408,0.2428235,0.000847891,-0.023579467,-0.26649505,-0.11439395,-0.22399858,0.08440177,0.052201822,0.07631803,0.07972007,0.17012082,0.061388917,-0.056650795,0.014321361,-0.0068517774,0.08173397,0.059612896,-0.002955325,0.00880869,-0.34004667,0.013269126,0.05694232,0.04755579,0.31242186,0.053073265,0.22527304,-0.13582507,-0.11831661,-0.14786296,-0.020190645,0.018183269,-0.20813194,0.3372253,-0.174827,-0.24709126,-0.12008645,0.0817448,0.14945279,-0.048168663,-0.17769954,0.0192073,-0.03599818,0.14741005,-7.432327e-05,-0.124118745,0.032603912,0.029109318,-0.13388076,-0.016858391,-0.0809724,-0.32682154,-0.15802528,-0.093981445,0.023234975,-0.0016198605,0.1271238,-0.29747438,0.042067915,-0.015147004,0.16200745,-0.27393964,0.1071934,0.13857394,0.11042379,0,-0.12982377,-0.09415737,0.20719825,-0.006177664,-0.25006196,0.11240167,0.05758066,-0.0011703968,0.19017115,-0.3367697,-0.060762946,-0.111377224,0.0385572,-0.109002225,-0.16793099,0.029011518,0,0.035514764,-0.055125035,0.023224303,-0.031724196,-0.0266535,-0.06555968,0.0022120029,-0.023086673,0.027310897,0.19296923,0.05682958,-0.022684272,0.1404555,0.22681384,-0.007250309,0.19565108,0.39857295,0.22034937,-0.06487501,0.17756957,-0.056995276,0.007964559,-0.11179506,-0.23126099,0.1997202,0.13116118,0.31399754,-0.09587006,-0.18436578,0.38052237,0.005006531,0.0851772,0.19321209,0.09535263,0.08453545,-0.035928275,0.061150245,0.004991345,0.36613044,-0.45591167,-0.25311342,0.2980948,-0.115728445,-0.08864874,-0.0454655,0.55057317,0.035758402,-0.076689735,-0.04971651,0.33749476,0.025259309,0.07836546,-0.097159065,-0.03555014,-0.19547033,-0.10895851,0.18663001,0.33221745,0.39834714,-0.07172163,0.12076598,0.32299995,0.069889724,0.38117242,0.020322923,-0.010471702,0.305824,0.06269703,0.2398776,-0.29110858,0.3279313,0.015529737,-0.21166539,0.14913902,-0.09000347,0.21980028,0.06539251,-0.04334639,-0.20496789,0.07738732,-0.03946945,-0.032763347,-0.03511148,-0.13079543,0.117526956,0.17673774,0.15501213,-0.04289005,-0.12068322,0.3559506,0.06458294,0.10576907,0.11636249,0.14659673,-0.25033823,0.09980165,0.1034272,0.15432519,0,-0.042837948,0.101219766,0.13225251,0.077285044,0.24382704,-0.035858274,0.2264205,0.109689064,0.18302529,-0.0059556663,-0.06738949,-0.13535434,-0.023695208,-0.08411139,0.060876064,0.06318922,-0.121328786,0.06237772,0.25731528,0.1447894,-0.1266066,0.09606964,-0.11730538,0.056807235,0.02153217,-0.09224789,0.07926745,0.09267389,0.06790594,-0.1905884,0.10925156,-0.07874336,0.53489226,0.011478718,0.10445215,-0.091954336,0.3342091,0.03169424,0.07217909,0.06517586,0.08360949,-0.13063054,0.05209168,0.23951265,0.13236396,0.14265363,-0.002249781,0.13926673,-0.3250323,0.2897807,0.119637415,-0.06396526,-0.0018736105,0.08545996,0.07258007,-0.11342835,-0.2614072,0.07178162,-0.083983205,-0.09705548,-0.21548909,-0.3081193,-0.22734182,0.21503483,-0.005129315,-0.008409597,0.14971334,0.16792554,-0.11077933,-0.17798533,-0.032224767,0.242904,0.039742332,0.00970567,0.011673268,-0.022871058,0.14054385,0.026394442,-0.26948935,0,0.11545243,-0.19880971,-0.2892324,0.2123008,0.12310742,0.18387473,0.14303689,0.1178665,0.04170897,-0.17436513,0.15722652,0.23316357,0.22437757,-0.07321864,-6.0018152e-05,0.15314254,-0.096262045,0.039285187,0.17575434,-0.059050232,-0.018816028,-0.14322138,-0.22884086,0.09755556,0.20101115,-0.15274736,0.00042313524,-0.21295907,0.001063047,0.20576099,0.036373213,0.11946713,0.09894107,0.17875662,0.17781927,-0.17028707,-0.09301843,0.17069533,0.04298534,0.21324745,0.036108863,0.33461118,0.101829514,0.29980713,-0.27858323,-0.052422427,-0.19370165,-0.15353915,-0.073294386,-0.2539717,0.14935257,-0.033820104,0.16825032,-0.06319647,0.1446313,0.30688912,0.1066614,0.05184394,-0.06350624,0.19881305,-0.10365401,-0.020114584,-0.07694528,-0.09911105,-0.036497094,-0.1875427,0.17045608,0.30738977,0.2774016,-0.025014777,0.24236542,0.07571197,0.20089,-0.0705112,0.08528672,-0.055820085,-0.26360962,-0.00071408926,-0.21463296,0.10949968,0.048165675,0.08871566,0.18466006,0.10340958,-0.1471264,0.33936659,-0.068773925,-0.0712754,-0.08003505,-0.21699655,-0.013474457,0.021623353,-0.056651264,0.23876426,0.072758175,0.11766602,-0.1254682,0.27330247,-0.28665987,-0.3408239,-0.106874846,-0.058788948,0.007867502,0.41025382,-0.37083378,-0.32267326,0.09516121,-0.021136712,0.010097433,0.21599425,0.019773435,0.121052355,-0.06735269,0.44948974,0.12159084,0.19763431,0.12531093,-0.10870315,-0.052474305,0.048012186,0.16293311,0.11993879,-0.098814055,-0.003907874,0.07469333,0.17461018,0.25133765,0.2719223,0.16274366,0.097175136,0.03676835,0.24429885,-0.020600349,0.1701306
"(114.02638573932028, 22.540896083272084)",0.010228232,0.084536515,0.02611595,-0.0008709673,0.096649684,0.06271863,-0.08880006,-0.013256874,-0.050961778,0.2648049,-0.1382135,0.0052222237,0.02163732,-0.08583285,-0.1134683,-0.006445434,0.22373652,0.2600216,0.023160059,0.29724717,0.058422126,0.056775864,-0.07031054,0.054306924,0.11703956,0.038936388,0.01799322,0.05168543,-0.16980755,0.025348663,0.17062162,-0.012507096,0.27143195,0.03385041,0.28736988,0.017739305,0.08244081,-0.08918215,0.1109858,0.03875395,-0.030349933,0.24151155,-0.26662758,0.018402837,-0.032939732,0.0060037915,0.16984805,-0.16069804,-0.13696186,0.048281446,0.012913987,0.067997046,0.016663846,0.01273068,-0.1003399,0.058081303,-0.05901005,0.18373534,0.02344663,-0.15450552,0.0015290566,-0.07924686,-0.13855459,-0.102457896,0.0110701695,-0.08748347,-0.045440704,-0.061752327,0.029988717,-0.11223951,0.07621571,0.04537105,0.044188328,0,-0.23345171,-0.012813341,0.09018694,-0.17512363,-0.13808402,0.09541527,0.03821255,-0.020033851,0.058264684,-0.31384057,0.0287585,-0.10551233,0.05935338,-0.0037072375,-0.10707981,-0.3094725,0,-0.061144732,0.056597225,0.13357188,0.106427334,0.10115586,-0.027563166,0.023967847,0.037071384,-0.1622591,0.19956163,0.11047558,-0.029378396,0.09683201,0.27718943,0.079546094,0.21432266,0.18947802,0.29144186,-0.14951742,0.18696837,0.011036318,-0.17970519,-0.10745523,-0.12696198,0.33558732,0.021065297,0.25356305,-0.11254747,-0.1349354,0.34357792,0.07920187,0.13711432,0.16319476,-0.091251366,-0.17012629,0.02180538,0.034303915,0.041319154,0.048109405,-0.18845755,-0.030862922,0.18996432,-0.04701308,-0.22460103,-0.004371809,0.26600662,0.2298724,-0.070969954,-0.020029182,0.23587477,0.017345864,0.0073390156,0.022750191,-0.11214841,0.05519165,0.06440249,-0.06639278,0.19783998,0.21769124,0.15739791,0.08083738,0.037566394,-0.031435087,0.3010048,-0.051175907,-0.06351848,0.066750266,0.21693584,0.23488529,-0.104512095,0.23128667,-0.114002526,-0.120533004,-0.08192002,0.121771485,-0.030056866,0.13159828,-0.060177162,-0.27880365,0.05758816,0.08533254,-0.010525823,-0.076405585,-0.17684998,-0.0012680255,0.18194978,0.0669025,-0.09014701,0.036464937,0.25256327,0.07286122,0.023234222,-0.010377742,0.1822586,-0.16399008,0.0013009831,0.029642062,0.066003345,0,-0.14283681,-0.064142115,0.18726449,0.1479235,0.039979987,-0.09495596,0.11898716,0.2644169,0.022985678,0.01979421,0.017664013,-0.11817554,-0.06877091,0.20413752,-0.11959194,-0.14142628,-0.1565,0.10996701,0.21631807,0.10771937,0.120186895,-0.11636057,-0.024586665,0.1367651,-0.12105497,-0.027435243,-0.004514793,0.19512293,0.034909584,-0.26239932,-0.018910125,-0.16407107,0.4575814,0.19472954,0.06322132,0.026094913,0.24787962,-0.04835017,-0.00027180463,0.07076127,0.0586443,-0.18748139,0.036235686,0.28474692,0.19758157,0.019783556,-0.0077048056,0.077667564,-0.30655864,0.15770504,-0.18023881,-0.045839712,0.08232769,0.11335006,0.05369663,-0.14382735,-0.22037806,0.1303137,-0.050472535,-0.12891074,-0.16194311,-0.121349484,-0.2484936,0.20261316,0.060443006,0.040762894,0.24316332,0.14058702,-0.112708166,-0.24787799,-0.0046209022,0.2548882,-0.026847403,0.04797168,0.08853179,0.05424856,0.10666158,0.048362166,-0.06837888,0,0.083646774,-0.031039825,-0.009416214,0.079992115,0.21789879,0.13174099,0.19635907,-0.039696757,0.026300319,-0.14890012,0.026927948,0.041133616,0.18128574,-0.0013701469,0.120415434,0.14621024,-0.045691777,-0.021418381,0.30778623,-0.049909696,-0.015596274,0.0031153336,-0.25277492,-0.06443889,0.17364612,0.01918479,0.32399765,-0.16716406,-0.18858233,0.25265396,0.070231594,0.13851628,-0.07770744,0.06517841,0.1164943,-0.072335824,-0.072829545,0.02183766,-0.09862925,-0.013802648,-0.20028386,0.11934899,0.096688114,0.29165107,-0.15366803,-0.0072884485,0.019071206,-0.055842917,-0.1380844,-0.1413275,0.054250862,-0.009873707,0.15314513,-0.0021816343,0.14572018,0.1541823,0.19331253,0.02423872,-0.16677776,0.13928233,0.027647685,0.25170183,-0.1588724,0.033698775,0.010470249,-0.18729311,0.12981445,0.373168,0.22781017,0.060468335,0.22456762,0.0597077,-0.03402856,-0.0014366601,-0.17613171,-0.031238437,-0.2016586,0.05953021,-0.100760855,0.23420204,0.10561156,0.19650866,0.21344632,-0.21147162,0.062662505,0.16332662,-0.031269334,-0.030667584,-0.022132896,-0.19441085,-0.11444115,0.07580025,-0.06983782,0.2161807,-0.008456744,0.13950698,-0.06631169,0.2729168,-0.2849738,-0.34035918,-0.393089,-0.032626785,0.056999914,0.33197674,-0.29935923,-0.381958,0.025814515,0.03812405,-0.05491678,0.36998934,0.16975252,0.032788005,-0.17590138,0.14216925,0.15654998,0.21602382,0.19969021,-0.04417497,-0.15320393,0.08955429,0.06599924,0.07285459,-0.2377406,0.01066339,0.16877261,-0.03644651,0.2024123,0.28065872,0.03218958,0.040511977,0.13546999,0.093760185,0.088676706,0.24657533
"(114.02665740693804, 22.65175694328701)",0.007822327,-0.275362,-0.10043347,0.012845056,0.48217604,0.55170065,0.010681517,0.16124195,0.44052473,0.12175183,0.089170985,-0.4819048,0.020973355,0.23017618,0.114242785,-0.09120909,-0.08989559,-0.30004376,0.24737911,-0.25397804,0.09664642,0.11001803,0.10783779,-0.42212656,0.120191306,-0.055172946,0.030287705,0.05114282,-0.057591103,0.026290968,-0.008966807,-0.14937207,0.2907209,0.27132994,-0.097054355,0.15171763,-0.119295485,-0.2795331,-0.038340855,-0.14619553,-0.116907276,-0.41845357,-0.1718289,-0.06638775,-0.030056756,-0.23262651,-0.01560466,0.20205536,-0.09436257,0.0901492,0.07369423,0.110866904,0.033384215,0.10673293,-0.089792706,-0.38253072,-0.19136764,0.10186661,0.15103912,-0.2964805,-0.220583,-0.03732784,-0.07894713,0.27250808,0.179283,-0.38317916,0.27967352,0.27858308,0.08135615,-0.109953,-0.14397144,0.14505073,0.1849099,0,0.09328111,-0.086858496,0.03752621,0.13361251,-0.14531681,0.13959023,0.09246005,-0.015865162,-0.17460847,-0.20487635,-0.08380052,-0.2610802,0.0729409,-0.19941133,-0.29655975,0.1519718,0,-0.32256076,-0.043120824,-0.482262,-0.38382173,0.30546144,-0.0761553,0.1297185,-0.035129152,0.20385511,0.51912093,-0.19968966,-0.0894859,-0.16827337,-0.2296935,0.025064655,-0.12933396,0.30305642,0.031942867,0.19133887,0.011320974,-0.20998855,-0.13222963,0.28074455,-0.043642245,-0.026498351,-0.01518495,0.20075153,0.20335636,-0.1040778,0.2860313,0.29418308,0.118627846,0.36929852,-0.0029818173,0.09516083,-0.0076471977,0.008580189,0.15337946,0.12334488,-0.044273313,-0.13944091,0.11753492,-0.13318437,0.15138823,0.43789765,-0.012289863,-0.066584796,-0.17358768,0.27721754,0.18406117,0.03617006,-0.28681263,-0.120995976,-0.0682463,-0.5582548,-0.06779732,-0.10990591,0.15713046,0.26750702,-0.4482454,-0.045961015,0.117062,0.07510787,0.063168004,-0.60786927,-0.2238406,0.066763885,-0.21545127,0.13756928,-0.3067579,0.25458667,0.55314726,0.27238366,0.2872769,0.3485846,0.099651925,0.18500175,0.16898373,-0.19548166,0.028114235,-0.2616041,-0.4731278,-0.0584383,-0.31835443,-0.23656324,-0.019380152,0.014639017,-0.023041457,-0.013221592,-0.29552487,0.07495891,-0.06514124,0.22648087,-0.10165819,-0.080086425,-0.034472756,-0.08306423,-0.19898653,0,0.14015935,0.010862671,0.08048066,0.04729324,-0.119453356,0.06560736,-0.30233485,0.034702495,0.10145922,-0.2854138,0.084668085,0.1261024,0.12008107,0.035693392,0.08352305,-0.08931798,0.032819316,-0.19201668,0.316405,0.030132739,-0.08264558,-0.1299937,-0.15742388,0.2007113,0.63484466,0.00088556856,0.07688401,-0.11046923,0.004058324,-0.12995817,-0.006463833,-0.29523888,0.119477175,-0.16905016,0.10317697,-0.15313037,0.047193114,-0.006640069,0.031001575,0.09618927,-0.05860007,0.20172405,-0.24106643,0.21495155,-0.13641447,-0.22468612,-0.19626623,0.14010258,-0.1160772,0.15148672,0.010002799,-0.0735797,-0.057155125,0.13887718,-0.29560778,-0.28718317,-0.31154266,-0.20202783,-0.1874378,-0.5103997,-0.19113094,-0.20350778,-0.035297975,0.07865616,-0.25032112,-0.047935657,-0.0268929,0.3500946,0.09177302,-0.09401868,-0.18151303,-0.24961916,0.15288317,-0.06228084,0.010591965,0.13043083,0.19597165,0.10465299,0.16896507,0,-0.0743795,0.117228635,-0.3311748,0.2002196,-0.22903943,0.15584831,0.1679432,-0.11555177,0.28618625,-0.26912874,0.15742983,0.2307585,0.16127965,0.016649056,-0.09137793,-0.10555349,-0.37934732,0.0678156,-0.28450176,0.20067258,-0.0041275173,-0.6569587,-0.030758962,0.4419163,0.021352142,0.23506808,0.0028276835,-0.47939903,0.19917335,-0.11525614,-0.06842369,-0.11536515,0.06927775,-0.12693563,0.50577086,0.12915255,-0.19599976,-0.2357439,0.396906,-0.17992425,-0.2351087,0.19061667,0.1755306,0.13656926,0.05710864,-0.36249438,-0.13166228,-0.04911246,-0.25360024,-0.068074636,-0.29438156,0.050394885,0.45881152,-0.37018794,-0.33270946,0.39442122,0.3624888,0.2066991,-0.048026107,-0.048308454,0.17780423,-0.12899606,0.25642806,-0.023143673,-0.2620046,0.0909748,0.042007692,0.05145258,-0.11445208,0.041754868,-0.025862657,-0.095605224,0.1815619,-0.15921673,0.37899172,-0.11697425,-0.42034236,0.3380953,-0.11039984,-0.052148927,0.0021429174,-0.0009994246,-0.24178648,0.19118094,-0.33678952,0.2244866,-0.11642857,-0.34466836,0.04208169,-0.21774945,0.021893047,-0.06586226,0.28884244,0.026127877,-0.17403468,-0.038543135,-0.15008631,-0.10954945,-0.08853486,-0.30058914,0.04721643,-0.18743151,-0.20034468,0.426824,-0.0655903,-0.004353136,0.30671477,0.2797973,0.06883916,-0.06359261,-0.13625589,0.26781312,0.18236423,0.5400985,-0.13732219,0.1436891,0.22889166,0.12046117,0.058805488,-0.25326884,0.22861928,-0.2631778,-0.0019340366,-0.056494705,0.06828245,0.05197482,0.111231595,0.0913798,0.35731038,0.116248146,-0.09986694,-0.006771583,0.24853864,-0.12185716
"(114.02676805766878, 22.65243752698868)",0.00841023,-0.27666906,-0.09951388,0.011784868,0.48092973,0.5492316,0.009673484,0.16184442,0.44046813,0.123107925,0.08794933,-0.4826309,0.016654953,0.22677085,0.110283695,-0.0900472,-0.08947463,-0.2981954,0.24892507,-0.25055084,0.10633736,0.112143986,0.1111309,-0.42460683,0.118223265,-0.055339884,0.035466947,0.050389454,-0.063285634,0.025677625,-0.0070582926,-0.15017885,0.29582214,0.27825776,-0.09196668,0.15067163,-0.12052452,-0.27913153,-0.03210112,-0.14580792,-0.12073026,-0.4153512,-0.17141712,-0.071034685,-0.033995226,-0.2306294,-0.011222158,0.2034911,-0.09864851,0.08913242,0.07583982,0.10928779,0.035800055,0.100572236,-0.086543016,-0.3831813,-0.19611806,0.09627078,0.14778867,-0.3030397,-0.22071819,-0.038773354,-0.08214767,0.274046,0.18072619,-0.38924065,0.2812758,0.2758452,0.082804844,-0.11289145,-0.13865641,0.13993472,0.18643507,0,0.09572426,-0.08514652,0.03785341,0.12893167,-0.15386125,0.14452073,0.08545734,-0.017191857,-0.17685129,-0.20451681,-0.087242216,-0.2719331,0.073792025,-0.19374317,-0.2988644,0.14729354,0,-0.31957102,-0.04190766,-0.4848353,-0.38281593,0.31094602,-0.076260135,0.12397939,-0.041509643,0.20510082,0.52178586,-0.19245493,-0.09278989,-0.16633524,-0.22387122,0.026306614,-0.12732498,0.30609417,0.037522152,0.18573964,0.018846564,-0.21247803,-0.1323611,0.27343142,-0.046643354,-0.024772566,-0.01885418,0.1991055,0.19923365,-0.10801676,0.29278088,0.29180512,0.11874591,0.36709592,0.0020230357,0.09765005,-0.009074066,0.009038318,0.15023774,0.12684143,-0.04674976,-0.14070195,0.13098587,-0.13296357,0.15109219,0.43527403,-0.003021285,-0.06724098,-0.17967874,0.27899003,0.188064,0.033664607,-0.29242048,-0.1221619,-0.06606958,-0.55804116,-0.06637598,-0.108396545,0.16143794,0.2732643,-0.45731607,-0.04740458,0.12466387,0.07144742,0.06574829,-0.6119356,-0.23382282,0.07532077,-0.21869987,0.1378062,-0.31053877,0.25747046,0.5512897,0.26810932,0.28940457,0.3463836,0.10547189,0.17697592,0.17268315,-0.19966264,0.028886309,-0.2674952,-0.4710156,-0.063447535,-0.31570917,-0.23609993,-0.01885219,0.019768776,-0.024972543,-0.019048076,-0.2881085,0.07531772,-0.0672491,0.21968931,-0.103032805,-0.08074805,-0.033967733,-0.08144566,-0.19995162,0,0.13524961,0.013399683,0.08420253,0.048288662,-0.11090284,0.054738455,-0.3012694,0.03182777,0.09981732,-0.28127,0.08957626,0.12520823,0.11927048,0.038105518,0.086544745,-0.08564267,0.027369067,-0.1927316,0.31936315,0.02859694,-0.0796178,-0.13082156,-0.16322787,0.19673114,0.6319046,0.0003736019,0.07610806,-0.10389375,0.0072899237,-0.13279602,-0.0019629467,-0.29977837,0.12995644,-0.17548276,0.10834883,-0.15680401,0.05346622,-0.0065767895,0.028091408,0.0955184,-0.05911005,0.19782135,-0.2404216,0.21780609,-0.1317642,-0.22050828,-0.1952242,0.14679931,-0.121712744,0.15503141,0.0077531487,-0.0730592,-0.061005436,0.14092708,-0.294533,-0.295228,-0.3069046,-0.20117895,-0.18511876,-0.51514626,-0.19293347,-0.2053283,-0.03437449,0.079343304,-0.2507194,-0.047115773,-0.02846723,0.35065636,0.09098557,-0.0963559,-0.18212965,-0.24750173,0.15221071,-0.061553992,0.015299637,0.12859288,0.20392087,0.104402326,0.16408595,0,-0.07739123,0.1148878,-0.33457255,0.20939514,-0.22648972,0.15377319,0.16897793,-0.11225076,0.2845686,-0.26815897,0.15938832,0.23654085,0.16201138,0.013677523,-0.086807206,-0.10165155,-0.38079828,0.06683771,-0.27505887,0.19667996,-0.0019221677,-0.65888804,-0.036644652,0.4378245,0.022336736,0.22980711,0.011087494,-0.48453262,0.19963934,-0.11120017,-0.064536676,-0.11550206,0.068998605,-0.1326515,0.5025453,0.12862593,-0.19954696,-0.22669794,0.39093167,-0.17936483,-0.23392083,0.19078846,0.17448911,0.14069475,0.04512,-0.36190298,-0.1343315,-0.0515009,-0.2610267,-0.07208511,-0.28225714,0.049597427,0.45710793,-0.37074062,-0.33318987,0.39500585,0.35895467,0.21282776,-0.049058918,-0.051472932,0.18492451,-0.1316451,0.2582314,-0.025342016,-0.26727432,0.08691335,0.042305663,0.05294721,-0.11048199,0.04827373,-0.024609618,-0.092650615,0.18292637,-0.1601356,0.38219076,-0.12094048,-0.42337754,0.3341866,-0.11222649,-0.04755401,0.0042732134,0.0021528155,-0.24095672,0.19363192,-0.34084994,0.23206495,-0.11835421,-0.34470755,0.041740187,-0.21618906,0.017324116,-0.063767925,0.28696582,0.031883605,-0.17186582,-0.031211846,-0.15488873,-0.10431005,-0.09630796,-0.30368453,0.041734546,-0.1909326,-0.19582823,0.43001282,-0.07008525,-0.006001219,0.3038156,0.2723072,0.071465656,-0.05783375,-0.13196391,0.26663494,0.1801669,0.53875333,-0.13877197,0.14854534,0.22711094,0.12424287,0.0545263,-0.24864708,0.22356018,-0.25800976,-0.0036017895,-0.051554635,0.06392146,0.05408574,0.11071306,0.09587005,0.3557856,0.118689835,-0.09459528,-0.0050396733,0.2461411,-0.1176878
"(114.02698753767442, 22.65082608519932)",0.0116001405,-0.2758969,-0.109265245,0.0021082219,0.49116632,0.58895785,0.019727215,0.16885038,0.4601747,0.15073036,0.07755137,-0.49589446,0.010496855,0.22520408,0.064706974,-0.10029264,-0.07985155,-0.2984107,0.28156498,-0.21282753,0.1466972,0.10768678,0.09556524,-0.42355385,0.10222632,-0.05560535,0.028572738,0.06341876,-0.112667456,0.028805174,-0.019431967,-0.1507507,0.33003345,0.25770456,-0.097967125,0.12629445,-0.1637047,-0.24314351,-0.056178752,-0.17121282,-0.17249867,-0.3823408,-0.19801074,-0.109766066,-0.06976587,-0.24442662,0.023379333,0.20952068,-0.13868727,0.06311269,0.05235666,0.1056453,0.0380429,0.06772231,-0.093153976,-0.4028356,-0.22889905,0.12068004,0.12996833,-0.324401,-0.23623484,-0.048233133,-0.078537345,0.27740794,0.18431008,-0.39700317,0.25688022,0.2856378,0.087635115,-0.13275987,-0.14158016,0.15588501,0.18591881,0,0.057319693,-0.07956609,0.031160679,0.12927794,-0.18217093,0.16028568,0.09576096,-0.025838189,-0.18714185,-0.21094018,-0.096986935,-0.31487355,0.0647061,-0.20412076,-0.34041074,0.15789834,0,-0.33048153,-0.06587199,-0.52525836,-0.40870455,0.29122546,-0.059816867,0.1308136,-0.03931292,0.17184426,0.5376723,-0.18658108,-0.10386194,-0.16301887,-0.21512058,-0.0057926774,-0.11674647,0.33303684,0.028616779,0.15331762,0.018115893,-0.22840194,-0.1225023,0.23936579,-0.0849053,-0.03497237,0.0054469104,0.19377595,0.1907238,-0.13167283,0.3227377,0.28318903,0.11838068,0.3880343,0.035012074,0.09097904,-0.01053511,0.005703928,0.13688383,0.16832024,-0.07647135,-0.16738348,0.1516163,-0.14983907,0.1684744,0.4367303,0.023381721,-0.09740318,-0.21880388,0.23682863,0.19343957,0.03761179,-0.31901374,-0.14826289,-0.06815114,-0.6144764,-0.08142825,-0.063699946,0.2142824,0.32016596,-0.45782983,-0.027539454,0.10986964,0.09025963,0.086261734,-0.65809464,-0.24749383,0.09024451,-0.22448504,0.13897492,-0.37390515,0.27596864,0.5583167,0.24770868,0.30244768,0.31936228,0.1322428,0.16078283,0.13796788,-0.20285141,0.004160801,-0.23914306,-0.50877273,-0.05273112,-0.29944086,-0.24783826,0.008050606,0.011746083,-0.049454488,-0.044662446,-0.27312863,0.11129954,-0.06727207,0.19014546,-0.1054875,-0.102323145,-0.027856153,-0.100264825,-0.2193265,0,0.14086851,0.028933361,0.073715076,0.05611282,-0.09501758,0.008383011,-0.3292187,0.012645602,0.07737401,-0.28264844,0.10677847,0.13486917,0.10866866,0.023634331,0.13973323,-0.082755774,-0.008691043,-0.17444257,0.3252503,-0.00043192971,-0.12162523,-0.1218723,-0.18515263,0.20273136,0.61018825,-0.0368213,0.06331056,-0.09628589,-0.0018847212,-0.14194876,0.006736785,-0.33358753,0.11853366,-0.18978754,0.10737114,-0.16496767,0.113454655,0.01147561,0.04760204,0.06957986,-0.009666923,0.13281527,-0.23173885,0.22207075,-0.1429661,-0.18031938,-0.22279665,0.16845173,-0.13336147,0.13144627,-0.034517296,-0.10224692,-0.07078606,0.12803747,-0.2864595,-0.31904927,-0.31836063,-0.21412127,-0.15983179,-0.56822526,-0.19940305,-0.24469885,-0.0360166,0.07050378,-0.27081385,-0.080864824,-0.043411344,0.3623423,0.05947426,-0.100197636,-0.20644963,-0.23186699,0.16514748,-0.0822865,0.011759143,0.07782565,0.24370319,0.139272,0.14543006,0,-0.0938716,0.095482565,-0.3476747,0.20108846,-0.18640757,0.16874343,0.13117006,-0.12863304,0.3060287,-0.2505001,0.18894957,0.2723885,0.15758246,-0.0077165365,-0.05092175,-0.116591215,-0.3794823,0.05509868,-0.28186017,0.20663829,-0.025047878,-0.67698056,-0.09004629,0.47918835,0.0322965,0.21721703,0.0068744216,-0.50494516,0.23141707,-0.10207772,-0.051280998,-0.1089661,0.059477508,-0.095418304,0.55017424,0.09649729,-0.25138077,-0.21311978,0.39283258,-0.13281253,-0.2333281,0.21523274,0.16046059,0.15371604,0.0166426,-0.34879977,-0.16772515,-0.0937554,-0.2797197,-0.09832723,-0.2475655,0.04225764,0.48591635,-0.40090048,-0.3043751,0.4598557,0.34584984,0.23027289,-0.030171981,-0.036211073,0.15768844,-0.15316547,0.27708238,-0.01323582,-0.2642112,0.041445233,0.059612192,0.05118492,-0.09833707,0.07356776,0.010671265,-0.0732993,0.219028,-0.18967868,0.39994967,-0.12317151,-0.43525097,0.34987438,-0.12801988,-0.033009823,0.018182892,0.006717846,-0.2217629,0.22832906,-0.34819743,0.27667528,-0.119027115,-0.34604764,0.005038373,-0.2543577,0.039474484,-0.094775796,0.27697545,0.03204353,-0.1950368,-0.039607868,-0.15750462,-0.06448457,-0.0953145,-0.3381952,0.05349294,-0.19120593,-0.2268098,0.4798961,-0.057165273,-0.025722638,0.3160531,0.2695104,0.06753132,-0.06173147,-0.11427912,0.26010692,0.18506652,0.6127522,-0.18898678,0.18808526,0.22536968,0.108499154,0.018161424,-0.26076585,0.24801165,-0.26430267,-0.048597768,-0.080608994,0.062559105,0.05815564,0.09246974,0.13983321,0.3583613,0.1181916,-0.10775311,-0.0024551637,0.25577176,-0.10421545
"(114.02701261515855, 22.65056481896456)",0.012214184,-0.27549073,-0.110027686,0.0021035988,0.49081236,0.59023374,0.019066297,0.1684525,0.46053234,0.15047227,0.07776291,-0.4966231,0.011149615,0.22687778,0.06436359,-0.10079183,-0.080265924,-0.29924366,0.28111482,-0.21529262,0.14326704,0.10566121,0.09375901,-0.42115852,0.10281345,-0.055388533,0.025975816,0.0628142,-0.11087647,0.029283233,-0.02041265,-0.15002844,0.32814482,0.2536665,-0.10007476,0.12639081,-0.16316018,-0.2428406,-0.06047075,-0.17126086,-0.17021996,-0.38223726,-0.1991911,-0.10921569,-0.068344384,-0.2456341,0.021941312,0.2088958,-0.13777518,0.062582366,0.0498994,0.10646469,0.036135904,0.07075535,-0.092926644,-0.40282983,-0.22728953,0.12356303,0.13130844,-0.3209756,-0.23599435,-0.047565054,-0.07529051,0.2770939,0.18369564,-0.3936773,0.2560907,0.28690717,0.086985886,-0.13263673,-0.14399573,0.15882161,0.185007,0,0.054660298,-0.07953581,0.031844694,0.13183871,-0.17891869,0.15737644,0.09884465,-0.025399752,-0.186653,-0.21035193,-0.09532516,-0.31058508,0.063337,-0.20673606,-0.33921257,0.1602318,0,-0.33133084,-0.06650742,-0.5249509,-0.40952024,0.28680673,-0.0593285,0.13475785,-0.035928898,0.17057213,0.53497374,-0.18977508,-0.104239956,-0.1635594,-0.21891886,-0.0070173517,-0.11750974,0.3315705,0.026025608,0.15556315,0.01424686,-0.2275933,-0.12125733,0.24275544,-0.08533184,-0.035599146,0.007821135,0.1938097,0.19165084,-0.13011013,0.3194965,0.2842892,0.11751477,0.38849738,0.033451274,0.0898512,-0.009838801,0.00553054,0.13757992,0.16783452,-0.075261824,-0.16736358,0.14710484,-0.15079322,0.17021595,0.43715486,0.019215107,-0.097880706,-0.21591535,0.23410046,0.19083767,0.03959766,-0.31668887,-0.14684525,-0.069278665,-0.6150353,-0.08254067,-0.062209506,0.21329202,0.3183784,-0.45274773,-0.0271748,0.107128285,0.09302636,0.08706188,-0.6567251,-0.24310735,0.08664576,-0.22388843,0.13845636,-0.37226763,0.2742908,0.5608468,0.24943796,0.30224624,0.31853005,0.13112994,0.16402294,0.1361313,-0.20042303,0.0033469182,-0.23500587,-0.50841486,-0.050668836,-0.29964507,-0.24722108,0.00831157,0.008525568,-0.048918553,-0.042752825,-0.27605084,0.11136497,-0.06551621,0.19223806,-0.10430493,-0.10208996,-0.028883066,-0.10102097,-0.21986899,0,0.14369795,0.027979285,0.07196426,0.055282354,-0.09842907,0.012922365,-0.3297304,0.012994058,0.07808787,-0.28330654,0.105210766,0.13530932,0.10841875,0.022790378,0.14043435,-0.08372784,-0.0067434907,-0.17309566,0.32354274,-0.00034415815,-0.12395348,-0.12039114,-0.1828089,0.2053478,0.61137486,-0.036796503,0.06348721,-0.09955735,-0.0043660477,-0.14103773,0.004692247,-0.33136812,0.11353285,-0.18684176,0.10458121,-0.16244036,0.111662164,0.014076438,0.0488328,0.06954093,-0.0071019717,0.13296273,-0.23255782,0.22128043,-0.14629948,-0.18269691,-0.22349766,0.16545987,-0.12993586,0.1296449,-0.032614395,-0.10238717,-0.06906826,0.12633987,-0.28590208,-0.3156601,-0.32089555,-0.21451353,-0.16027212,-0.56615347,-0.19843876,-0.24479574,-0.036355212,0.06963855,-0.27119437,-0.08156993,-0.042629883,0.3606234,0.059644528,-0.09848862,-0.2075533,-0.23199534,0.16526002,-0.0835186,0.00922079,0.07598764,0.24065298,0.14090295,0.14734498,0,-0.091861896,0.09662073,-0.3462362,0.19658211,-0.18583757,0.16973683,0.12929235,-0.13068253,0.3057974,-0.25010523,0.18847339,0.27013695,0.156539,-0.0068389624,-0.05286067,-0.118281744,-0.37831193,0.05566931,-0.28774068,0.20857202,-0.026749276,-0.6763098,-0.0882681,0.4839895,0.03130731,0.21920654,0.0036484767,-0.50228417,0.23268016,-0.10331802,-0.052721374,-0.10940707,0.059562057,-0.09070319,0.5523098,0.09578721,-0.25074577,-0.21729364,0.39597407,-0.13161382,-0.23332776,0.21523048,0.15966558,0.15196405,0.021547392,-0.3478763,-0.16548502,-0.093950465,-0.27649215,-0.09726584,-0.25198257,0.04239305,0.48628077,-0.40043563,-0.3043302,0.46123254,0.3484052,0.22619604,-0.02851014,-0.03417606,0.15228683,-0.15185486,0.27655095,-0.012647854,-0.2617744,0.042039424,0.060146086,0.05009179,-0.099783234,0.070378184,0.011577994,-0.07459388,0.21916737,-0.18866196,0.39890093,-0.120789334,-0.43288597,0.3517399,-0.12762813,-0.035495408,0.016766276,0.00480422,-0.22016528,0.22851154,-0.3458303,0.27406272,-0.11848807,-0.34500253,0.00553564,-0.25790894,0.042482328,-0.09573368,0.2771034,0.029324623,-0.19569293,-0.044487834,-0.1552194,-0.06487708,-0.091463044,-0.3379629,0.05587197,-0.18933158,-0.22891119,0.47947302,-0.054519415,-0.02572541,0.3179041,0.2728867,0.06640144,-0.06529863,-0.11541414,0.26032752,0.18629286,0.6150657,-0.18961573,0.18708466,0.22625338,0.10522917,0.020384148,-0.26290452,0.25017607,-0.26635966,-0.04860939,-0.08311533,0.06385795,0.05831211,0.09328711,0.13947347,0.35806015,0.117645115,-0.11018178,-0.002506122,0.2557835,-0.10486869
"(114.02701856914535, 22.730925319903683)",0.11134333,0.09689792,0.024190467,0.115395404,0.40246964,0.013895612,0.20594807,0.08942015,0.084217936,0.27002728,-0.034083575,0.08838135,0.1259709,-0.19745824,0.11553339,0.055976946,0.09101091,-0.017220058,-0.16675563,0.06210925,-0.3423056,-0.09238793,-0.010809224,-0.124634415,0.08608991,-0.050321907,-0.18994343,0.16383936,-0.09232724,0.13695318,0.11917542,0.16396081,-0.13832489,-0.08527914,0.18120623,0.018228637,0.010252651,-0.17441441,0.012141567,0.10890015,0.011016555,0.09294102,-0.14985625,-0.05338782,0.12452293,0.046136975,-0.10463629,-0.11217891,0.013028897,0.0069082845,0.04812044,0.15902363,-0.019406352,0.07983686,0.06460916,0.21385264,0.18617605,0.08514681,0.0013295263,0.005199492,-0.0014925562,-0.042821553,-0.20304593,-0.06961349,-0.0020517558,-0.080708496,0.041416418,-0.07870743,0.034582112,0.027679663,-0.023681536,0.13422054,0.0053679794,0,-0.08076561,-0.11669268,0.16303717,0.028911717,0.029219538,-0.064658135,0.091820315,-0.047028378,0.16131325,-0.1902588,0.074317396,0.34351435,-0.0046492144,-0.2383078,0.061986953,0.003784068,0,0.07830329,0.07161061,0.022905001,0.026883949,-0.32069173,-0.033058412,0.117354736,0.060278185,-0.16072842,-0.075018086,-0.06501598,-0.013048787,0.08465497,0.13660605,0.19868875,0.10742085,0.22152393,0.11246137,0.16889685,0.033418003,0.07676201,-0.008898526,0.048254825,0.002755925,-0.057885855,0.24161851,0.26837978,0.047124624,0.01969149,0.01743012,-0.02435428,0.09115474,0.11079943,-0.14641857,0.02881737,-0.006525021,0.05384873,0.11937652,0.153332,-0.19606373,-0.017698007,-0.20046854,-0.10869605,-0.20293415,-0.060291536,0.21616986,0.08034119,0.37401542,0.13457282,0.20059837,0.03118483,0.09151909,0.07738764,-0.090975516,0.13393374,-0.101633295,0.06255411,-0.05159609,0.01577633,0.2594454,0.06721401,0.0052203685,0.03933449,-0.034542616,0.12630637,0.056312427,0.09722973,0.21918851,0.23364611,0.08406162,0.02984535,-0.0021022335,-0.0022502653,0.022505552,0.27653491,-0.14919712,0.26248938,0.07935046,-0.047403477,0.08919739,0.17582041,0.17989206,0.14232704,0.07600201,0.15326053,0.06290208,0.077819,0.03928078,0.13702059,0.06855041,-0.070504196,0.10353474,0.24513514,0.07396654,0.06926429,0.069790974,0.020393604,0.1749944,0,0.029702336,0.07453265,-0.0514986,0.05962167,-0.044442527,0.18519607,0.14580722,0.14804637,0.13415533,0.04015843,-0.3140032,-0.14759704,0.0383928,-0.13164249,-0.109883904,-0.13701104,0.090591885,0.08282316,-0.016518757,0.15769346,0.006194949,0.23245241,-0.054128207,0.058311924,0.37577912,0.21405418,0.08370478,-0.16251636,0.144357,-0.11747182,0.032751538,0.18208738,0.18254158,0.17738861,0.032905836,0.113513745,-0.22106427,-0.21151952,0.08269667,0.09392151,0.14545129,0.15358177,-0.010833922,0.054985993,-0.07363602,-0.042421617,0.057410907,-0.078931086,-0.10004975,-0.013317831,0.2255745,-0.012274807,0.12736374,0.06384334,0.0072175823,0.044683672,-0.45234424,0.11643508,0.057405062,0.32851046,0.0022649318,-0.20085554,-0.07288258,0.19575633,0.062811814,0.028010048,0.2915408,0.2721364,-0.030255064,0.10717782,-0.044844944,0.16975945,-0.0029852502,-0.012244947,-0.107549325,0.1959401,-0.13436863,0.13251314,-0.09375514,0,0.16297883,-0.0092790555,-0.011301434,0.02661547,0.2067589,0.06378903,0.32869917,-0.24192296,0.0057416186,-0.07689528,0.14091055,0.055858728,0.13890806,0.10831829,-0.3439971,0.08365022,-0.07884873,0.010094244,-0.013728425,0.016847828,0.14394875,-0.14483565,0.15367301,0.050578516,-0.014729664,0.16527325,-0.1076542,0.06748873,-0.19900875,0.08687118,-0.15076342,0.07039352,0.18994161,0.15587537,0.21631055,-0.07185875,0.08567214,-0.057238895,0.15506335,0.025711492,-0.009953614,0.040581834,0.14106168,-0.045159075,0.13158496,-0.07045219,0.0002284944,0.13569605,0.11575684,-0.080286406,-0.17260243,0.04799685,-0.07538757,-0.021878436,0.23112062,0.114337705,-0.019335411,0.011601135,0.13649298,0.158755,-0.16331415,-0.027723713,-0.034403242,-0.02221833,0.21748184,0.06918276,0.0072810706,0.19470395,0.13220105,-0.2047597,0.13069442,0.105460815,0.122267,-0.014767835,-0.06824957,0.04606244,0.023039091,0.12150775,0.05145409,-0.06699875,-0.12282148,0.07926038,0.054500237,0.0063122213,0.03101381,-0.07531011,-0.020101931,0.10219101,0.13493171,-0.07087916,0.14152408,0.0887909,0.104129076,0.15727873,0.06798158,-0.1935849,0.004042417,-0.09779467,0.01692826,-0.06614511,0.028824233,0.20337878,-0.24873453,0.25085595,-0.14917067,0.036409974,0.23017308,0.21712027,-0.10412386,0.06933515,-0.26562116,0.1178011,-0.04991948,0.26946554,0.27318576,-0.05511738,0.020223863,-0.056604028,0.12188472,0.0806936,0.15303136,-0.042440116,0.16602726,-0.019534484,-0.10486152,0.0087709585,0.15737352,-0.09075019,0.1190294,-0.06155167,-0.00447141,0.28613853,0.057571415,0.0310321
"(114.02782217845102, 22.66162491286679)",0.0036834478,-0.21836315,-0.03751304,0.009274272,0.41899428,0.46105203,-0.076566026,0.113960296,0.34868583,0.11522643,0.047835283,-0.41715732,0.09605533,0.18175495,0.13451442,-0.08320093,-0.022357568,-0.17952013,0.19395648,-0.17291534,0.11154493,0.102877654,0.08863144,-0.35683164,0.12406951,-0.014757464,0.064827435,0.04081502,-0.027421549,-0.006869562,0.028910518,-0.14060907,0.3841889,0.26173866,-0.026203766,0.14276145,-0.0379112,-0.27683926,0.02417798,-0.109678686,-0.07807884,-0.36293107,-0.18901503,-0.013837166,-0.01979212,-0.21993552,-0.018012919,0.14296679,-0.113992065,0.100265175,0.12586011,0.10371978,0.035222188,0.11869119,-0.14840582,-0.36643514,-0.17346317,0.12385828,0.13134281,-0.20619032,-0.11566836,-0.028160103,-0.13272145,0.2156388,0.1489418,-0.3398897,0.21297309,0.23618811,0.066303425,-0.09440343,-0.07890482,0.07650236,0.16974369,0,0.10507598,-0.04923832,0.013123635,0.04513649,-0.16101846,0.10503542,0.042120274,0.008736603,-0.16187824,-0.20924777,-0.04213945,-0.24878079,0.06225206,-0.11338168,-0.24001929,0.027107403,0,-0.33708516,0.006973453,-0.39171723,-0.26956263,0.3755506,-0.084749565,0.087518424,-0.019938817,0.15635937,0.5001093,-0.120391674,-0.09907466,-0.17275323,-0.1427941,0.06848505,-0.06467202,0.26509136,0.10995065,0.124287635,0.037001964,-0.14055151,-0.16123456,0.23566687,-0.03577996,0.034704275,-0.0880716,0.18740782,0.13087988,-0.14983436,0.24480931,0.26862136,0.09650534,0.33202714,-0.05539491,0.03342092,0.054369766,0.013106409,0.12758924,0.037116714,-0.014816867,-0.071556635,0.13726747,-0.12039978,0.06238938,0.40294114,-0.009010375,-0.010644067,-0.15900423,0.2780138,0.24453768,0.0434214,-0.26323277,-0.08772793,-0.13779896,-0.40820011,-0.0057167094,-0.13229637,0.17454293,0.18064043,-0.36945254,-0.05237806,0.14779334,0.02620612,0.050409038,-0.53964704,-0.24613318,0.040096946,-0.17783365,0.12957107,-0.20351085,0.2501373,0.4344256,0.2177763,0.19828327,0.39480096,0.08539786,0.1298056,0.22541623,-0.24659657,0.06283002,-0.26802155,-0.42652813,-0.1114005,-0.36906254,-0.19204825,-0.036592185,0.035811532,0.018561631,-0.026959978,-0.21736279,0.034232758,-0.042353034,0.1810406,-0.066044696,-0.06853165,-0.07987369,-0.04945989,-0.16918421,0,0.07746175,-0.011703186,0.12456422,0.081239976,-0.09083608,0.06291597,-0.2622788,0.07455508,0.120763406,-0.24997127,0.13054226,0.075214855,0.09484674,0.12417789,0.03010428,-0.114361696,-0.013120353,-0.17913543,0.3127569,0.09106666,0.008274317,-0.1720103,-0.1361587,0.16071163,0.49872956,-0.014009953,0.051276073,-0.0325358,-0.0062682405,-0.14363357,0.010138985,-0.2933911,0.19928823,-0.08767453,0.1283187,-0.13697042,0.06951848,-0.03992395,0.008846328,0.13186422,-0.11289264,0.18513507,-0.18255004,0.29423168,-0.04216595,-0.2403212,-0.1568803,0.14670494,-0.1541594,0.17317447,-0.04887285,-0.034875274,-0.027635245,0.21718414,-0.2634724,-0.32856005,-0.2585982,-0.14880289,-0.16985488,-0.5044142,-0.18838772,-0.15224016,-0.066231236,0.084333606,-0.23491123,0.011134103,0.034051478,0.32565588,0.0713367,-0.16467246,-0.14208755,-0.19539985,0.07087317,-0.030807145,0.059776876,0.17547834,0.21064934,0.07225424,0.15286967,0,-0.021108638,0.14376195,-0.2639886,0.17094277,-0.15299672,0.116679825,0.21329251,-0.14934646,0.24523905,-0.29403508,0.10695164,0.16356444,0.18701288,0.06380718,-0.04490003,-0.048389126,-0.3737642,0.064679086,-0.19480795,0.14388885,0.001001984,-0.55151767,-0.11300409,0.27700022,0.08965073,0.2545002,0.14256722,-0.41402122,0.11256566,-0.04717095,-0.051229015,-0.13147926,0.017747995,-0.1473342,0.4050103,0.109751105,-0.13740447,-0.21181849,0.28717834,-0.20894966,-0.26342246,0.19937116,0.14408296,0.1269995,0.047029592,-0.2936716,-0.07181758,-0.05674174,-0.270442,-0.07439011,-0.25884336,0.043026213,0.40844172,-0.27799797,-0.30926177,0.30228037,0.34011558,0.17090403,-0.09707615,-0.076906204,0.21289688,-0.04148481,0.20868197,-0.010532903,-0.24999166,0.09380751,0.033365235,0.11095711,-0.077328116,0.07339893,-0.010932863,-0.091779254,0.11060578,-0.07768359,0.27500433,-0.11410138,-0.40843657,0.27575353,-0.08420493,0.016838428,0.060367268,0.05508205,-0.1658124,0.08269053,-0.25121948,0.23339212,-0.094551064,-0.3467936,0.072058685,-0.20116195,-0.048468,0.002030896,0.28468433,0.054906994,-0.1448408,0.018731155,-0.109408565,-0.031249318,-0.14640632,-0.29885662,-0.10208344,-0.17367311,-0.11681353,0.39103666,-0.10236529,-0.067184344,0.2244307,0.23885508,0.053631175,0.06258172,-0.095366746,0.21105309,0.12292794,0.42761168,-0.10629807,0.159548,0.23862685,0.19265553,-0.016736984,-0.16812022,0.1252375,-0.20473371,-0.0033787042,-0.021498725,0.12733248,0.045731574,0.10804525,0.117470875,0.26386425,0.07806164,-0.03988224,-0.022271764,0.22591108,-0.045898817
"(114.02824018139158, 22.653176326358256)",0,0,0,0,0,0,0,0,0,0,0,0,0,0,0,0,0,0,0,0,0,0,0,0,0,0,0,0,0,0,0,0,0,0,0,0,0,0,0,0,0,0,0,0,0,0,0,0,0,0,0,0,0,0,0,0,0,0,0,0,0,0,0,0,0,0,0,0,0,0,0,0,0,0,0,0,0,0,0,0,0,0,0,0,0,0,0,0,0,0,0,0,0,0,0,0,0,0,0,0,0,0,0,0,0,0,0,0,0,0,0,0,0,0,0,0,0,0,0,0,0,0,0,0,0,0,0,0,0,0,0,0,0,0,0,0,0,0,0,0,0,0,0,0,0,0,0,0,0,0,0,0,0,0,0,0,0,0,0,0,0,0,0,0,0,0,0,0,0,0,0,0,0,0,0,0,0,0,0,0,0,0,0,0,0,0,0,0,0,0,0,0,0,0,0,0,0,0,0,0,0,0,0,0,0,0,0,0,0,0,0,0,0,0,0,0,0,0,0,0,0,0,0,0,0,0,0,0,0,0,0,0,0,0,0,0,0,0,0,0,0,0,0,0,0,0,0,0,0,0,0,0,0,0,0,0,0,0,0,0,0,0,0,0,0,0,0,0,0,0,0,0,0,0,0,0,0,0,0,0,0,0,0,0,0,0,0,0,0,0,0,0,0,0,0,0,0,0,0,0,0,0,0,0,0,0,0,0,0,0,0,0,0,0,0,0,0,0,0,0,0,0,0,0,0,0,0,0,0,0,0,0,0,0,0,0,0,0,0,0,0,0,0,0,0,0,0,0,0,0,0,0,0,0,0,0,0,0,0,0,0,0,0,0,0,0,0,0,0,0,0,0,0,0,0,0,0,0,0,0,0,0,0,0,0,0,0,0,0,0,0,0,0,0,0,0,0,0,0,0,0,0,0,0
"(114.02898802000531, 22.60937250088289)",0.08047394,-0.07978097,-0.03125272,0.018307386,0.310392,0.14744474,0.048251756,0.13331906,0.19497609,0.2356057,0.016050465,-0.1076121,-0.18908878,-0.08248474,-0.14800777,0.06894541,0.05005367,0.031717546,0.13001877,0.18019897,0.15055296,0.013916373,0.066785365,-0.1418415,0.0698048,0.06311439,0.060724355,0.065921694,-0.3512254,0.0005734265,0.048661668,-0.00020518899,0.41365403,0.14827637,0.20579976,-0.122779496,-0.16825882,-0.15872256,0.07044555,-0.049854524,-0.2876007,0.20728227,-0.14085999,-0.2428424,-0.1513427,0.06023945,0.15309149,0.004448902,-0.1862928,0.048625678,0.046695307,0.13530503,0.04184189,-0.17588428,-0.033159144,-0.059317928,-0.20997892,-0.035795175,-0.099702045,-0.37987995,-0.16427244,-0.09493672,-0.081166625,0.035935804,0.1605164,-0.38354427,0.07858944,0.02459288,0.17565976,-0.23149784,0.12986997,0.07935762,0.13839161,0,-0.033317618,-0.08149965,0.1395204,-0.032832526,-0.3068421,0.17035964,0.0013236813,0.00015255064,0.123322666,-0.32824957,-0.10061976,-0.21619332,0.06913619,-0.0572107,-0.22285792,0.019297369,0,-0.035782926,-0.05868832,-0.09160694,-0.093408726,0.15421928,-0.054648254,-0.080348775,-0.081094556,0.075554505,0.33691072,0.06568844,0.0008874573,0.094211385,0.27468997,0.00045222044,0.16253175,0.43189567,0.23960443,-0.07688123,0.23534149,-0.08499219,-0.05791203,-0.13626766,-0.19713086,0.15078986,0.046071745,0.3015831,-0.04293475,-0.23069222,0.42237294,0.016040308,0.097022705,0.25459754,0.12989323,0.09567356,-0.027281534,0.05668073,0.007299505,0.32466438,-0.42389527,-0.24995808,0.3378444,-0.083007075,-0.08286291,0.037776746,0.55199045,0.0046282373,-0.19206385,0.050620623,0.38934094,-0.0037338696,-0.048110098,-0.16447902,-0.034341313,-0.2547641,-0.07798252,0.13937333,0.34313047,0.40355802,-0.25178137,0.1114072,0.32814837,0.022392154,0.2751568,-0.13777687,-0.15400873,0.34085888,0.0018409565,0.22221513,-0.3503694,0.35647717,0.028359592,-0.16003264,0.17004757,0.03230799,0.22328605,-0.015264824,0.028473392,-0.24590167,0.07344035,-0.17425944,-0.18267313,-0.086337954,-0.1723548,0.047617026,0.13692968,0.21192496,-0.046192564,-0.12988031,0.29373264,0.091706954,0.04485963,0.099522196,0.052598484,-0.21769781,0.09672234,0.07119821,0.10203548,0,-0.052648846,0.11658605,0.14673777,0.102775015,0.25853515,-0.12920365,0.1230254,0.08252663,0.1573559,-0.040822268,0.007453246,-0.08558607,0.009662678,-0.042740352,0.061825834,0.0576746,-0.156123,-0.038699865,0.31055856,0.12800105,-0.10762699,0.021582594,-0.17199984,0.004625053,0.06320251,-0.11455658,0.07647791,0.13330844,0.11168326,-0.17952645,0.15370712,-0.19464913,0.53825897,-0.08980554,0.16065823,-0.18122672,0.35568613,-0.05629476,0.06465488,0.07475957,0.020859454,-0.09148646,0.041221015,0.27798834,0.1527737,0.16120513,-0.032349963,0.21266234,-0.36988652,0.27501503,0.012346178,-0.06497295,-0.052030012,0.14140297,-0.011261065,-0.25804022,-0.22336358,0.015064474,-0.09241066,-0.27226317,-0.22285154,-0.30284214,-0.1973763,0.21253261,-0.04974682,-0.007440351,0.08929321,0.26014078,-0.11465477,-0.19636062,-0.035692826,0.13852748,0.053889077,0.022285506,0.05388948,0.04508393,0.23825482,0.00631693,-0.24310765,0,0.037238523,-0.18649253,-0.3484887,0.29966894,0.050094053,0.18435141,0.16683494,0.10476507,0.12337173,-0.189478,0.19405194,0.2996384,0.26267684,-0.06711295,0.058329035,0.11827243,-0.19019791,0.03136315,0.21319984,-0.0370052,0.0027996115,-0.2502979,-0.26036364,0.03973628,0.22210655,-0.12016573,0.044273585,-0.3087556,0.011673657,0.19051057,0.034647964,0.091200955,0.085800916,0.05302185,0.21610197,-0.1383471,-0.12645458,0.18508287,0.035781298,0.12592208,-0.023209337,0.34153622,0.13036403,0.31102812,-0.32396573,-0.114275835,-0.26375726,-0.15977158,-0.1839788,-0.24405056,0.16002946,-0.023982976,0.22710183,-0.13326284,0.075066306,0.31806046,0.064948015,0.18472563,-0.078185916,0.118808836,0.061479222,-0.07951883,0.002198413,-0.07688196,-0.122449785,-0.16377142,0.13570477,0.30225575,0.24461728,0.08489855,0.16886386,0.07484498,0.20851925,-0.12508135,0.14497696,-0.116919085,-0.36678293,0.024011403,-0.19726124,0.13333678,0.10035874,0.109502465,0.06636007,0.13480616,-0.23323065,0.41245058,-0.08160061,-0.14553915,-0.10697866,-0.118320614,-0.06897422,0.005835617,0.020276813,0.25416175,0.02252771,0.19990516,-0.16594939,0.21801265,-0.32262745,-0.33727622,-0.111061074,-0.116409,-0.01644611,0.42497143,-0.36070296,-0.26843917,0.07084241,-0.045787293,0.039981846,0.25418302,-0.0049289055,0.122902796,-0.050055735,0.4365114,0.057867527,0.2166075,0.119725905,0.026167989,-0.10956356,0.041637577,0.14243445,0.08403836,-0.07902594,0.023636311,0.06894327,0.14516948,0.16837858,0.2648166,0.20444337,0.104219824,0.039256055,0.20758855,0.053468615,0.14193344
"(114.0291801094648, 22.648799992740503)",-0.006746009,-0.25946975,-0.11986247,-0.003517745,0.48443186,0.60953754,0.009639859,0.16273557,0.4433853,0.16861305,0.06405445,-0.49838883,0.0026638508,0.22590593,0.04446637,-0.11671446,-0.060173526,-0.28027955,0.28157246,-0.20211123,0.13500991,0.112170324,0.07087403,-0.41190454,0.10957758,-0.059667874,0.018309169,0.06745104,-0.12115151,0.029278465,-0.016768072,-0.15556876,0.3216038,0.22698355,-0.09417347,0.12928955,-0.15440714,-0.24325241,-0.07208119,-0.18121877,-0.16265988,-0.36204675,-0.22886214,-0.10115011,-0.06985849,-0.25438872,0.03213322,0.18650746,-0.14807433,0.062189624,0.03037557,0.107089,0.026316348,0.08238145,-0.09866714,-0.3940426,-0.22481197,0.15974483,0.15303569,-0.32928464,-0.23665799,-0.051005337,-0.06933883,0.25670362,0.17407586,-0.37547976,0.24356425,0.2826888,0.08257075,-0.12612256,-0.15971738,0.18090421,0.1775763,0,0.007451916,-0.08440384,0.021265466,0.11961288,-0.17585713,0.15922526,0.11933121,-0.027564496,-0.18741976,-0.22770713,-0.091215014,-0.30548966,0.063810974,-0.21300313,-0.35912287,0.13740811,0,-0.33572164,-0.06539979,-0.51665395,-0.4127078,0.2693722,-0.055126324,0.15231083,-0.019439613,0.14758189,0.5322803,-0.20134053,-0.1035884,-0.16567223,-0.22093788,-0.015628703,-0.105821386,0.3285337,0.027082816,0.15024467,0.015771743,-0.23503435,-0.13994934,0.23857957,-0.10650027,-0.006189703,0.024925003,0.20567888,0.19038716,-0.13235074,0.34247178,0.29786214,0.12566353,0.40576985,0.023596691,0.06037475,-0.0106383,0.0029444136,0.13644949,0.15504181,-0.079102635,-0.17191735,0.13854703,-0.16665155,0.158865,0.43190283,0.0038511641,-0.0846906,-0.21880111,0.21200766,0.18013585,0.049807314,-0.30840597,-0.13925017,-0.07142543,-0.63164395,-0.07990808,-0.0781858,0.22456492,0.33403873,-0.42155138,-0.021049835,0.076192275,0.09794926,0.1135384,-0.656885,-0.22853124,0.06115078,-0.19785678,0.14344992,-0.3915299,0.2850002,0.5540535,0.2504311,0.2874501,0.31845868,0.11248843,0.19429983,0.093978,-0.21375817,-0.006751856,-0.1987252,-0.5168258,-0.04105197,-0.30278224,-0.2621954,0.023974597,-0.008565816,-0.07173171,-0.022366695,-0.2741919,0.12374117,-0.06574104,0.18153632,-0.08510146,-0.1145217,-0.030281503,-0.11148576,-0.21375394,0,0.14328295,-0.00430049,0.07959373,0.0676065,-0.12220967,0.016989252,-0.33409375,0.036258608,0.06857166,-0.2867657,0.10232876,0.1389159,0.09705555,0.033377044,0.12905389,-0.105273664,-0.014012769,-0.15941758,0.33313024,-0.008611218,-0.1248249,-0.1249867,-0.16120327,0.2298495,0.59491956,-0.04296744,0.061119035,-0.09876541,-0.0040255263,-0.16664264,-0.019517079,-0.33635464,0.10476672,-0.15949784,0.09691745,-0.14381807,0.123262614,0.01823857,0.05167038,0.06474005,0.018029038,0.10903791,-0.24606353,0.22318183,-0.13903561,-0.18954787,-0.23600116,0.15648231,-0.13609888,0.11229669,-0.06554755,-0.11625686,-0.058714516,0.11888131,-0.28470576,-0.30191058,-0.353104,-0.20927252,-0.16719869,-0.5678474,-0.2073549,-0.24338777,-0.053210184,0.078888915,-0.2652999,-0.0847223,-0.027432494,0.359749,0.04647591,-0.10901287,-0.21750805,-0.21554193,0.1714992,-0.08438823,0.006538611,0.061461676,0.23901096,0.16146499,0.16587076,0,-0.09509845,0.09528405,-0.32774377,0.17782742,-0.17351663,0.18213966,0.11720686,-0.14162144,0.30751148,-0.25146943,0.19055493,0.26134193,0.16237685,-0.007544473,-0.03728087,-0.12705536,-0.3747499,0.050754923,-0.2723568,0.21684392,-0.043153618,-0.6636615,-0.09080061,0.5026081,0.024845771,0.23315105,0.01655248,-0.5036144,0.22497575,-0.09280571,-0.059791937,-0.092719465,0.043210227,-0.06513779,0.58417594,0.09222714,-0.26504052,-0.24194553,0.40347666,-0.12321177,-0.25373563,0.21384026,0.16290915,0.17297058,0.024663746,-0.343771,-0.15319026,-0.10586109,-0.2809297,-0.09789357,-0.2687531,0.038842764,0.49793273,-0.40245566,-0.2898393,0.48025358,0.37101445,0.21999966,-0.038286157,-0.020615727,0.13379234,-0.11741583,0.25428757,0.009451726,-0.24921325,0.022301577,0.06925356,0.06907529,-0.09594652,0.06338847,0.034662083,-0.07356731,0.21603318,-0.197401,0.37633073,-0.113812044,-0.42887476,0.36559314,-0.13400674,-0.016332276,0.021166932,0.012870099,-0.19704354,0.20193529,-0.33289465,0.26416573,-0.11723018,-0.33829534,-0.0045154914,-0.28892478,0.03531794,-0.09837704,0.2637443,0.025992917,-0.21661898,-0.045141637,-0.15658888,-0.047411162,-0.08702307,-0.3643111,0.043865554,-0.18670262,-0.24836132,0.49158046,-0.05875507,-0.062851876,0.32760164,0.29152086,0.0577243,-0.06376578,-0.08635284,0.2625178,0.18361348,0.62896156,-0.18577687,0.201314,0.24822317,0.06834664,0.0039548725,-0.28029272,0.27592534,-0.26642168,-0.09015648,-0.09873295,0.07880347,0.04760884,0.106563106,0.1664436,0.35450727,0.12167589,-0.112458676,-0.0117360875,0.2720975,-0.08385229
"(114.02925172035972, 22.638033271573264)",-0.042186998,-0.17113411,-0.09528868,0.012417199,0.4503845,0.5647665,-0.044663627,0.1192404,0.37094498,0.16265263,0.029141985,-0.4398541,0.12347734,0.2169253,0.088897906,-0.14434543,-0.00049491227,-0.21628726,0.199134,-0.21384531,0.032829247,0.08091567,0.032074623,-0.34844705,0.10829857,-0.048023067,-0.008259572,0.08712793,-0.0009136647,0.0075109378,0.0015958548,-0.10975914,0.25832137,0.12292838,-0.0832789,0.13374,-0.028568849,-0.23806728,-0.09286985,-0.16620022,-0.05439114,-0.34728852,-0.2512241,-0.0058280155,0.00621514,-0.2644615,-0.040721983,0.094265506,-0.117027536,0.057451136,0.03256002,0.119324565,-0.020541053,0.18497859,-0.1451596,-0.33815914,-0.13131958,0.26299736,0.17853189,-0.14774516,-0.11196548,-0.019591428,-0.08566862,0.18284477,0.11083202,-0.23255455,0.18342352,0.24851075,0.042679578,-0.035455074,-0.18720457,0.19488677,0.119479336,0,-0.046036445,-0.053432178,-0.025021013,0.09850579,-0.09202479,0.056445293,0.14617254,0.006249182,-0.15931319,-0.1879979,-0.010994453,-0.1265355,0.017477661,-0.19034293,-0.26613712,0.060279556,0,-0.33179978,-0.0002610013,-0.41875574,-0.33198667,0.22149962,-0.035249326,0.19617523,0.07600716,0.07708536,0.42125806,-0.22472715,-0.08990462,-0.19871919,-0.24258874,0.02573292,-0.06551464,0.23468038,0.010197499,0.17272241,-0.040452007,-0.16821155,-0.14738117,0.27857125,-0.06294202,0.013774113,0.0380148,0.19383362,0.18192226,-0.09602469,0.21935214,0.30855295,0.093700305,0.39483705,-0.06124223,-0.029619582,0.039233703,0.005203489,0.14024131,0.015939232,0.020824684,-0.07975515,0.00055528525,-0.14135808,0.10384453,0.38390878,-0.13620737,-0.03365459,-0.0856383,0.2025986,0.12994373,0.091535404,-0.21547487,-0.046159826,-0.124823876,-0.48812348,-0.03856346,-0.12580343,0.1517341,0.19152877,-0.2205499,-0.030934349,-0.0027442276,0.082380414,0.04829267,-0.5205277,-0.15487714,-0.06840995,-0.09573909,0.116602525,-0.24185416,0.2268815,0.47756237,0.2911375,0.19862048,0.41543356,0.0127473455,0.24287947,0.09745604,-0.18575552,0.0027026292,-0.082062505,-0.4670739,-0.013515778,-0.30610752,-0.21793666,-0.012530386,-0.06262247,-0.040686533,0.06901816,-0.29940483,0.0785336,-0.020232297,0.18891072,-0.04649674,-0.05843913,-0.09053253,-0.11645989,-0.1855003,0,0.15650234,-0.07629248,0.06914462,0.092921324,-0.21514949,0.13437735,-0.32435936,0.08290819,0.06421341,-0.26504305,0.083058715,0.1281819,0.07933874,0.081795335,0.060057953,-0.1521452,0.0396135,-0.123299435,0.26159108,0.03724777,-0.058205783,-0.098202705,-0.030275952,0.24395086,0.5470214,-0.0126603395,0.05437117,-0.119630255,-0.03814102,-0.16114587,-0.066345334,-0.25890175,-0.00450691,-0.01299246,0.062861726,-0.027946487,0.013371784,-0.017914223,0.0713464,0.08849719,0.04392809,0.14050086,-0.2373925,0.21556611,-0.14713186,-0.25781846,-0.20811489,0.0741663,-0.0763931,0.03759464,-0.101102374,-0.09261247,0.0146691445,0.12935242,-0.26471865,-0.220911,-0.3931526,-0.1539018,-0.1524798,-0.45492285,-0.15387142,-0.16547075,-0.0492779,0.06787717,-0.2340045,-0.02200716,0.06004536,0.29426128,0.05098269,-0.080964915,-0.20292565,-0.18409568,0.12535307,-0.06698484,-0.008260671,0.086242184,0.14546087,0.17418277,0.24066955,0,-0.025689468,0.17697151,-0.17796662,0.043843016,-0.11197719,0.14329213,0.138115,-0.23026101,0.2831153,-0.23856866,0.14449309,0.13704234,0.15647238,0.060397346,-0.06352261,-0.14892808,-0.34387475,0.05458587,-0.28924176,0.2105402,-0.06753245,-0.54472613,-0.053815454,0.46331728,0.001459688,0.3369291,0.0665488,-0.35364804,0.14275312,-0.06709811,-0.10005847,-0.09106241,0.020991856,0.0003349036,0.5532336,0.094180524,-0.1873243,-0.32953018,0.3980547,-0.16976804,-0.27275056,0.17341018,0.13926312,0.113975786,0.17419116,-0.2858519,-0.033228457,-0.07009493,-0.21960983,-0.041822694,-0.37572026,0.035467982,0.4133032,-0.282795,-0.25566313,0.381462,0.37989885,0.129133,-0.021821374,-0.033983275,0.07080424,0.01608465,0.18396828,0.07691824,-0.15143004,0.07430189,0.05020736,0.08381583,-0.11248775,0.013334706,0.041542046,-0.08485657,0.14769429,-0.11452536,0.24238363,-0.051696092,-0.3269668,0.36776036,-0.06398001,-0.013562992,0.04621015,0.03808735,-0.13773355,0.08849733,-0.19490987,0.14740604,-0.07975213,-0.28933796,0.044578753,-0.29155672,0.027393378,-0.037217095,0.27424794,-0.017028457,-0.23706767,-0.11640621,-0.07195315,-0.058409113,0.0024770657,-0.31020272,0.00837598,-0.10917168,-0.28328916,0.3949444,0.010923712,-0.08382441,0.3098002,0.36149037,0.026558075,-0.05221268,-0.11495778,0.22890669,0.1627824,0.51943755,-0.13718328,0.16817532,0.27192563,0.058158383,0.0024025291,-0.2789765,0.2566958,-0.25773132,-0.06964563,-0.12222326,0.1309275,0.013694757,0.10048303,0.15077713,0.26187402,0.0827691,-0.10403709,-0.032961383,0.27813193,-0.061923966
"(114.02934839523856, 22.616573902585888)",0.0790942,-0.101128936,-0.058302104,0.029412827,0.3476226,0.20456381,0.07547183,0.14286621,0.24604811,0.2281407,0.026495717,-0.16362129,-0.15692726,-0.036145218,-0.107805826,0.038031373,0.008939669,-0.062754266,0.12190445,0.052764285,0.09738151,0.010596765,0.0789695,-0.19427195,0.06683111,0.011368791,0.022849448,0.06729175,-0.2765684,0.030700326,0.04533977,0.004663527,0.2747666,0.14473666,0.14847066,-0.058452778,-0.14016154,-0.17701872,0.025138613,-0.046275172,-0.21285424,0.09702141,-0.1451955,-0.21802327,-0.09577505,0.010745587,0.09953884,0.032832365,-0.14887257,0.029741699,0.02148372,0.13333945,0.021208521,-0.09706339,0.02618254,-0.06788799,-0.1595965,-0.010505594,-0.0438342,-0.3391462,-0.1702239,-0.08111825,-0.06424924,0.08430049,0.14579199,-0.344739,0.13355994,0.049288895,0.14325792,-0.1884743,0.05034735,0.116655044,0.124448195,0,-0.040400423,-0.08248523,0.14081353,0.025770001,-0.24952331,0.14374748,0.026185494,-0.017871782,0.0704253,-0.26593262,-0.08743806,-0.15904066,0.051437974,-0.11502039,-0.20357662,0.057867825,0,-0.03211739,-0.039243676,-0.16576792,-0.15060267,0.07517348,-0.045386236,-0.0040127635,-0.06421224,0.076983035,0.28605542,-0.0033469126,-0.03929415,0.06154138,0.13812555,0.024466679,0.09591612,0.38572207,0.17289227,0.009801313,0.17450885,-0.11650629,-0.03418432,-0.04135807,-0.15958592,0.08722644,0.09321877,0.2716256,0.013567537,-0.15623765,0.3659042,0.06422559,0.09823726,0.24816534,0.103672676,0.10775943,-0.048296716,0.050318975,0.03917227,0.30186796,-0.32754123,-0.21736799,0.26672828,-0.093690105,-0.018126294,0.07140599,0.4204635,-0.013268534,-0.10681182,0.088229544,0.29201245,0.0081787,-0.075485975,-0.10539047,-0.012843043,-0.28682697,-0.09510348,0.107826754,0.2549588,0.3709549,-0.2317925,0.06838327,0.25957566,0.04219708,0.22655445,-0.18433878,-0.14663503,0.2872289,-0.014497168,0.20875229,-0.30976504,0.29363284,0.15329489,-0.052874792,0.20967264,0.08215104,0.17623083,0.057075307,0.046977416,-0.19044867,0.056585357,-0.120995045,-0.15744197,-0.044386968,-0.11902326,0.01686965,0.105325416,0.15251063,-0.05310688,-0.076939076,0.16817078,0.07656885,0.035113443,0.12468313,0.025542177,-0.15454671,0.0747128,0.034966744,0.044711262,0,0.004639566,0.0995604,0.10588693,0.07532412,0.1644811,-0.07208526,0.05618292,0.05672998,0.12535469,-0.0485041,-0.02349572,-0.044097513,0.02996737,-0.059092164,0.076260366,0.040319577,-0.08036272,-0.03288676,0.2612614,0.08767555,-0.10606663,0.059985586,-0.15159181,0.05885239,0.23704872,-0.036648005,0.08575329,0.039912783,0.096381806,-0.16923244,0.10867913,-0.15360588,0.40767354,-0.098011404,0.13119979,-0.118903995,0.2249543,-0.032006845,0.06027185,0.06201213,0.06913024,-0.024937559,-0.039803587,0.20770022,0.03848049,0.07645804,-0.051121805,0.16625923,-0.27147728,0.212378,0.06708054,-0.06605799,-0.042219087,0.09151493,-0.047239203,-0.207504,-0.27751803,-0.009021867,-0.08176074,-0.21528025,-0.18383163,-0.28565514,-0.13598318,0.1812634,-0.06845073,-0.016547464,0.08316263,0.24868636,-0.05432631,-0.09977388,-0.084724456,0.08268095,0.08902764,-0.008834384,0.01844516,0.030709606,0.18058942,0.06335567,-0.15217283,0,0.022465192,-0.11136855,-0.306506,0.26925725,0.02406086,0.16029993,0.16538407,0.04011805,0.12583977,-0.1617159,0.19930306,0.28086457,0.20687419,-0.058147132,-0.030134354,0.06705028,-0.19265193,0.035878096,0.08613883,0.012874277,0.016025174,-0.322037,-0.14772722,0.18405063,0.11458699,-0.043761544,0.0069322307,-0.2968319,0.049743325,0.1252812,0.0018038172,0.062440764,0.11675757,0.052343383,0.28230816,-0.0793116,-0.13608506,0.09599069,0.13742992,0.080148295,-0.029060114,0.25890768,0.13274196,0.24747144,-0.21648148,-0.15208377,-0.20669675,-0.102841355,-0.15917273,-0.19649306,0.06329151,-0.00619008,0.21038392,-0.16256362,0.018900402,0.32822537,0.11191461,0.16811031,-0.015788281,0.10002838,0.029714089,-0.09305166,0.045993976,-0.068356864,-0.10287082,-0.10686026,0.11283004,0.22374727,0.17293867,0.033261124,0.14166456,0.057893544,0.2158218,-0.12707499,0.18794101,-0.09221889,-0.30249566,0.09795515,-0.15761197,0.061829712,0.03618477,0.07764347,0.013494045,0.17014688,-0.23360541,0.316534,-0.09127802,-0.11999442,-0.045521133,-0.15174234,-0.009146646,0.002516145,0.057190046,0.20582077,-0.003548421,0.083803505,-0.16068763,0.12202804,-0.22238187,-0.3027594,-0.028104432,-0.08857424,-0.09535298,0.41173574,-0.26517084,-0.17674045,0.15624219,0.04130357,0.04191043,0.13493812,-0.062919244,0.15958664,0.00017424673,0.45369682,0.044551745,0.18412824,0.11879816,-0.010388068,-0.025321886,-0.020960722,0.17627802,0.018010408,-0.039299026,0.0068284273,0.0065738037,0.12691577,0.16960254,0.20503,0.22442746,0.11225669,0.014049325,0.19876432,0.069127195,0.077718124
"(114.02962341794274, 22.6367865748619)",-0.044785768,-0.14577726,-0.0809608,0.012620283,0.44022274,0.5356799,-0.043109022,0.11312525,0.34480587,0.17191915,0.018899255,-0.3977386,0.13041404,0.18765059,0.080921404,-0.13631257,0.02476497,-0.17878857,0.19061214,-0.1564751,0.036013402,0.081960194,0.024223506,-0.3306223,0.10419513,-0.038795598,-0.0022799298,0.097850405,-0.018429331,-0.0008113235,0.0074125715,-0.10129121,0.28029883,0.11231685,-0.06029506,0.111819476,-0.029144578,-0.2248735,-0.077026665,-0.16117391,-0.078718744,-0.30173272,-0.25226992,-0.005136274,-0.005837165,-0.2444944,-0.026918449,0.07413867,-0.12785345,0.059418082,0.044715986,0.117510706,-0.0099683665,0.15926479,-0.16857558,-0.31821153,-0.13000965,0.2666494,0.15587652,-0.14843503,-0.097840965,-0.023498917,-0.10681105,0.15611413,0.10490112,-0.23440096,0.15396906,0.22814366,0.04763013,-0.034719136,-0.16585171,0.18290776,0.115677044,0,-0.049157,-0.0563184,-0.03201105,0.07427893,-0.10178873,0.060939796,0.14105995,0.010342002,-0.13553672,-0.20482013,-0.0080516,-0.12668383,0.019874334,-0.17223427,-0.2666907,0.035875857,0,-0.32206818,0.0015562512,-0.38034776,-0.30115446,0.23148605,-0.034548424,0.17073028,0.07452784,0.057040457,0.42282304,-0.19641578,-0.071241796,-0.18742295,-0.18938947,0.02720441,-0.037238136,0.24382699,0.027282536,0.14043838,-0.020129547,-0.1502167,-0.15178588,0.2381888,-0.066512056,0.029415153,0.030310838,0.20053612,0.16072798,-0.11232343,0.2314937,0.28470325,0.09532825,0.38986036,-0.058480337,-0.041230276,0.044863034,0.007762503,0.13134661,0.017069384,-0.008102717,-0.07949841,0.0050104493,-0.13481158,0.06651062,0.35795373,-0.09406345,-0.020372692,-0.09350833,0.19375047,0.16067167,0.08303951,-0.19709644,-0.06050735,-0.131365,-0.46007717,-0.030590499,-0.12278652,0.17278728,0.19219646,-0.20221432,-0.013228372,0.0043755323,0.070526905,0.05067249,-0.48539647,-0.15218084,-0.054638393,-0.06812305,0.124042064,-0.24545053,0.24396047,0.41406077,0.25168294,0.17363518,0.409462,0.01287858,0.22486408,0.08668636,-0.20282434,0.0072962623,-0.07964975,-0.46379212,-0.015028529,-0.30497527,-0.20407763,-0.0019598454,-0.04418016,-0.04089859,0.058253594,-0.25105596,0.08127365,-0.016908899,0.17428586,-0.03238251,-0.072145715,-0.07988252,-0.106583625,-0.15852883,0,0.13116026,-0.0705777,0.07613648,0.10844071,-0.18661088,0.117505275,-0.2977063,0.09737695,0.06604891,-0.25811502,0.08087894,0.10776982,0.07066881,0.08137918,0.049592245,-0.15321341,0.020207778,-0.11239661,0.2631555,0.048701987,-0.047742292,-0.10112138,-0.029887762,0.22179669,0.48901793,-0.030872881,0.047694117,-0.09230957,-0.02833309,-0.16624287,-0.054118674,-0.25996193,0.028945075,0.0046642832,0.07312913,-0.036243767,0.038215145,-0.042357117,0.07925837,0.08662732,0.036867175,0.11747589,-0.20429412,0.22488889,-0.10702671,-0.22160491,-0.19878614,0.08519232,-0.10928172,0.043964364,-0.1260322,-0.09664812,0.02025103,0.14335215,-0.24556701,-0.22342658,-0.37975454,-0.1344792,-0.13993624,-0.4505303,-0.15937552,-0.16771108,-0.06285401,0.07797321,-0.2193912,-0.019036368,0.074314356,0.2987896,0.029127724,-0.1032187,-0.18050104,-0.14936343,0.11239292,-0.055118695,0.004788529,0.0968748,0.15522468,0.1577098,0.21198574,0,-0.020337105,0.15573817,-0.16846518,0.040981263,-0.08507517,0.14022702,0.14678644,-0.22160497,0.28270525,-0.23722714,0.14285457,0.13677356,0.16955552,0.060075574,-0.038061325,-0.13133447,-0.33535254,0.048371274,-0.23220038,0.18828142,-0.06662975,-0.5074217,-0.086542934,0.40408498,0.030817084,0.32087222,0.08249759,-0.33911327,0.11372393,-0.04307431,-0.08859915,-0.07699594,0.012766056,0.0023518652,0.52802163,0.07499076,-0.18220928,-0.2951329,0.35563493,-0.15428576,-0.26567352,0.19256145,0.1381419,0.12649292,0.15203448,-0.26785606,-0.04829371,-0.077134944,-0.21866311,-0.0555752,-0.3436066,0.028720386,0.4024781,-0.26206037,-0.21416429,0.36507997,0.3467573,0.13490455,-0.035331182,-0.028098807,0.07686964,0.025539929,0.16416556,0.082678996,-0.1403479,0.059317835,0.05351413,0.109416544,-0.083366275,0.028561171,0.055166908,-0.06795823,0.14176477,-0.112889245,0.21369794,-0.056157365,-0.33610338,0.3423117,-0.06476871,0.014910009,0.068987206,0.059537034,-0.11749588,0.06556179,-0.18057439,0.16119505,-0.0684496,-0.2853645,0.02496817,-0.26810312,0.010861032,-0.032456256,0.25878364,0.00066813454,-0.23308161,-0.084221885,-0.06524262,-0.03299718,-0.019694526,-0.30900478,-0.019098036,-0.10035058,-0.26850888,0.39293024,-0.0130477045,-0.10987817,0.28277236,0.33959737,0.020719398,-0.006861668,-0.10399668,0.21473214,0.14018634,0.505004,-0.12134003,0.17080244,0.26762548,0.071289,-0.028990999,-0.2539675,0.24372244,-0.22982006,-0.082488194,-0.120382,0.14554477,0.011580565,0.09192245,0.1633008,0.24712834,0.072383136,-0.09139159,-0.02856335,0.27495116,-0.043968752
"(114.02985712683508, 22.611410291943457)",0.098384455,-0.10460776,-0.022785194,0.023925388,0.38233137,0.23502643,0.07801831,0.13911128,0.2505992,0.22491102,0.02426283,-0.16160914,-0.055246666,-0.0372213,-0.06614004,0.061320547,0.03708875,-0.039792217,0.13970464,0.14045951,0.096284784,-0.002282842,0.062429644,-0.17911917,0.07790613,0.053221468,0.010751359,0.096215665,-0.29424703,0.028558232,0.028421562,0.0009045005,0.40594488,0.12650643,0.13308272,-0.09565182,-0.19691452,-0.1463414,0.020708378,-0.06280334,-0.2912967,0.094287045,-0.1477291,-0.22277349,-0.12310339,0.011989931,0.10701792,0.04435509,-0.15898056,0.047357544,0.064731374,0.13999298,0.047505833,-0.13690247,-0.07976308,-0.12001543,-0.19365302,0.021299638,-0.09566049,-0.2969539,-0.15589651,-0.07942474,-0.11448732,0.06922026,0.1620589,-0.37415838,0.07974832,0.08123663,0.15227564,-0.20423926,0.07869915,0.089210935,0.13419835,0,0.00056133606,-0.07703583,0.13200754,0.028970204,-0.23511294,0.12692791,0.0336758,-0.0056920275,0.07781236,-0.29785407,-0.073449865,-0.17655328,0.045341693,-0.112667315,-0.20348066,0.07697642,0,-0.11194142,-0.07405951,-0.17021696,-0.14447749,0.14346677,-0.03855346,-0.026134461,-0.0428003,0.03684153,0.35847574,0.0074604675,-0.0094472505,0.051662266,0.21257661,0.0015889555,0.09848862,0.41229594,0.17514563,-0.02663865,0.1571564,-0.05887478,-0.05025073,-0.054787494,-0.14821257,0.046384618,0.04270056,0.27296197,0.010116883,-0.2046294,0.32985258,0.025818897,0.08288524,0.26780882,0.09022366,0.0869938,-0.005827453,0.047078475,0.048479564,0.3012868,-0.36110815,-0.2231085,0.21499057,-0.09163285,-0.044018134,0.11222462,0.4529716,-0.026454482,-0.15877049,0.07535983,0.37287262,0.004644312,-0.09571852,-0.17714362,-0.08117106,-0.25971135,-0.093049794,0.15436225,0.29678237,0.32614052,-0.22283287,0.11155813,0.24944553,0.06760229,0.17970094,-0.23051903,-0.15317468,0.28866145,-0.028861396,0.2099198,-0.3043467,0.3054351,0.10966489,-0.08417933,0.16980238,0.11733028,0.18552223,0.006667003,0.08291744,-0.20220394,0.054486595,-0.16036679,-0.24285123,-0.057626605,-0.17751743,0.026348501,0.11332165,0.16791508,-0.014424689,-0.10878762,0.15534793,0.09746873,0.040540244,0.15148437,0.01054544,-0.16535006,0.06804323,0.026934272,0.025779404,0,0.0026342534,0.15710732,0.0781171,0.08742558,0.1868999,-0.08387726,0.03339482,0.06366018,0.15046658,-0.0826379,-0.010055544,-0.06859122,0.03383893,-0.04611949,0.09847942,0.007586539,-0.12832393,-0.056845263,0.26472783,0.115249075,-0.13798018,0.009280672,-0.20372392,0.02413255,0.17513388,-0.099880904,0.062798515,0.05071173,0.06661308,-0.1303607,0.14680646,-0.20590128,0.4134359,-0.08129802,0.12042716,-0.18329372,0.27256736,-0.065936536,0.08842931,0.07371591,0.040385444,-0.043676604,0.034184568,0.27457547,0.06908803,0.11116868,-0.06415394,0.18396598,-0.3078065,0.21494725,0.025221452,-0.06584901,-0.030093504,0.13554958,-0.04176824,-0.27977112,-0.2502552,-0.03288046,-0.06297266,-0.31491774,-0.1832549,-0.32550573,-0.16136207,0.17172503,-0.096856676,-0.04892493,0.07816517,0.3003014,-0.10476955,-0.1507073,-0.05871844,0.074717544,0.04748602,-0.018064253,0.012524422,0.07037291,0.21153015,0.026067749,-0.19727094,0,0.043849073,-0.13594817,-0.34239388,0.22731474,0.05694656,0.18339467,0.17467183,-0.002534818,0.17332548,-0.17567776,0.19841854,0.28558165,0.23375618,-0.03438274,0.0062719993,0.06856922,-0.22276875,0.033778753,0.056156993,0.022271717,0.010945525,-0.33970386,-0.24001274,0.10475896,0.21375957,-0.032380313,-0.01490177,-0.2976331,0.03220886,0.124633044,0.006746115,0.028347678,0.09502269,0.061736897,0.27158374,-0.13458498,-0.1336762,0.10223116,0.090801835,0.075157516,-0.060577262,0.32418624,0.12061474,0.22418894,-0.19170593,-0.14100114,-0.2504257,-0.1292524,-0.15653437,-0.2162255,0.059660748,-0.002932854,0.260407,-0.18139757,0.04813359,0.34471932,0.074173875,0.16210634,-0.017748656,0.117763266,0.033871483,-0.13418777,0.08298174,-0.06897746,-0.10968903,-0.1087027,0.10714662,0.2444864,0.1827159,0.079328865,0.13707095,0.06291704,0.21036348,-0.12632701,0.16143182,-0.09876974,-0.36924753,0.09461072,-0.14740878,0.054013435,0.07392302,0.07697171,0.006349385,0.1746426,-0.21607867,0.37889865,-0.071323425,-0.16139612,-0.091913365,-0.12320192,0.014473572,-0.040295996,0.092195004,0.19850042,-0.0127829015,0.08449952,-0.11427755,0.14619233,-0.24190012,-0.2995051,-0.0667825,-0.07049208,-0.08423295,0.43986902,-0.27121598,-0.173624,0.112598725,0.037510384,0.012374882,0.19750823,-0.07358639,0.12461163,-0.01983092,0.4927452,0.0003395304,0.17367901,0.10836957,0.08473687,-0.060470834,0.011751725,0.14459181,-0.018805593,-0.02861385,-0.014438078,0.065198936,0.11669772,0.1107747,0.19926606,0.22338516,0.066315904,-0.023796324,0.19939157,0.092969,0.08442122
"(114.03014659637768, 22.60973849981736)",0.06799603,-0.10750833,-0.044097662,0.019153388,0.36686563,0.22692393,0.083210856,0.15311188,0.25730678,0.23970923,0.019608133,-0.1753961,-0.12659526,-0.052811015,-0.11987657,0.059816014,0.037467003,-0.032248326,0.15357429,0.14414842,0.17408592,0.02698641,0.09692646,-0.2075173,0.05313344,0.048443746,0.06278423,0.10226151,-0.3373999,0.017357588,0.03900711,-0.000496991,0.40400875,0.16933286,0.17487854,-0.11367715,-0.19616729,-0.14362992,0.0724546,-0.0853871,-0.31224102,0.13115683,-0.13049857,-0.26071265,-0.14977968,0.043311357,0.14077912,0.037470486,-0.18152505,0.040191665,0.059485108,0.13233764,0.04866496,-0.1828692,-0.031734906,-0.09711054,-0.23406099,-0.02266591,-0.1135235,-0.3683298,-0.16381761,-0.089462556,-0.11811353,0.06836121,0.17184266,-0.40240258,0.109482996,0.047736656,0.17099701,-0.20335288,0.11059644,0.07197089,0.13523127,0,-0.010425752,-0.06155986,0.11996132,-0.0039053261,-0.30472055,0.1713975,-0.014142621,-0.010437913,0.07330069,-0.28537786,-0.111463085,-0.23558426,0.053990647,-0.05830299,-0.22691667,0.042885367,0,-0.05471795,-0.059427656,-0.17866157,-0.1508109,0.17678282,-0.024357896,-0.07643145,-0.08869805,0.07002844,0.36108643,0.042876534,-0.013276134,0.073390946,0.25408894,0.00028681755,0.12191881,0.43028158,0.20841415,-0.057067454,0.23372902,-0.10268359,-0.058308274,-0.12061656,-0.17766649,0.07966873,0.036915332,0.27192494,-0.002073966,-0.2188321,0.4063725,0.01920748,0.087415956,0.27230674,0.15468012,0.10368179,-0.038514014,0.053747125,0.016150244,0.316453,-0.37609753,-0.24590419,0.3268804,-0.065328695,-0.03282027,0.06525293,0.5171212,-0.030495364,-0.20917158,0.08371302,0.3653137,-0.009234078,-0.11717893,-0.17258951,-0.024445072,-0.27691868,-0.08097563,0.15149382,0.31366193,0.39667547,-0.30068687,0.100693695,0.29781577,0.029961005,0.20875506,-0.22913043,-0.22258514,0.3509677,-0.029476143,0.20380999,-0.358572,0.3330796,0.08521288,-0.09657012,0.19895492,0.094194666,0.21899755,-0.04447496,0.07070355,-0.21996512,0.051013812,-0.18838309,-0.23148763,-0.088495076,-0.13430929,0.026203886,0.118304476,0.20855436,-0.057311356,-0.11645079,0.21672367,0.11253216,0.021219391,0.09346184,-0.0043170378,-0.16976523,0.08135384,0.033169955,0.034860685,0,-0.024245838,0.14447683,0.11625665,0.09948188,0.24164397,-0.16975021,0.04945623,0.0413113,0.12035595,-0.035850868,0.026505528,-0.048177272,0.025956934,-0.03362374,0.10790493,0.05845423,-0.14939822,-0.06862654,0.29258785,0.09046207,-0.120284125,0.023924014,-0.20031855,-0.0014888486,0.1406529,-0.09943074,0.07382499,0.107327946,0.11070188,-0.16124803,0.16942151,-0.23587225,0.46733296,-0.1416097,0.15922914,-0.19160274,0.31849435,-0.06921858,0.07227701,0.06215407,0.06295331,-0.077716246,0.016574817,0.26793623,0.094607204,0.15742353,-0.05362748,0.22830045,-0.34570348,0.2245338,-0.009393498,-0.06785724,-0.06763944,0.12253529,-0.038043845,-0.31474748,-0.23204866,-0.020124365,-0.065147795,-0.33152413,-0.19301486,-0.3232851,-0.1510003,0.18905607,-0.07690104,-0.027138837,0.05965098,0.28066057,-0.10953672,-0.14296006,-0.068177655,0.08435518,0.07066709,0.000790447,0.043769296,0.034897517,0.26287055,0.030547872,-0.21608841,0,0.0024166703,-0.16083764,-0.36052826,0.3148161,0.045698397,0.17872727,0.15988602,0.059941683,0.16315278,-0.15009516,0.22795276,0.3372585,0.24623033,-0.072345495,0.054929066,0.07516719,-0.22333278,0.026685078,0.16169643,-0.0045764428,0.011782799,-0.33365667,-0.24863815,0.102238186,0.18664679,-0.084449254,0.035985827,-0.3335192,0.040705785,0.16813521,0.027813857,0.06467131,0.10102002,0.03239304,0.261582,-0.13036238,-0.16413207,0.17057562,0.064298525,0.08029278,-0.03992093,0.3118379,0.12635641,0.28943157,-0.29766977,-0.14179277,-0.27148843,-0.14968613,-0.21903849,-0.23125002,0.15064153,-0.015703809,0.23145583,-0.17103621,0.04512448,0.34805754,0.049250625,0.22647752,-0.021332698,0.09123021,0.09099373,-0.12701194,0.06696824,-0.06364353,-0.14205208,-0.15172905,0.11534454,0.26235345,0.21533018,0.12652197,0.14175549,0.08390684,0.22714122,-0.15166153,0.18160611,-0.12483393,-0.3776076,0.06542207,-0.16700828,0.09574674,0.097094074,0.098802045,0.005978957,0.19465706,-0.25777486,0.42354184,-0.09115278,-0.13839994,-0.109281875,-0.09595604,-0.039625786,-0.018037504,0.058804467,0.24183148,-0.01109229,0.15522504,-0.17157313,0.17167005,-0.28276268,-0.3208344,-0.071276866,-0.107805885,-0.07501609,0.43502334,-0.2978888,-0.2010883,0.09051174,-0.024353277,0.048248786,0.21963586,-0.03977977,0.12285498,-0.031391956,0.4570172,0.003256075,0.21780972,0.10200568,0.07000573,-0.088293746,0.021281049,0.14389801,0.03856355,-0.05576369,0.022906482,0.023383535,0.12931602,0.11233341,0.25351992,0.21622945,0.11483531,0.020238888,0.21347243,0.08312081,0.11673092
"(114.03122402405576, 22.56858498934448)",0.017588947,0.057527147,0.1846776,-0.08689173,0.104005046,0.24355663,-0.47269708,-0.079006,0.012460545,0.068148054,-0.08435357,-0.07357861,0.28990892,0.052999206,0.030899309,-0.07035866,0.32659376,0.38574323,0.17880012,0.4043555,0.11609898,0.01949231,-0.18865022,0.13892706,0.15930872,0.22464834,0.10609413,-0.020099781,-0.043509703,-0.22031346,0.009238906,-0.13891658,1.0246809,-0.05881709,0.058588196,-0.08708621,0.075833485,-0.106632695,-0.07518074,-0.08545461,-0.2183601,0.10891426,-0.36822352,0.12879029,-0.16528404,-0.19479351,0.09526576,-0.09168169,-0.32040858,0.16482021,0.19863248,0.09339176,0.08831033,0.07253127,-0.702621,-0.458037,-0.19536892,0.45158383,-0.022638414,0.11579405,0.17229223,0.003550754,-0.13850088,-0.097740725,0.06542422,-0.18940806,-0.28878748,0.206673,0.0805503,-0.18538867,0.08262851,0.006438339,0.15140024,0,0.013699243,-0.008265909,-0.11853661,-0.19358954,-0.114732,-0.07817519,0.15124093,0.16882886,0.038036715,-0.4328488,0.13954554,-0.277304,-0.010720409,0.10653486,-0.23117173,-0.22862428,0,-0.58632106,-0.0073199943,0.07863072,0.10584552,0.6431376,-0.11801181,0.0395398,0.23439814,-0.10979484,0.59028494,0.11127991,0.047129054,-0.24905524,0.18006395,-0.06324658,0.25425157,0.219906,0.21761176,-0.26039922,-0.026557192,0.19992435,-0.23165685,0.048844874,-0.17474242,0.3335247,-0.3526561,0.17097709,-0.19923368,-0.4386176,0.14450806,0.14635071,-0.008255606,0.31219488,-0.20464395,-0.2828136,0.35104507,0.008401256,0.03795179,-0.15347138,-0.1895628,-0.0025532935,0.023738906,-0.15176162,-0.27053225,0.33611327,0.08621905,0.14123054,-0.32476935,-0.03311982,0.61128896,0.12115848,0.05181633,-0.27453277,-0.49553382,-0.16343203,0.1452065,-0.07465249,0.5905601,-0.040187158,0.0707954,0.14365795,0.20702772,0.06702772,0.21964718,-0.24268731,0.017358825,-0.17854841,-0.006048791,0.079824656,-0.0899477,0.45481876,-0.116209805,-0.20334893,-0.22230375,0.2965491,0.16007213,-0.0048306137,0.099007174,-0.48136884,0.10677632,-0.19111437,-0.6170018,-0.17837054,-0.745879,-0.070198804,0.071271196,-0.00071026466,0.15300992,-0.22398391,0.14716318,0.040423386,0.108190894,0.06645465,0.25130796,-0.34496582,-0.17612866,0.05806443,0.010475025,0,-0.11083631,-0.08208021,0.23253085,0.26834583,0.04224985,0.18989506,-0.11364883,0.31239092,0.30081362,-0.38175407,0.29886577,-0.13995042,-0.05626172,0.30580097,-0.005021386,-0.27435693,-0.23599215,-0.034925625,0.35879427,0.32892534,0.09511108,-0.42450866,-0.011871178,0.07625865,-0.3777223,-0.45392954,-0.1143768,0.25225434,-0.2175355,-0.15399684,0.01723067,-0.37004408,0.38181075,0.41040626,0.11879127,-0.20389558,0.4879774,-0.039521493,0.14266561,0.19768608,-0.28140008,-0.119236976,0.22834562,0.64899415,0.40180618,-0.12604249,-0.1555106,0.17744827,-0.4116966,0.29142174,-0.40185976,-0.048927613,0.1651062,0.52771753,-0.03834868,-0.33663195,-0.04579909,-0.0041170903,-0.124906056,-0.74218297,-0.30306092,-0.10759607,-0.30896991,0.06082564,-0.24031219,0.04166933,0.2357232,0.23886518,-0.1944119,-0.66552293,0.08720245,0.15259352,-0.23194994,0.056121722,0.19215475,0.2225174,0.3424821,-0.12341857,-0.0014453456,0,0.23271286,0.049971014,-0.084994964,-0.28099215,0.19856137,0.12188604,0.16054907,-0.20309593,0.26606205,-0.4343044,-0.102761045,-0.10392401,0.33371395,0.20881158,0.38243142,0.10057067,-0.32178918,0.060793433,0.052695528,-0.021541348,-0.20490374,-0.06577007,-0.73021346,-0.26590875,0.63646066,0.28146955,0.41102684,-0.16795711,-0.09593446,0.14762753,0.082165204,-0.18440571,-0.28926563,0.08855416,0.1530699,-0.15694582,-0.050523486,-0.15538126,-0.14187327,-0.029923446,-0.34827545,0.6211943,-0.010981269,0.18839462,0.10183863,0.012465276,-0.0039601624,-0.33948076,-0.1998485,-0.22030252,-0.17331721,-0.04568563,0.5435299,0.013613209,-0.01336994,0.17435677,0.30672958,-0.11558269,-0.3874861,-0.00051675737,0.071399584,0.2802697,0.0008772835,0.09326155,-0.17580053,-0.02363395,0.12731901,0.37616664,0.10502397,0.1929321,0.22133815,-0.11095057,-0.066088825,0.15261549,-0.13167612,-0.056997076,-0.5943321,0.04507057,-0.1380872,0.3264904,0.42697486,0.21852009,0.29522765,-0.35102916,0.13497958,0.40542442,0.11177118,-0.5162588,-0.14741406,-0.2877897,-0.20381793,0.012811461,0.18804903,0.014506763,-0.18867782,0.25824648,0.21366817,0.48336068,-0.32958683,-0.3886186,-0.62688637,-0.08933415,0.19714093,0.35451958,-0.26096785,-0.5700995,-0.12870207,0.17895572,-0.08002108,0.57909065,0.14842446,-0.006131854,-0.040444486,0.39840177,-0.1545181,0.2160395,0.39527377,0.3773601,-0.44565663,-0.0038252408,-0.08420106,-0.02104628,-0.28787667,-0.18781072,0.6895466,0.08117132,0.023388326,0.39621353,-0.037765726,-0.123073995,-0.032175448,-0.19844624,0.21835679,0.2029288
"(114.0315817440995, 22.606281306173884)",0.07625547,-0.12464553,-0.04298289,0.026078595,0.38775113,0.21851571,0.09258692,0.15822253,0.24638417,0.23934896,0.029809028,-0.186224,-0.13615593,-0.058556557,-0.0930091,0.07899116,0.02463372,-0.036091797,0.13334979,0.12973787,0.14035767,0.021207094,0.09971509,-0.2151457,0.079382375,0.059716273,0.051832624,0.09820685,-0.34862435,0.031132504,0.04491114,-0.0053423643,0.41239804,0.18026471,0.1882154,-0.1053872,-0.2057721,-0.18022682,0.08939429,-0.07348375,-0.29763854,0.117529266,-0.122856736,-0.26213145,-0.13656652,0.05606345,0.126413,0.037595328,-0.15751663,0.06182377,0.06937006,0.14728318,0.041027997,-0.17712742,-0.020723246,-0.08509691,-0.23138875,-0.05031178,-0.09888245,-0.38408455,-0.18067925,-0.09281464,-0.120736435,0.063907355,0.18426134,-0.42058435,0.12940288,0.050138306,0.17865136,-0.21266322,0.12322157,0.06956859,0.14377409,0,0.0050265137,-0.074543625,0.1446908,-0.00019685924,-0.2993059,0.17127872,-0.017125268,-0.012009531,0.085249096,-0.3099178,-0.11437799,-0.21243139,0.06906463,-0.07461975,-0.21316317,0.0544502,0,-0.060047783,-0.06590668,-0.17285587,-0.15121299,0.17401645,-0.039382227,-0.080767825,-0.095574,0.08885825,0.36868408,0.025786527,-0.00977556,0.08791922,0.27293688,0.012008265,0.11290543,0.44437784,0.23160948,-0.029158808,0.23959962,-0.09401809,-0.07705567,-0.10232035,-0.17370683,0.082714915,0.036192518,0.30349413,0.01093699,-0.22227821,0.40265697,0.017565148,0.09317209,0.2776518,0.13181391,0.11468078,-0.03682151,0.05571326,0.026493587,0.31942138,-0.39589277,-0.2571523,0.3172808,-0.07960699,-0.046914876,0.076094,0.5337521,-0.021217275,-0.19820012,0.09793203,0.3843012,-0.0060792156,-0.11630678,-0.16962606,-0.0346001,-0.2548653,-0.08894131,0.15102601,0.29326344,0.3870552,-0.3112763,0.10005353,0.3102736,0.03313993,0.21038993,-0.22454299,-0.21590242,0.35880435,-0.03681604,0.21943714,-0.34128636,0.32445946,0.09316433,-0.09285043,0.19841802,0.103821166,0.20607668,-0.02804926,0.08767009,-0.2219393,0.0665866,-0.2163578,-0.21290523,-0.09861654,-0.15980953,0.037328556,0.11518066,0.22435176,-0.040906645,-0.09940272,0.20716089,0.0980893,0.025683824,0.13591036,-0.009282626,-0.16321939,0.08746813,0.044151902,0.0533505,0,-0.01915697,0.14645007,0.117845446,0.08779153,0.2360836,-0.14719887,0.07415116,0.05749938,0.15268643,-0.03422896,-0.00031796284,-0.06280267,0.034428883,-0.033228762,0.072031185,0.047462344,-0.15099742,-0.09344959,0.30846766,0.11588048,-0.12809606,0.019310927,-0.21567142,-0.0015820106,0.16277385,-0.07932593,0.08955826,0.09369788,0.12635231,-0.1602208,0.17279325,-0.22324972,0.50394386,-0.1447818,0.15434346,-0.20679517,0.30515978,-0.08102301,0.05497005,0.08740485,0.03653239,-0.041680653,0.01065733,0.2887591,0.10371168,0.135699,-0.039984647,0.21403432,-0.35118097,0.24691865,0.03068019,-0.04961791,-0.06786615,0.13215134,-0.049330074,-0.32455692,-0.25551045,-0.025209751,-0.0954931,-0.31049788,-0.1989404,-0.32853094,-0.17754428,0.21312468,-0.069147,-0.018946745,0.06652541,0.30535373,-0.10807837,-0.15063778,-0.06428058,0.06667795,0.061505463,0.0050145388,0.02770881,0.070908904,0.24129298,0.017731681,-0.22914025,0,0.01799748,-0.17588516,-0.39523393,0.34047988,0.0163861,0.20023984,0.18643041,0.065274954,0.14854944,-0.17693678,0.22582678,0.33456436,0.26909143,-0.058267757,0.016815182,0.089924976,-0.23677456,0.034926888,0.15050833,0.0023541842,0.03091054,-0.34633315,-0.21640849,0.075872675,0.19706842,-0.0898441,0.008829238,-0.34242254,0.022783322,0.16769253,0.00087585486,0.06608567,0.11272322,0.025625274,0.25645876,-0.1327504,-0.1316113,0.15523234,0.075931445,0.06708028,-0.05309003,0.31084958,0.14429773,0.28873935,-0.30358207,-0.1552275,-0.27418756,-0.13579412,-0.20837426,-0.22740394,0.12383561,-0.006040871,0.23169498,-0.18221271,0.03013549,0.34471238,0.06250135,0.22004996,-0.030613335,0.10936633,0.094116226,-0.13617855,0.057631172,-0.08330762,-0.1455071,-0.13961819,0.1094369,0.2846009,0.2159769,0.1003529,0.12620407,0.072728716,0.22033733,-0.14934318,0.173946,-0.12688138,-0.38251588,0.062294938,-0.17194763,0.07614659,0.07162398,0.08222227,-0.0053616464,0.1917159,-0.27315906,0.42348757,-0.10424126,-0.1405948,-0.09229294,-0.092488945,-0.04221025,-0.012083074,0.07047208,0.25325498,0.01589593,0.15742555,-0.18362153,0.15376432,-0.30249733,-0.32597384,-0.0736625,-0.114162825,-0.06522097,0.43912277,-0.33704862,-0.19304542,0.091343895,-0.027232815,0.039520938,0.2201878,-0.042556424,0.12803078,-0.038391046,0.45041645,0.035662457,0.19968794,0.09969891,0.06699485,-0.06196396,0.037301823,0.14581242,0.026051797,-0.024452224,0.043723956,0.021858104,0.13091913,0.14133312,0.22599083,0.23665819,0.11149095,0.012706723,0.23618028,0.08035674,0.12827909
"(114.03158600949108, 22.61468393336772)",0.1061487,-0.13816008,-0.02334886,0.033465445,0.41923198,0.26228637,0.09361802,0.14866368,0.2645789,0.2647099,0.010221869,-0.19090891,-0.033325106,-0.033749573,-0.083750814,0.0390015,0.020469561,-0.046690248,0.18129279,0.18127452,0.20698017,0.008394095,0.07312722,-0.23141426,0.054936502,0.055496488,0.029905654,0.111316614,-0.35075033,0.029385537,0.035887364,-0.018214121,0.47948045,0.19714493,0.15643394,-0.099625885,-0.24358493,-0.1214204,0.07843359,-0.08726318,-0.34741497,0.06688791,-0.15958759,-0.24946731,-0.16338177,-0.034133643,0.15007702,0.07018407,-0.20840663,-0.00097009353,0.07515973,0.12810886,0.051702287,-0.18268862,-0.0884156,-0.16145363,-0.254969,-0.015302874,-0.10038273,-0.3460874,-0.18000045,-0.10466921,-0.16694973,0.112218395,0.16916633,-0.40541017,0.07109473,0.09764816,0.14720407,-0.23685504,0.11203926,0.054288626,0.1470696,0,-0.006011104,-0.052898463,0.12159765,-0.011363611,-0.33422405,0.19862074,-0.012774367,-0.02303861,0.041100856,-0.30895537,-0.09916879,-0.26743168,0.063996956,-0.117380254,-0.2586975,0.051160716,0,-0.1447671,-0.09549681,-0.26542538,-0.1614922,0.18483613,-0.04331366,-0.074524626,-0.09577211,0.03234433,0.4237887,0.046620637,-0.03896686,0.06088508,0.24172239,0.004549384,0.116363436,0.46404392,0.22578196,-0.079527915,0.17314078,-0.1086503,-0.061907887,-0.11325132,-0.15010631,0.03522574,0.0736077,0.28876278,0.0027112886,-0.25620553,0.3850603,0.030038046,0.10677786,0.3090546,0.1218509,0.100248426,0.0019867904,0.040980134,0.03253091,0.35225284,-0.37853387,-0.22523631,0.29427236,-0.10134838,-0.046023577,0.16257766,0.49109352,-0.06727871,-0.21869665,0.086705826,0.39026564,-0.010915771,-0.19448623,-0.18523121,-0.09452293,-0.3197964,-0.097078,0.17462078,0.347086,0.39165092,-0.2886336,0.106143616,0.25485468,0.022383168,0.15355255,-0.33449805,-0.23509187,0.33004102,-0.055883728,0.23472191,-0.38340488,0.3188568,0.12304091,-0.101262,0.20809497,0.13715826,0.2097438,-0.044772208,0.102715746,-0.22839461,0.050300814,-0.18862058,-0.29413822,-0.08298245,-0.2149262,-0.009314537,0.11877385,0.19588882,-0.02235341,-0.15566698,0.18365659,0.120063506,0.024111088,0.11698751,-0.043717526,-0.18313986,0.07105936,0.012334151,-0.006873317,0,-0.01429785,0.18630046,0.09172089,0.086032756,0.20933995,-0.18906385,-0.02221401,0.019039549,0.099221796,-0.08900849,0.04336673,-0.05057642,0.036933545,-0.04330153,0.121599555,0.023410782,-0.21183889,-0.06544608,0.30456707,0.0986592,-0.16081955,-0.0050072167,-0.2561617,0.008125418,0.17756751,-0.12311463,0.051397204,0.10677116,0.07540545,-0.14252928,0.1857553,-0.28062448,0.4725254,-0.15629828,0.15306672,-0.20331152,0.3641154,-0.09366601,0.0705217,0.056910425,0.015910883,-0.10266216,0.044069152,0.29511145,0.08114128,0.16061585,-0.08432466,0.22789797,-0.3338376,0.21619222,-0.05455839,-0.09385701,-0.078628995,0.14907919,-0.08725099,-0.36563402,-0.23760687,-0.055763256,-0.05233565,-0.40389508,-0.19859514,-0.35018912,-0.17099796,0.17089342,-0.13788182,-0.06007038,0.038558006,0.35211682,-0.12097868,-0.18978229,-0.091584265,0.040531836,0.065961674,-0.03309191,0.034602728,0.052501153,0.26661193,0.06346206,-0.23047423,0,0.006093882,-0.12679343,-0.3779601,0.2880527,0.068674274,0.19081858,0.17692612,-0.01749124,0.19641152,-0.21029916,0.22705549,0.33712938,0.23932269,-0.059906885,0.02459735,0.066040896,-0.23621367,0.010097798,0.06805591,0.019381287,0.0048565157,-0.3784731,-0.31848204,0.071140915,0.22990936,-0.06881821,0.035415515,-0.37370452,0.057536483,0.14248112,0.022274526,0.049726777,0.08402636,0.012818232,0.3022843,-0.141611,-0.17471968,0.13527906,0.089370355,0.09181111,-0.083536625,0.32521075,0.123228475,0.22474413,-0.2798754,-0.14791495,-0.32756066,-0.1598846,-0.22217539,-0.23463377,0.115389,-0.0019341782,0.30322042,-0.24309689,0.032476224,0.3989447,0.04811094,0.24207275,-0.030790383,0.09352028,0.08500765,-0.16993402,0.11350914,-0.0636868,-0.12546703,-0.15092197,0.118525736,0.24964096,0.1816026,0.12688594,0.13838267,0.08906164,0.24625415,-0.16452727,0.20885535,-0.13077393,-0.374159,0.11547713,-0.17259023,0.09842175,0.09504901,0.10523367,-0.023774609,0.21466473,-0.26049343,0.46530202,-0.103432655,-0.21472496,-0.09503094,-0.14674519,0.0048082694,-0.044637524,0.11249639,0.22812626,-0.010186948,0.11879045,-0.15921962,0.1756718,-0.29783097,-0.35798532,-0.07711507,-0.13246834,-0.09534816,0.51981056,-0.28016832,-0.17128299,0.1267184,-0.01099835,0.020657841,0.21751948,-0.047385637,0.11553934,-0.029596314,0.53354967,-0.056448422,0.26663473,0.087002225,0.1195448,-0.13761896,0.025551341,0.15056908,-0.0381914,-0.045936972,-0.004751146,0.05911515,0.09943462,0.113051556,0.22114232,0.24690786,0.047048148,0.0025828518,0.19200942,0.0987923,0.09726081
"(114.03246034009707, 22.61697449134348)",0.044881713,-0.10380766,-0.08608219,0.022093868,0.32536235,0.22679652,0.09430812,0.14981264,0.2619378,0.22698887,0.021272823,-0.1910558,-0.17172682,-0.01355391,-0.13608477,0.039402086,0.013014868,-0.074112765,0.14154278,0.044620175,0.13646358,0.040955223,0.10883226,-0.20054883,0.051792596,0.004916521,0.05157935,0.0844001,-0.26866648,0.035303116,0.04995902,0.0065637976,0.23490164,0.16175622,0.15505928,-0.06473098,-0.13487229,-0.15035094,0.043946605,-0.07387645,-0.21718305,0.10245549,-0.1188602,-0.22620231,-0.09841095,0.044432737,0.12188403,0.028307315,-0.13130337,0.035369948,0.0064118505,0.122703016,0.023010857,-0.11690697,0.05117234,-0.046369877,-0.18532777,-0.013543345,-0.06339526,-0.36306608,-0.17562333,-0.079979055,-0.058939565,0.08026162,0.15118599,-0.33925378,0.16504014,0.031290818,0.14670686,-0.16698213,0.049832605,0.11235645,0.11203251,0,-0.058636762,-0.059600104,0.1309955,0.033757858,-0.24684396,0.16001877,0.010377061,-0.0224621,0.057311404,-0.23617987,-0.10875122,-0.18033452,0.04872801,-0.07662703,-0.19697213,0.0427386,0,0.008857384,-0.031191163,-0.1542301,-0.16775951,0.10365756,-0.009207054,-0.020962298,-0.07396529,0.089476675,0.28306118,-0.003066346,-0.022789259,0.08098611,0.15849786,0.010324195,0.08667496,0.36432463,0.16112442,-0.0003554523,0.21726589,-0.139707,-0.043785013,-0.063577466,-0.1531115,0.09885843,0.07908553,0.25494394,0.03045515,-0.1267358,0.40274483,0.06403316,0.09887775,0.24677724,0.15021785,0.1001925,-0.08965711,0.053187244,0.033419944,0.2850334,-0.299477,-0.22541343,0.30726123,-0.034499742,0.018615149,0.034746043,0.42544663,-0.00073308125,-0.14757204,0.08636417,0.240323,-0.005968556,-0.08316919,-0.09950923,0.045335677,-0.27223477,-0.07921145,0.096383244,0.21984355,0.40196317,-0.261805,0.06693632,0.24280041,0.034086347,0.23496479,-0.18656051,-0.1833746,0.30886063,0.0018981174,0.19488747,-0.32684985,0.29081696,0.1435493,-0.02178317,0.2189212,0.07239373,0.17321835,0.028753057,0.027653202,-0.169813,0.035193674,-0.119764164,-0.15925832,-0.05865094,-0.06353834,0.009415157,0.11493017,0.15917814,-0.09808036,-0.04407248,0.16147341,0.10896089,0.007896531,0.090645544,0.008175708,-0.14112899,0.078507915,0.018501846,0.015665967,0,0.0012277123,0.09419476,0.112435155,0.077452704,0.17356718,-0.13363144,0.05471684,0.046556726,0.07485646,-0.009179801,-0.00275548,-0.011326879,0.025344573,-0.029105285,0.08805239,0.07086192,-0.06855592,-0.04032059,0.2553682,0.046258926,-0.093356416,0.05394847,-0.13098234,0.056566626,0.21063301,-0.028681621,0.091081075,0.06510662,0.1057867,-0.17162678,0.10813944,-0.18696967,0.38272926,-0.13502806,0.12370764,-0.11578418,0.22503044,-0.02246924,0.058316648,0.04265769,0.11682244,-0.05272847,-0.055022683,0.1829933,0.023880884,0.1088635,-0.046256106,0.1795024,-0.27518183,0.19426882,0.034422316,-0.06515954,-0.057069406,0.040007785,-0.03230009,-0.21727642,-0.25429955,-0.005931318,-0.08004264,-0.23199879,-0.16611683,-0.27705193,-0.116190836,0.1808233,-0.03605827,-0.0152512565,0.061496973,0.20508054,-0.05447109,-0.06284278,-0.08464788,0.07727399,0.11575343,0.0017390177,0.024967473,-0.0072758943,0.19185176,0.051815346,-0.13928756,0,-0.016427673,-0.11941553,-0.29992566,0.30513132,0.0062354356,0.16553736,0.13718757,0.09023389,0.13425404,-0.10248494,0.2115077,0.30562004,0.1938346,-0.0954169,0.017840404,0.045672387,-0.1748429,0.029818479,0.14018713,0.0130768735,0.009675574,-0.3178118,-0.13161966,0.22054505,0.07577614,-0.07245879,0.023209708,-0.3136535,0.054195225,0.14373228,0.026683697,0.092557654,0.11965354,0.04054351,0.2664218,-0.069837205,-0.16620734,0.12591122,0.11669962,0.04488784,-0.02564479,0.21791352,0.13664648,0.30087134,-0.24440114,-0.16094363,-0.1992333,-0.09299412,-0.18878648,-0.18112081,0.10693079,-0.01224748,0.18778262,-0.14892292,0.015924074,0.31991178,0.10811543,0.19561863,0.0020468521,0.092542484,0.064432815,-0.0757712,0.036210172,-0.05281856,-0.12124303,-0.13701704,0.115233175,0.22170027,0.18524495,0.079927474,0.12808064,0.06714488,0.20286259,-0.14895771,0.17814524,-0.09719145,-0.30715236,0.09482128,-0.15175316,0.059930053,0.048404854,0.076594695,-0.00934127,0.18504196,-0.24205288,0.317265,-0.098466694,-0.0731332,-0.07551453,-0.10642198,-0.024469629,-0.0069110896,0.021580396,0.2149664,-0.021473162,0.09900704,-0.18646553,0.11130543,-0.21434645,-0.29181355,-0.018188618,-0.09685057,-0.09774246,0.37694505,-0.24407934,-0.1775618,0.13159609,0.0154580735,0.06369521,0.13462783,-0.04109927,0.15013576,-0.01574523,0.39334288,0.04153625,0.191709,0.11474912,-0.022877797,-0.0028181076,-0.031075995,0.1826209,0.034911856,-0.0642564,0.025399044,-0.023868687,0.10912994,0.14295493,0.23643337,0.21782047,0.16169177,0.028978948,0.20540074,0.07599194,0.082812354
"(114.03276964275204, 22.764651098043394)",0.14463855,0.1345893,0.06657015,-0.025374325,0.17037733,-0.00029072538,-0.18670832,-0.0034562536,-0.10160084,0.23718168,-0.11059834,0.089034915,0.0540677,-0.16103786,-0.21966067,0.10773446,0.28849095,0.32348162,0.018804831,0.419734,-0.0954478,-0.15216582,-0.10951898,0.2584824,0.1405276,0.1858026,-0.051220797,0.045773868,-0.21031651,-0.07318027,0.058795825,0.13245034,0.57724154,-0.1704557,0.2689677,-0.29177037,0.019470356,-0.07974188,-0.15150656,0.010178365,-0.25154573,0.5452126,-0.3140456,-0.15764901,-0.1084759,0.1300474,0.10916491,-0.25179046,-0.2278623,0.08233377,0.01222828,0.19694282,-0.01128969,-0.065327406,-0.35664213,0.0008549653,-0.10265993,0.30353308,-0.16858134,0.014881454,0.07930268,-0.053320594,-0.06675494,-0.2279946,0.0736755,-0.2126301,-0.19738738,-0.049670234,0.15294804,-0.27795276,0.12111627,0.13456148,0.039935566,0,-0.22995748,-0.047506463,0.1458457,-0.040818326,-0.0931786,-0.104057975,0.15853335,0.09654017,0.31505108,-0.4565456,0.09666443,0.053626433,-0.108367294,-0.023457102,-0.05311816,-0.12943375,0,-0.11874438,-0.015131816,0.32642263,0.14661428,0.10918842,-0.024871599,0.06319286,0.23303576,-0.21600206,0.1973637,0.08527287,0.065628335,0.0775518,0.40319514,-0.041309297,0.34084398,0.33072296,0.20847021,-0.20287561,0.103931196,0.17782298,-0.0416675,-0.10665404,-0.2310484,0.28568727,-0.006664081,0.32553434,-0.23741004,-0.27399373,0.23116566,-0.07790884,-0.030254416,0.19765851,-0.050134175,-0.16437641,0.09554544,0.06470682,0.024945758,0.16319166,-0.4820834,-0.19228838,0.074536055,-0.10591353,-0.2553832,-0.13866518,0.53112066,0.17082334,-0.040731076,-0.17927676,0.49553594,0.07806182,0.31576097,-0.12712744,-0.28146136,0.12112461,-0.03460785,0.19781609,0.40829992,0.17360017,0.32433027,0.22598383,0.28645355,0.1481756,0.3792196,0.22981784,0.12610643,0.13646331,0.26471472,0.21451963,-0.07849324,0.39977357,-0.26656324,-0.31187624,-0.12902535,0.052421883,0.161815,0.025533482,-0.008447304,-0.28314328,0.09076378,0.07488929,-0.14683951,-0.067285776,-0.30515552,0.25781667,0.20796783,0.08681811,0.02927173,-0.1031655,0.41741806,0.053148814,0.20744976,0.1477003,0.31383148,-0.3279799,-0.038603596,0.11536722,0.15942292,0,-0.09383322,0.10358759,0.11300115,0.18550625,0.22623873,0.11992518,0.29936725,0.27163196,0.2567523,-0.062198743,-0.057083935,-0.2811694,-0.10935847,0.0805047,0.04979897,-0.08662133,-0.19017513,0.13135979,0.20245463,0.30277857,-0.04925996,-0.01710854,0.0022602007,0.031610817,-0.3473977,-0.26631302,-0.0037546027,0.1482546,-0.12506759,-0.19095968,0.10431431,-0.12995033,0.5232612,0.38635984,0.008877415,-0.049565114,0.3559486,-0.018481018,0.17480072,0.13012442,0.12582213,-0.23621091,0.26756054,0.46177337,0.34545732,0.13236104,0.016949143,0.077249676,-0.46723044,0.2925558,-0.04019717,-0.053079635,0.19192614,0.1776831,0.23602837,-0.13024548,-0.28521854,0.16542313,-0.0361617,-0.18658338,-0.20538408,-0.36225808,-0.34753412,0.1953419,0.010813452,0.0136984065,0.3671722,0.06470608,-0.27512926,-0.39707768,0.07635396,0.444233,-0.16957262,0.030188322,0.0036703162,0.026873488,0.08771317,-0.11930591,-0.3301003,0,0.32755655,-0.19147158,-0.14445643,-0.14947718,0.39329398,0.18632984,0.2005654,-0.03126617,0.10462687,-0.19290271,0.04225796,0.037253503,0.30672815,0.030161932,0.14342357,0.17371923,-0.11903724,0.055719573,0.22344373,-0.12036537,-0.13465586,0.029632397,-0.54183775,-0.12273025,0.46281168,-0.01715552,0.12264837,-0.016122445,-0.21349736,0.32134008,0.046501145,0.056304872,-0.01325671,0.38696438,0.043301255,-0.36548367,-0.04640248,0.11103307,-0.17428222,0.12465265,-0.06702785,0.528396,0.0048037022,0.33063787,-0.02202718,0.056129985,-0.0424117,-0.22938669,-0.0030527823,-0.3048155,0.054886624,-0.08252041,0.16976917,0.17533773,0.3285469,0.20004357,0.14226034,-0.20563832,-0.106927276,0.2697194,-0.25905654,0.20784877,-0.18971786,0.013068611,0.05024957,-0.20641103,0.18445507,0.47519904,0.38516843,0.03188389,0.37569413,0.10771371,0.04700984,0.1004075,-0.26525235,0.028072283,-0.34272823,-0.07016656,-0.15507215,0.14465271,0.24288313,0.16684851,0.40893978,-0.14339274,0.16351,0.38598287,0.035074815,-0.08096394,-0.19001716,-0.24978003,-0.018016212,0.022179851,-0.078926995,0.18899946,-0.008320905,0.03794016,0.120777376,0.508068,-0.28465807,-0.36507565,-0.4323164,0.11941933,0.06484443,0.3508307,-0.38841107,-0.5808431,-0.09670663,0.08347015,-0.11602612,0.5171444,0.1638229,-0.019549396,-0.22328684,0.39763635,0.13757297,0.16835584,0.22729708,0.050686985,-0.12017009,0.11061829,0.033734508,0.14102384,-0.19432704,-0.08267449,0.36815155,0.15058087,0.17876129,0.40977532,-0.052304924,0.008523364,-0.01706336,0.24179393,-0.0054718778,0.36156613
"(114.03282507167695, 22.5467183811621)",-0.0405157,0.05663585,0.030549865,0.025061114,0.2154439,0.20800151,-0.12425828,-0.01885916,-0.015167713,0.24878986,-0.11764443,-0.13055752,0.17693943,-0.011986323,0.086391725,-0.06664073,0.20317507,0.1940431,-0.05560742,0.10772529,-0.12390218,0.04216141,-0.12535003,-0.041142136,0.18832943,0.040482953,-0.0607683,0.0720653,-0.056049332,0.056304023,0.16376218,-0.056214496,0.2509878,-0.04362505,0.2061941,0.14533316,0.1357728,-0.21569656,0.08673601,0.018396132,0.14273906,-0.0088253245,-0.31708694,0.13612995,0.08417442,-0.12563403,0.013244659,-0.15916441,-0.062168576,0.09015989,0.039594263,0.110524945,-0.059167083,0.21345355,-0.12240844,-0.010760058,0.023371458,0.2810619,0.1891103,-0.007930331,0.049722973,-0.040988646,-0.15823463,-0.09488876,-0.010680534,0.012988545,-0.012844533,0.033605542,-0.01879412,0.0052576996,-0.014861934,0.09599656,0.036908057,0,-0.21914208,-0.021917816,0.044557426,-0.15217641,-0.028922811,-0.010424398,0.09556155,-0.0057225376,-0.025314752,-0.29189453,0.09944828,0.08065212,0.064463764,-0.0942784,-0.06662605,-0.28246233,0,-0.21546423,0.0840414,-0.002194753,0.038484,0.054023575,-0.05310016,0.14387433,0.123759665,-0.162459,0.18831542,-0.06296686,-0.07197112,-0.016918331,0.109062985,0.13527323,0.1295417,0.12190001,0.2679174,0.04231561,0.05230791,0.044974875,-0.27295193,0.10610089,-0.088039055,0.2702241,0.036545414,0.280023,0.011954486,-0.11634301,0.1609434,0.19069064,0.12944303,0.24883923,-0.2736311,-0.23067388,0.12359756,0.01739524,0.09774243,-0.12647721,-0.023675384,0.051435135,-0.054266334,-0.14400613,-0.22538394,0.16557162,-0.048210748,0.21423307,0.06730275,0.055713363,0.1913942,0.114601105,-0.0540711,0.10633624,-0.23324046,0.043023594,0.07119697,-0.14931755,0.0814449,0.018149534,0.23595095,0.023020871,-0.108728275,-0.0013668984,0.15680036,-0.16857496,-0.019883275,-0.15468222,0.16859272,0.20437057,0.038223967,0.11067575,0.058395445,0.07212067,-0.11335199,0.35510302,-0.18967326,0.29744112,0.003063187,-0.25006548,0.07094858,0.11662877,-0.06363322,-0.044849426,-0.2986161,-0.06187637,0.08930276,-0.024154708,-0.010529302,0.19034836,-0.02263629,0.003895484,0.04804555,0.12782592,0.13362041,-0.030516114,-0.084009215,-0.026170181,0.041158542,0,-0.020759646,-0.18850264,0.14860189,0.1348004,-0.21385312,0.13302234,-0.027904049,0.31168368,0.09949845,-0.051529355,-0.02032152,-0.066182524,-0.023271957,0.25303632,-0.23736657,-0.29551804,-0.07763079,0.016389415,0.20670521,0.16421774,0.116338536,-0.13686624,0.033096306,0.22846301,0.11187322,0.0672924,0.021921767,0.034202702,0.031440787,-0.24791661,-0.1117713,-0.09890414,0.25834194,0.28521478,0.019647557,0.09443432,0.052238856,-0.09089553,-0.025227852,0.16134846,0.015509654,0.016960915,-0.093519785,0.32871273,0.070694715,-0.24953851,-0.046963226,-0.048534572,-0.14834015,0.03772912,-0.15552193,0.0027945135,0.13364297,0.1905075,-0.09613404,-0.14442658,-0.3956859,0.057839874,-0.1304178,-0.10395791,-0.12137579,-0.038716257,-0.25354028,0.2031866,-0.010720432,0.08420964,0.28308198,0.2476274,-0.059715822,-0.19296756,-0.08564646,0.07375785,-0.054660577,0.019244663,0.00880317,0.17974713,0.0112570375,0.1548352,0.13475499,0,0.13329892,0.109547235,0.03343689,-0.021345973,0.1257008,0.15778548,0.2410081,-0.2678547,0.03162869,-0.24526554,0.011858252,-0.078318,0.2143893,0.15818784,-0.047171917,0.06268089,-0.14916094,0.00654367,0.03031598,0.08544688,-0.002055388,-0.09193061,-0.06298697,0.011941493,0.11066476,0.2724836,0.2736424,-0.11204519,-0.19640842,0.1595306,-0.10961599,0.05029811,-0.09689282,0.08695719,0.28967196,-0.0021182615,0.036417235,-0.294413,0.10571098,-0.122723676,-0.34823477,0.049406853,0.12656343,0.12884995,0.08011983,-0.04533533,0.14491595,-0.0091028735,-0.10121851,-0.033236153,-0.29162997,0.04580891,0.19511093,-0.06796397,-0.0030907616,0.16988051,0.32147112,-0.032728195,-0.14358197,0.1116541,-0.008072827,0.2995344,-0.11746984,0.08174924,0.05633712,-0.031115577,0.064028494,0.3448626,0.0593364,-0.07502219,0.14628819,-0.049284644,-0.06665017,0.03984624,-0.19800349,0.021235414,-0.13308424,0.1999281,-0.022548474,0.14397769,0.023497436,0.13252358,0.15489589,-0.27474004,0.094237156,0.011197287,-0.039614256,-0.083000705,0.12177906,-0.29238313,-0.08298155,0.108003505,0.10871048,0.110384054,-0.050531484,-0.008250638,-0.0123607665,0.114287496,-0.14837036,-0.32280895,-0.3360624,-0.006132787,-0.08158201,0.31506398,-0.20876196,-0.2735502,0.13875465,0.23041226,-0.10637419,0.22674613,0.0577376,0.06775515,-0.07921427,0.1714661,0.14691642,0.14397256,0.25520936,-0.052482545,-0.104898155,0.014807078,0.12073042,-0.10108367,-0.13104467,-0.030900583,0.20697701,-0.08464058,0.2310994,0.15022898,0.06188879,-0.03323285,0.04811733,0.037952065,0.19388497,0.20948845
"(114.03291516374446, 22.553598073284565)",-0.061848827,0.047567382,0.09226042,-0.039981343,0.19377398,0.27038908,-0.28188834,-0.021816012,0.035267606,0.15753222,-0.07676108,-0.16324818,0.15961182,-0.0034677759,0.08887457,-0.046256084,0.2665723,0.27300343,0.021048117,0.19227912,-0.04986801,0.061573125,-0.13910174,-0.0154669285,0.20077214,0.13190253,0.042306893,0.040761366,-0.097469226,-0.061378263,0.09036957,-0.11797434,0.62518704,-0.06831857,0.14986494,0.0546296,0.09331916,-0.24250562,0.040234458,-0.047288075,-0.0051432177,0.031737544,-0.33025888,0.10347793,-0.02683311,-0.11617071,0.027386792,-0.12489647,-0.16191675,0.18994647,0.13480979,0.12154037,0.0060454197,0.14227425,-0.33155796,-0.20704296,-0.08724272,0.34227908,0.10699025,-0.010027371,0.10227552,-0.009210713,-0.13911556,-0.122684225,0.053266726,-0.124909885,-0.08509384,0.10808864,0.06136187,-0.040808577,0.043408312,0.063614726,0.10496531,0,-0.07461075,-0.038569007,-0.04004344,-0.18039313,-0.07129015,-0.055770643,0.10398154,0.078314155,-0.010346983,-0.35584188,0.093512565,-0.083012015,0.050014824,0.037258975,-0.14841592,-0.24525157,0,-0.36913323,0.05771357,0.009066382,0.027954362,0.3418199,-0.079287566,0.08625279,0.15787332,-0.09128596,0.37896135,-0.01629024,-0.01944707,-0.13526753,0.16882823,0.048295468,0.16079363,0.17760053,0.265437,-0.037523247,0.08475151,0.12493224,-0.30191997,0.090509675,-0.18617494,0.30704433,-0.20200457,0.23408735,-0.050626755,-0.28111863,0.17099577,0.1715298,0.053915296,0.28942904,-0.23702137,-0.24301875,0.2283606,0.021037977,0.054513954,-0.17789033,-0.10809918,-0.01118868,0.005142317,-0.17746323,-0.24190497,0.22829588,0.03099946,0.18105845,-0.13808298,0.044801973,0.42460257,0.14080125,-0.026661858,-0.088601954,-0.33237508,-0.06473169,0.113417305,-0.12109491,0.30910832,-0.019402986,0.07020171,0.06932323,0.07387878,0.04833533,0.20487604,-0.22704154,-0.050275564,-0.14352119,0.042550765,0.119944975,-0.0200108,0.2752528,0.0014357418,-0.024890695,-0.16089846,0.35109183,-0.024491014,0.16239883,0.054372296,-0.3776129,0.093024686,-0.08704999,-0.31008956,-0.13136765,-0.47263795,-0.06325142,0.062849775,0.020700593,0.0536808,0.041957766,0.027620917,0.012831628,0.06522252,0.10652734,0.18282434,-0.12512884,-0.120346196,0.017390708,0.061999638,0,-0.04770033,-0.18674415,0.20989075,0.21282917,-0.08280504,0.17703618,-0.055349827,0.3358577,0.2624546,-0.16794258,0.11806077,-0.090017796,-0.027389284,0.2972327,-0.15910237,-0.29853648,-0.12620346,-0.07879242,0.31086957,0.24511573,0.11195484,-0.26527867,-0.002631057,0.14793977,-0.07305444,-0.14379673,-0.010043854,0.104490295,-0.0074786097,-0.22912341,-0.055625368,-0.20724742,0.32638794,0.32120723,0.0957751,-0.08779237,0.2202806,-0.07139269,0.034627385,0.21732506,-0.102921635,0.029091027,-0.0070741503,0.5133561,0.22212674,-0.24795538,-0.09424685,0.07360849,-0.27955008,0.14452025,-0.23092127,0.020345064,0.13911276,0.38497716,-0.08626586,-0.28107044,-0.28108433,0.012155857,-0.16357076,-0.4044845,-0.21495977,-0.06075506,-0.27994233,0.1763484,-0.105911605,0.08758103,0.26496336,0.28570867,-0.12299934,-0.3698061,-0.02095756,0.081012614,-0.1440144,0.052958146,0.09160136,0.23769009,0.21118802,0.039154112,0.10425798,0,0.16406882,0.041777752,-0.07415651,-0.06543034,0.10306078,0.16196805,0.20426753,-0.23616122,0.12042854,-0.318981,-0.0021855999,-0.05553206,0.32192147,0.21524194,0.15307792,0.08486021,-0.2947011,0.052521925,0.07317716,0.060689606,-0.05929703,-0.1261718,-0.28189152,-0.093741976,0.33242843,0.31419998,0.32288936,-0.14384732,-0.15054624,0.16354354,-0.07342427,-0.08624667,-0.17784607,0.08421923,0.27718258,-0.06496313,0.015903179,-0.25347778,0.016013395,-0.09461705,-0.36602905,0.31525537,0.08334506,0.1863373,0.04989551,-0.029484518,0.103066474,-0.17380969,-0.18573406,-0.122113876,-0.2534644,0.012904225,0.33469704,-0.044120923,-0.047085308,0.1865657,0.32012746,-0.03903526,-0.24364084,0.052667856,0.071064964,0.275766,-0.05289281,0.075648025,-0.09971914,-0.008406989,0.06818963,0.3862748,0.08212177,0.04848026,0.16073844,-0.106259294,-0.05809304,0.07852988,-0.15568785,-0.031306736,-0.39359215,0.11588895,-0.066428594,0.21802048,0.18725471,0.14794885,0.21601659,-0.302743,0.057752244,0.18810065,0.025327094,-0.25007665,0.008128591,-0.26585954,-0.18872085,0.0818241,0.16914661,0.08707165,-0.11765928,0.16220799,0.058975704,0.25326017,-0.23728956,-0.34876686,-0.45677206,-0.040823855,0.027625378,0.31379485,-0.2762775,-0.40044725,0.009617712,0.21019037,-0.07780647,0.3747346,0.07517247,0.05200893,-0.02878929,0.2773892,0.03338784,0.12964498,0.33751443,0.12875777,-0.2438527,0.011087633,0.026808076,-0.0417922,-0.18097635,-0.07000348,0.38425672,0.025373533,0.12960231,0.2706942,0.027452722,-0.032561373,-0.0008410625,-0.04661718,0.23737153,0.23837256
"(114.03340435383105, 22.73077331097824)",0.116246894,0.14843945,0.024681445,0.09973028,0.25572354,-0.12609376,0.17900376,0.04870921,-0.037959084,0.3018185,-0.09829332,0.1881695,0.040207833,-0.25062218,-0.008844972,0.068689525,0.13874818,0.095420204,-0.17016368,0.17619058,-0.2470431,-0.061310455,-0.006265305,-0.02116011,0.07001996,-0.06696549,-0.14343756,0.12708619,-0.11972675,0.13619961,0.18608539,0.17802168,-0.20230387,-0.031358242,0.29706836,0.010316307,0.079247415,-0.11521855,0.08148338,0.16480374,0.032195814,0.25214803,-0.1596443,-0.046604566,0.10386296,0.11348613,-0.00042519718,-0.17334749,-0.008854888,-0.019324569,0.010436982,0.1150009,-5.504489e-05,0.029860213,0.119225375,0.32284793,0.18215144,0.04758308,-0.023626033,-0.061091468,0.0026699193,-0.072263785,-0.20140056,-0.110044196,-0.03374874,-0.055663235,0.02400529,-0.18374783,0.017772675,-0.018109549,0.028608404,0.08638217,-0.016135618,0,-0.16969095,-0.08899675,0.19851567,-0.05209025,-0.019054666,0.0047305673,0.039832305,-0.07417763,0.18506089,-0.20797065,0.055759925,0.25699934,0.008268625,-0.16515994,0.075569555,-0.1477941,0,0.19675824,0.106339194,0.1728847,0.1353021,-0.3216576,-0.024642356,0.06788634,0.012525568,-0.2051447,-0.12648882,0.058020376,-0.02290449,0.17909977,0.23800097,0.21514311,0.17896596,0.19144776,0.18874994,0.044340562,0.13205943,0.052683305,-0.008544594,-0.07470953,-0.007593423,0.07993309,0.24480145,0.26453543,-0.052766945,0.04298498,0.14374246,-0.05363141,0.12569283,0.027581364,-0.109740786,-0.005035192,-0.07212573,0.059597395,0.090601884,0.17845452,-0.22168875,-0.0018454436,-0.037191004,-0.050112,-0.2511521,-0.18683398,0.33092827,0.17784065,0.33959433,0.083929546,0.15943766,-0.021924172,0.13175865,0.1305373,-0.0190112,0.24782217,-0.059309475,0.023278248,-0.050531156,0.112907596,0.31329727,0.06494963,0.02729109,-0.024147108,0.09471452,0.22893104,0.034192875,0.16513899,0.31543756,0.274688,0.07346396,0.05706854,-0.1301977,-0.09796077,-0.017089874,0.15537253,-0.13877016,0.22469197,0.017200515,-0.08792331,0.091035046,0.2262487,0.3241415,0.10383786,0.14688662,0.17358772,0.13170515,0.10282445,-0.036798574,0.11362209,0.24273764,-0.051979132,0.07620183,0.124527775,0.14148691,0.009265069,0.09392404,0.05453983,0.19236882,0,-0.084599175,0.06693197,0.016150506,0.069653325,0.038419105,0.04082592,0.2602427,0.18148798,0.04193454,0.13211185,-0.292001,-0.18917993,-0.015163691,-0.06730297,-0.13463125,-0.09445301,0.034277588,0.17900555,-0.013966255,0.1203387,0.100510344,0.20965417,-0.04136523,0.05762756,0.2046859,0.22719078,0.060874358,-0.030457221,0.15157011,-0.18500215,0.028167289,0.16139583,0.34167808,0.1865071,0.040995706,0.15472254,-0.13844915,-0.1768112,0.03481052,0.050870635,0.17210501,0.011554773,0.02729099,0.031603903,0.028197333,0.051793724,0.10731016,-0.049286216,-0.18013941,0.048122495,0.17418554,-0.022685988,0.12053257,-0.0013894811,0.104010165,0.077201255,-0.36725098,0.20713831,0.086640544,0.399575,-0.014967494,-0.18033147,-0.10353373,0.21999125,0.15791428,0.044585817,0.32094583,0.16452019,-0.04190819,0.055893444,-0.0026254803,0.30843452,-0.0010247976,0.022209693,-0.04348198,0.12253913,-0.13028154,0.09447694,-0.16114157,0,0.14139444,-0.04327406,0.055240303,0.08416033,0.28758577,0.036837287,0.33111405,-0.11996476,-0.06779911,-0.027193416,0.097053096,0.052241977,0.10166153,0.022088632,-0.25337926,0.16371766,0.032996386,-0.022795876,0.2178794,-0.07851882,0.14638118,-0.008212417,0.081358835,-0.029811725,-0.026312754,0.029491311,0.042089164,0.04923921,-0.26662937,0.18260646,-0.04270938,0.1652421,0.15950263,0.118843004,0.07339224,-0.070768565,0.049353007,0.08461246,0.0021857955,0.03475198,0.01649544,-0.026027154,0.12967941,0.07467537,-0.011811584,-0.025964223,0.026349306,0.15435606,0.08618519,-0.10871794,0.015003189,0.02271688,-0.14551422,0.055696547,0.31162205,0.047855355,-0.025883578,0.010588348,0.07584834,0.17973566,-0.12958314,0.06943853,-0.13906595,-0.030900253,0.22071119,-0.04395981,0.04872427,0.25554705,0.23487568,-0.15223803,0.19200498,0.1639188,0.05967278,-0.0008745026,-0.15114646,0.032503136,0.060290698,0.042354267,0.016734548,0.030304391,-0.09946577,0.14710386,0.13648331,-0.07283423,0.07989024,-0.064327225,-0.03090448,0.18247461,0.112368025,-0.056129456,0.076954976,0.12572922,-0.047097683,0.2398988,0.115272105,-0.10046398,-0.0466806,0.01518989,-0.09111148,-0.10840233,-0.10897348,0.17946425,-0.124296345,0.23933527,-0.22761756,-0.07770716,0.16065694,0.10261373,-0.09154387,0.18674918,-0.109441236,0.080320895,-0.15949798,0.12382406,0.3499759,0.011945505,0.014564075,-0.1143278,0.093597606,0.15190683,0.10066124,0.07563648,0.055091128,0.04367709,-0.12733686,-0.017856784,0.21050589,-0.0045818817,0.05648967,-0.013863523,0.11239186,0.30174375,-0.013736021,0.11620096
"(114.03361694792268, 22.612456167705453)",0.08582933,-0.14267913,-0.06385551,0.037694663,0.4172022,0.26012248,0.1480452,0.1724752,0.2799649,0.27466622,0.026717275,-0.20899186,-0.114197195,-0.038486026,-0.11487439,0.07114458,0.0025657415,-0.06593811,0.16233154,0.14825352,0.17847699,0.008590264,0.09417827,-0.22751734,0.05938324,0.062053766,0.02528543,0.12590633,-0.38892582,0.057779744,0.034525994,9.762496e-05,0.40995443,0.17254688,0.17744902,-0.11965857,-0.26856402,-0.12993468,0.08507697,-0.100861296,-0.3354774,0.11263076,-0.120153785,-0.2930878,-0.15313697,0.034880176,0.1539771,0.054896962,-0.16329242,0.016403722,0.03745368,0.14613546,0.02647794,-0.20470577,-0.0020452812,-0.08540538,-0.26181298,-0.05697482,-0.113319635,-0.39438224,-0.21505438,-0.1066204,-0.120692715,0.08732803,0.18669908,-0.39798576,0.118061274,0.06940283,0.17147861,-0.22388427,0.12275752,0.08295978,0.13497242,0,-0.037023343,-0.055350285,0.15395722,0.01807841,-0.3210117,0.19797447,-0.012604523,-0.029463127,0.0726295,-0.29784077,-0.12497461,-0.21566567,0.07164146,-0.11615925,-0.23201013,0.08909102,0,-0.0652663,-0.105238535,-0.23755671,-0.18491384,0.12174718,-0.015126604,-0.08019903,-0.10187029,0.06265274,0.37166545,0.010574423,-0.015304919,0.11672741,0.27915335,-0.013529614,0.10747619,0.46856284,0.22346418,-0.039452493,0.21691522,-0.12032404,-0.063448325,-0.12700516,-0.17330593,0.04217715,0.10503348,0.31434372,0.037208237,-0.22139964,0.40796012,0.011622978,0.10629444,0.31113356,0.16329682,0.121281356,-0.045111027,0.05082407,0.023685448,0.37439585,-0.40608895,-0.27315685,0.30973345,-0.07015916,-0.013834253,0.09720259,0.5369821,-0.06580849,-0.21639448,0.060315974,0.34605792,-0.004240621,-0.16563162,-0.17262143,-0.027053177,-0.29726386,-0.11557569,0.21204583,0.29729033,0.42725992,-0.29907078,0.11907268,0.25337422,0.041916072,0.18846424,-0.27892715,-0.22248405,0.37018004,-0.038282774,0.23457201,-0.39610314,0.2972698,0.117164046,-0.08323154,0.23120083,0.08655258,0.2021303,-0.03703603,0.05703056,-0.17953396,0.0377288,-0.17312801,-0.23672894,-0.07635245,-0.13927875,0.02440032,0.1382763,0.2163041,-0.056233667,-0.09378542,0.19068325,0.14006346,0.025614146,0.13618964,-0.052956037,-0.16005547,0.10245111,0.012975348,0.022702985,0,0.010230552,0.17935017,0.08454365,0.06886961,0.22188851,-0.20283197,0.03537724,0.017254524,0.10222635,-0.022155851,0.0004460346,-0.034411892,0.037129033,-0.06161704,0.10787465,0.062159523,-0.18340553,-0.082133785,0.29847485,0.08033729,-0.19916333,0.04430058,-0.2359934,0.0079373205,0.1706664,-0.09004657,0.08825457,0.08974178,0.11883764,-0.14029175,0.1866304,-0.24982496,0.46259806,-0.19120163,0.13185719,-0.19957866,0.35052437,-0.07701041,0.068019,0.056919307,0.082795784,-0.10031919,0.017641403,0.26489592,0.045557454,0.18777953,-0.059236724,0.20939422,-0.32123727,0.20177928,-0.002331853,-0.07605644,-0.09161787,0.086012796,-0.06361094,-0.34169438,-0.27153867,-0.049561318,-0.07785075,-0.33493233,-0.17898157,-0.3598615,-0.18003435,0.20596032,-0.08164994,-0.05529421,0.027433343,0.32508495,-0.12966476,-0.11754661,-0.0975718,0.038607918,0.09516898,-0.023357593,-0.0029552318,0.020875368,0.23928031,0.066165894,-0.24765125,0,-0.0045912936,-0.18217176,-0.4127135,0.34746164,0.029784016,0.23240745,0.14698297,0.04775114,0.16787806,-0.15600072,0.26161283,0.37036574,0.25102535,-0.0853042,0.011382196,0.057162456,-0.20970544,0.016350504,0.09782314,0.03196799,0.014054205,-0.36124945,-0.22917014,0.120459944,0.18244067,-0.121005125,-0.037398443,-0.36108983,0.06008774,0.16715707,0.00017030723,0.100513205,0.12095508,0.057825714,0.30432734,-0.15835898,-0.16169511,0.15367542,0.10719709,0.10679471,-0.0523269,0.2916262,0.14362825,0.27238932,-0.32357064,-0.14551066,-0.32949305,-0.14910465,-0.20424199,-0.2220482,0.13647588,-0.0009595081,0.25199556,-0.23285717,0.049254395,0.41121054,0.037104227,0.2485233,0.009837299,0.136542,0.06114496,-0.17486103,0.07652605,-0.07418109,-0.11224643,-0.18144584,0.12430461,0.26855794,0.20810977,0.107235104,0.12909505,0.0896026,0.2595917,-0.19260688,0.19407633,-0.11958237,-0.3494292,0.1005681,-0.17883995,0.061022382,0.057354327,0.06719844,-0.02826409,0.25519207,-0.28551587,0.45111233,-0.12031515,-0.12913178,-0.113253556,-0.11554277,0.010209963,-0.051137842,0.07045671,0.24761358,0.013628572,0.11642827,-0.19674781,0.14623366,-0.28029743,-0.34339654,-0.009751938,-0.12466063,-0.117590465,0.4850175,-0.299139,-0.16169126,0.12017368,-0.039576624,0.03149638,0.17537737,-0.057579327,0.11672327,-0.037465543,0.50166595,-0.012549855,0.24277574,0.06808202,0.03869746,-0.07452215,0.028597433,0.19487548,-0.016022392,-0.031435564,0.018707588,0.002575256,0.10739434,0.1284093,0.22599128,0.26355866,0.09784302,-0.0064080097,0.25213227,0.08797405,0.115866445
"(114.03403353873507, 22.518996115234653)",0.14085147,-0.11443433,0.0109204985,0.07335762,0.35265306,0.23229192,0.07387261,0.055694547,0.15551984,0.27383512,-0.059625093,-0.17554168,0.21988785,0.050094567,0.06575311,-0.021805756,0.014609754,-0.029587299,0.09025242,0.1095995,0.06704981,-0.019297041,-0.018232483,-0.14500087,0.11129218,0.014659744,-0.10440169,0.08221168,-0.1407904,0.12298708,0.11672711,-0.03191763,0.2693925,0.15802589,0.13335213,0.09947208,-0.10265962,-0.09375414,0.07976946,0.023116931,-0.065542854,-0.11901925,-0.21670839,-0.019878909,0.0065740645,-0.17888625,0.08604306,0.041669425,-0.083606414,-0.05446835,0.03566405,0.0907626,-0.0089912005,0.05373377,-0.06525002,-0.11088058,-0.09067184,0.07983581,0.0633982,-0.10797619,-0.1218065,-0.0929267,-0.18936084,0.13642669,0.060030688,-0.133576,0.037774805,0.1248709,-0.0140178315,-0.16406482,0.017492227,0.044709727,0.08416808,0,-0.10758441,0.000794027,0.16200107,-0.013946511,-0.14942732,0.13316575,0.03489193,-0.069585994,-0.060617376,-0.2465252,0.022587445,-0.08124842,0.074977845,-0.24584892,-0.11598543,-0.062805764,0,-0.2262975,-0.054567724,-0.24707295,-0.07298092,0.014367212,-0.054780982,0.078914136,-0.014081394,-0.1158088,0.29539913,-0.02006562,-0.1212589,0.0680262,0.08003117,0.105045065,0.04462795,0.272399,0.22409005,-0.0012743473,-0.022742644,-0.05943178,-0.1021457,0.06403077,0.014349319,0.031313233,0.17308296,0.2725899,0.049489953,-0.10889883,0.18375997,0.12930307,0.16245708,0.24924728,-0.1209149,-0.0257591,0.05431289,0.010217752,0.12456116,0.20226255,-0.11629885,-0.014395708,0.047624357,-0.101220466,-0.07424617,0.28289118,0.12453108,0.03373943,0.0014952533,0.082462855,0.17661816,0.018744672,-0.24127814,0.02668985,-0.19187692,-0.118683785,-0.055235505,0.059290297,0.11062719,0.18229637,0.047124613,0.039998792,-0.055530623,0.006515637,0.053673867,-0.37469357,-0.11481072,0.06981584,0.027004488,0.28218657,-0.12694404,0.082754344,0.22267972,0.046891633,0.105931446,0.25095716,-0.04179561,0.15624252,0.12258242,-0.13496642,0.046404615,0.028033873,-0.12377998,-0.023945495,-0.26202488,-0.070811,0.10604218,0.03024615,0.029835112,0.0037214458,-0.032832325,0.06868883,0.025840145,0.17713779,-0.044391178,-0.06739193,-0.010364592,-0.047430716,-0.10928033,0,0.024649292,0.11697421,0.030887296,0.015905619,-0.088542886,-0.06926623,-0.10832232,0.087133355,-0.011069603,-0.08507935,-0.018345864,-0.045069486,0.037207607,0.07233605,-0.025919966,-0.14083776,-0.16389973,0.030406773,0.18100142,0.0860844,-0.079003856,-0.06733183,-0.19682933,0.16824637,0.30351558,0.04512001,0.013198299,0.016305111,-0.0308787,-0.11305844,0.042454675,-0.1942732,0.29846227,-0.006400738,0.011539433,-0.0056526437,0.16203988,-0.06859055,-0.007221125,0.06217564,-0.009651866,-0.06333517,-0.009176164,0.23554924,-0.06914215,-0.043960676,-0.07418801,0.031399325,-0.1107211,0.09954565,-0.05308018,-0.06407378,0.0063912664,0.07931365,-0.13462645,-0.2424902,-0.2809885,-0.04187053,-0.042831376,-0.21790038,-0.09812551,-0.21141055,-0.18711416,0.12781274,-0.116240196,-0.05671703,0.09668918,0.32138252,-0.032494545,-0.13271022,-0.12647337,-0.027842395,0.041316073,-0.08062317,-0.032880712,0.09423776,0.030212827,0.15905854,-0.053562924,0,0.065387085,0.08780869,-0.1545084,0.10588324,0.113326214,0.1686747,0.22875313,-0.22205798,0.11396945,-0.23581377,0.09117665,0.11073326,0.10777841,0.018762503,-0.15118061,0.04512364,-0.10739329,-0.022946065,-0.1773142,0.09871027,0.02979568,-0.2925319,-0.17404296,0.09525808,0.12128625,0.07234986,0.09565747,-0.27550763,-0.023380356,0.06966455,-0.01723293,0.05190618,0.023110354,-0.00076821446,0.282238,-0.035628304,-0.06858118,-0.12213403,0.15965816,-0.03694413,-0.22855952,0.05960883,0.11712855,0.031254392,-0.017537266,-0.11370062,-0.13309574,0.014505982,-0.08844505,-0.078462474,-0.1341274,0.06256984,0.27869052,-0.25628886,-0.02301889,0.31129378,0.19205296,0.08399856,-0.030007908,0.13172154,-0.008765269,-0.02770312,0.07575725,-0.03761144,0.032161314,-0.072767444,0.09053855,0.19204809,0.043152876,-0.018604375,0.08991306,0.030980391,0.08929681,-0.06945253,0.05862136,-0.031278722,-0.13332191,0.2565112,-0.070250876,0.02660947,-0.04234808,0.081140116,-0.03893408,0.059954695,-0.064489804,0.19353601,-0.107649885,-0.16487898,0.0924607,-0.26511633,0.119473115,-0.020534372,0.14715111,0.13296562,0.028840352,-0.11652627,-0.07523934,0.05499098,-0.17688997,-0.31742173,-0.13358727,-0.08050644,-0.103466414,0.4934313,-0.13706435,-0.055238813,0.22593218,0.12431885,-0.07738651,0.1147352,-0.051979292,0.08495575,-0.067017205,0.3721109,-0.009510405,0.23490316,0.08599176,0.054375164,-0.046517953,0.032584827,0.14092249,-0.2195708,-0.0070720166,-0.02968955,0.08527704,-0.07411444,0.18815185,0.04329954,0.21409632,-0.07428828,0.013296109,0.11996196,0.110142194,0.04735007
"(114.03420322043942, 22.71674491319359)",0.022058763,-0.13166273,-0.23700239,0.1440563,0.391165,0.12880963,0.33971643,0.18279848,0.26340494,0.24241114,0.01520738,-0.2684633,-0.18432368,0.02994708,0.030669048,-0.022247408,-0.18547516,-0.40959206,-0.10182355,-0.54267246,-0.18559629,0.05002614,0.25771114,-0.3985878,0.036567967,-0.26752046,-0.095873594,0.09349201,0.075760424,0.25225192,0.189265,0.1337856,-0.78954095,0.27536234,0.16008177,0.2629582,0.14697778,-0.27426273,0.12039426,0.07223018,0.3186901,-0.26401502,-0.0007336959,-0.08827497,0.2715783,0.036825426,-0.13543521,0.015886191,0.18914986,-0.05462289,-0.123238,0.109629884,-0.110250115,0.2261593,0.5930934,0.314317,0.16497429,-0.18011221,0.20653035,-0.25746745,-0.20144212,-0.056568343,-0.05741247,0.1905617,0.030586172,-0.08508905,0.5427963,-0.117761925,-0.017746832,0.09095304,-0.18042448,0.17051625,-0.011073105,0,-0.13807248,-0.04136176,0.2534621,0.17763704,-0.011659175,0.103368975,-0.044639383,-0.16663802,-0.06643629,0.07032831,-0.09447272,0.25665575,0.025677957,-0.263402,0.100380324,0.034335084,0,0.38054457,0.17915389,-0.22320583,-0.22831482,-0.41359362,0.025442857,0.19052932,-0.1378565,0.1450149,-0.22408041,-0.21081537,-0.1709796,0.1561524,-0.2563511,0.28627712,-0.1251839,0.08407204,0.03700903,0.42559662,0.14203493,-0.3091611,0.016942546,0.22895542,0.116208054,-0.070325814,0.39629513,0.21232876,0.2496539,0.34775892,0.20397918,0.19327356,0.17190503,0.063356265,0.025107393,0.21327595,-0.3381973,0.05626709,0.16677678,0.16967072,0.1384078,-0.0125215,0.11669672,0.057983562,0.18328498,-0.090115204,-0.008845948,0.07455394,0.43777612,0.3463042,-0.34302142,-0.03469203,-0.09431839,0.38831127,0.33847252,0.0025921017,-0.12051931,-0.14943625,-0.48240656,0.2729331,-0.09493771,-0.19680223,-0.01395224,-0.06723825,0.005935941,-0.04573176,-0.18236944,0.1982238,0.12163379,0.20983423,0.039135486,-0.13969877,0.48547232,0.4237949,0.36404526,0.25915468,-0.20067959,0.3618831,0.11925295,0.14167866,0.037509665,0.15286012,0.42851022,0.09829144,0.39508146,0.014223263,-0.009887859,0.031807493,-0.18936053,0.35566193,-0.20444332,-0.071822956,-0.070836455,0.19009797,-0.12022453,0.24512738,0.06552783,-0.05959525,-0.06530386,0,0.12668936,-0.026288252,-0.004356457,-0.10294563,-0.20571825,0.0034786277,0.045209616,-0.03843022,-0.15874752,0.22231266,-0.29745284,0.12269014,0.101893924,-0.08059819,-0.10250251,0.07503249,0.32460704,0.017260708,-0.03837219,-0.1109671,0.10919654,0.3507123,0.027473673,0.22096516,0.93350154,0.6043528,0.21210392,-0.24042976,0.24158317,-0.19132623,-0.06979525,0.17476082,0.03619136,-0.22355658,0.010760631,0.3022461,-0.536064,-0.041734107,-0.11565206,0.019118823,0.31953722,0.30133438,-0.44333097,-0.27191472,-0.4113388,-0.20827569,0.092901975,-0.12111643,0.12939158,-0.052541412,0.42868513,0.020056935,-0.04388573,-0.31373578,-0.1284602,0.13105096,-0.5057903,0.063216,-0.05499606,0.5341472,0.09706424,-0.09614871,0.15416536,0.1820456,0.15675506,0.1023895,0.11985624,0.044490498,0.26850677,0.47429347,-0.24369758,-0.09535695,0.2831732,-0.024932325,-0.1370043,-0.013754699,-0.25854906,0.2502603,0.15208727,0,-0.09002076,0.16581044,-0.027600275,0.41673994,-0.13632727,0.018435974,0.28781858,0.0047194213,-0.09299892,0.09764315,0.1969091,0.18425804,-0.058980227,-0.10893169,-0.5444198,-0.050487638,-0.012768714,0.011962891,-0.064068355,0.09224868,0.22094463,-0.41192746,0.6586677,0.61623496,-0.5949971,0.06560702,-0.07660023,-0.18479025,-0.008280972,-0.01021469,-0.14433092,0.19496067,0.36934334,-0.09153789,0.26996434,0.25721905,-0.041251894,-0.098809004,0.4421293,-0.2618762,0.03376298,-0.45458868,0.24053672,0.092610836,0.024220727,-0.32737812,0.1495451,0.3700069,-0.03761758,0.10202444,-0.15252861,0.08467133,-0.2343463,-0.12128802,-0.14054286,0.10614382,0.21833372,0.18658763,0.27422097,0.017144382,0.029597905,-0.023363685,0.0018478483,-0.062156536,0.074122034,0.086564474,-0.019783871,-0.02604759,-0.027551182,-0.24324468,-0.04906843,0.07350576,0.1328377,-0.13175371,0.20298909,0.01626046,0.24528748,0.27251083,0.045209564,-0.25177142,-0.3697859,-0.033569418,-0.2537046,0.23492819,-0.21154237,-0.27019572,-0.23145033,0.30366755,0.33395657,-0.055907227,0.13491553,0.16084884,0.022127701,0.17599034,0.08713026,-0.32130858,-0.32882786,-0.4243864,0.13051109,-0.04694833,0.30903292,0.019656109,-0.34283552,0.12655634,0.015897272,0.29046434,0.44387668,0.20321846,0.084343866,-0.33070344,-0.2249343,0.27419066,0.03282223,-0.0042030234,0.33060017,0.0026193447,-0.017755985,-0.32194328,0.5255469,-0.11990088,0.28947154,-0.09769209,0.23373736,0.1869037,-0.54175466,-0.051204223,0.3110134,-0.15392484,0.25509697,0.26674962,0.121825054,0.33743352,0.002523601,-0.09987869
"(114.0348563874497, 22.648002656530807)",-0.049175195,-0.19266784,-0.1352788,-0.016156001,0.42371902,0.5351738,-0.039794017,0.150685,0.3674872,0.16739658,0.047752775,-0.46547392,-0.086826704,0.17032602,-0.011785664,-0.085897624,-0.0067195743,-0.21004573,0.20130758,-0.22791147,0.05508969,0.10195833,0.07587945,-0.34412393,0.12893632,-0.04527402,0.039885394,0.056976564,-0.10789575,0.012418553,0.007963713,-0.11033276,0.25557247,0.1556149,-0.01841031,0.09271947,-0.055664845,-0.29594952,-0.078303024,-0.16440305,-0.086151816,-0.22718185,-0.234662,-0.112110145,-0.033590376,-0.15074657,0.005725093,0.0853378,-0.123785585,0.11119141,0.005376935,0.1369512,-0.0130724795,0.10886822,-0.041444473,-0.2799627,-0.18300322,0.18317834,0.15238012,-0.31275,-0.17536175,-0.034918685,-0.023138385,0.15479766,0.16265671,-0.345645,0.26356366,0.1940161,0.10919461,-0.09248364,-0.14486286,0.20987093,0.14312601,0,-0.05310581,-0.08582795,0.031139333,0.102258794,-0.1448297,0.09442743,0.11782339,-0.0024385229,-0.11732645,-0.23163944,-0.07824767,-0.20154108,0.03146506,-0.14008418,-0.2903619,0.07243743,0,-0.22422066,-0.0016111359,-0.3630507,-0.35779086,0.22871801,-0.035028942,0.16253076,0.024061719,0.14955442,0.41855636,-0.20672458,-0.087556496,-0.13633251,-0.16535124,5.6907535e-05,-0.05554448,0.29005098,0.049230278,0.1713797,0.09186867,-0.20240894,-0.15249944,0.2237739,-0.15987581,0.08802699,0.0023936643,0.224452,0.15473309,-0.10874972,0.35602444,0.27622673,0.08869997,0.3697848,0.022328341,0.02220954,-0.03768317,0.023102399,0.10971487,0.0858144,-0.09370425,-0.18999825,0.16607177,-0.15131387,0.12706351,0.27605554,0.04707086,-0.009965736,-0.15828745,0.18414003,0.17062038,0.07678804,-0.17586467,-0.07657502,-0.032745518,-0.50347626,-0.056032836,-0.09797795,0.18411985,0.31759772,-0.3445688,-0.024660774,0.1338032,0.10480363,0.2021732,-0.4677221,-0.1965563,0.06653202,-0.1143483,0.12347637,-0.31473082,0.300952,0.46610445,0.23926866,0.23896073,0.29665986,0.09919192,0.21131715,0.062591925,-0.22193152,0.010053305,-0.15536869,-0.39810187,-0.0606997,-0.23413466,-0.17376634,0.027078971,0.0042163534,-0.10358833,0.053643107,-0.19642556,0.09263011,-0.03293036,0.1667065,-0.0058498755,-0.098921284,-0.045765035,-0.073106475,-0.13491428,0,0.124081045,-0.076642014,0.12169591,0.095957495,-0.09405464,0.07407068,-0.20387447,0.09812244,0.11615598,-0.1952011,0.06258784,0.10376609,0.06327875,0.07631725,0.07551578,-0.08660461,0.033757582,-0.14786266,0.3225957,0.026346354,-0.0636746,-0.07288587,-0.06369184,0.22541763,0.5110007,-0.006558627,0.092824265,-0.09159935,0.029901654,-0.21935637,-0.042934734,-0.26160476,0.14372607,-0.07377851,0.09315793,-0.08838105,0.066091254,0.036476962,0.044752955,0.09862463,0.09643003,0.12683779,-0.2697949,0.2389491,-0.08293545,-0.21831104,-0.1779925,0.12857065,-0.17041732,0.12598124,-0.013682827,-0.07154081,-0.015510587,0.09940419,-0.20347835,-0.24310598,-0.40610492,-0.13369694,-0.19409779,-0.43641984,-0.2023735,-0.22059041,-0.0777524,0.12798925,-0.1777175,-0.014187612,0.061411627,0.25968975,0.03410452,-0.081591405,-0.19546914,-0.11989937,0.1394664,-0.040509544,0.0040813647,0.045948613,0.2006972,0.13103919,0.16503859,0,-0.044458255,0.05664002,-0.28546786,0.1840733,-0.14751431,0.17765042,0.12684362,-0.084790245,0.23742652,-0.20338188,0.18390292,0.22604024,0.20183536,0.0014595352,-0.02314968,-0.09570163,-0.36034992,0.075017765,-0.14083709,0.1730635,-0.044659782,-0.5682331,-0.027623758,0.5003178,-0.007279329,0.23020387,0.053868435,-0.41473672,0.14913353,-0.01028201,-0.08382205,-0.061038196,0.057659198,0.011862591,0.5264679,0.067067,-0.22012815,-0.22267592,0.3583835,-0.14024699,-0.22251277,0.20816047,0.15747917,0.2619028,0.015388377,-0.30662775,-0.045532733,-0.10252812,-0.2670582,-0.10335045,-0.25015384,0.01657878,0.37681252,-0.2666745,-0.24681321,0.40824556,0.3932209,0.15303293,-0.030219296,0.003477715,0.09336184,-0.0022531804,0.1443254,0.024397882,-0.23141149,0.0059118047,0.0721092,0.14479302,-0.022396266,0.032937814,0.0763778,-0.06890278,0.17250974,-0.14423746,0.26650327,-0.08567554,-0.39935544,0.2924945,-0.12421861,-0.007223975,0.02965692,0.0220658,-0.09780145,0.12933561,-0.27900928,0.21813273,-0.10922958,-0.2238291,8.182973e-05,-0.27468902,-0.03200329,-0.02910508,0.18975246,0.061062045,-0.20123002,-0.022707053,-0.15714008,-0.00040808693,-0.085667975,-0.3564338,-0.0099213645,-0.13254906,-0.22804782,0.39858758,-0.11818474,-0.16140087,0.27179557,0.28595048,0.06526409,-0.018436681,-0.038045216,0.25112033,0.14161697,0.52325684,-0.0716973,0.16202345,0.28339007,-0.014124214,0.055830702,-0.25747317,0.25848675,-0.15671988,-0.10543069,-0.052833103,0.062293716,0.086572476,0.15217386,0.23342147,0.2773417,0.19148375,-0.08014986,0.048518382,0.23687023,0.017548129
"(114.03726453402982, 22.638191594747205)",-0.039957307,-0.019078596,-0.042506285,0.005857205,0.2855396,0.34246963,-0.14489615,0.045174245,0.13633382,0.16941455,-0.02757477,-0.14017937,0.12826914,0.14242116,-0.065852284,-0.11987215,0.14500232,0.062432237,0.23034753,0.15892461,0.078123845,0.047040943,-0.04611598,-0.07899505,0.096613795,0.06360859,0.035852082,0.082996845,-0.014975961,-0.13559084,-0.005866792,-0.05131972,0.47166234,0.04362025,0.015725888,-0.08896844,0.029205523,-0.114426196,-0.11425562,-0.16581616,-0.22368872,0.02006919,-0.26690805,0.049366273,-0.08827774,-0.15625572,0.07173884,-0.080427215,-0.19646314,0.061004147,0.036215678,0.12568663,0.0051723085,0.069211796,-0.44961444,-0.26401785,-0.16012786,0.3490862,0.045231134,-0.108618535,-0.044672083,-0.04304328,-0.08914702,0.008645758,0.074376926,-0.20312762,-0.05708389,0.16209905,0.08353211,-0.13476579,-0.089568794,0.18647017,0.09123254,0,-0.15237081,-0.06433743,-0.06260824,0.004739873,-0.12258765,0.07300491,0.21800527,0.09905775,0.09489684,-0.37606525,0.03507412,-0.10006642,0.0016811341,-0.10086349,-0.28839445,-0.06226913,0,-0.32531345,-0.034091957,-0.020646831,-0.103397414,0.37852854,-0.053425178,0.06576173,0.16728778,0.010202069,0.4869679,-0.07782783,0.11584999,-0.13589,0.025885627,-0.05443196,0.17313147,0.28716204,0.06407311,-0.08979067,-0.0075397985,-0.076878406,-0.13817838,0.0756333,-0.052842356,0.23917669,0.024376186,0.29935402,0.006842904,-0.19722699,0.332358,0.21564554,0.0953985,0.42325643,-0.033785067,-0.14371175,0.07194908,0.018873818,0.1047006,0.029692098,-0.2125954,-0.109865256,0.0136505375,-0.038164236,-0.10877095,0.2367878,0.10881256,0.089176774,-0.18205181,0.051784642,0.2790149,0.048789404,0.08577661,-0.14268306,-0.18501472,-0.3741544,0.0044214483,-0.14158325,0.3478791,0.25591776,-0.012722295,0.11874425,0.075547546,0.027429387,0.18006332,-0.15121073,0.047369897,-0.06034282,0.15654454,0.17812656,-0.31565034,0.43921712,0.037596866,0.006046105,0.03702289,0.2793048,0.059403136,0.16477625,-0.063130125,-0.29298842,0.037177064,-0.03708957,-0.57414675,-0.023617715,-0.49282986,-0.124549896,0.083948866,-0.010670294,-0.032940485,-0.024382211,0.06327792,0.12011919,0.05146711,0.16108876,0.1221224,-0.33024785,-0.045208722,-0.022786865,-0.010892436,0,0.009363562,-0.059683464,0.14617315,0.18264605,-0.0585728,0.13544638,-0.09867045,0.21000883,0.0702046,-0.34311655,0.10496318,-6.28829e-05,-0.0037492546,0.074214235,-0.0073393807,-0.10181771,-0.07526393,-0.0035031885,0.3195425,0.16931781,-0.037055567,-0.17274557,0.12861732,0.15753733,0.0013942644,-0.26873267,0.011127418,0.11548803,-0.13281453,-0.1712549,-0.028493688,-0.31082118,0.21194877,0.18739721,0.055323053,-0.043230906,0.29376155,-0.098613024,0.17351848,0.06844463,-0.071019545,-0.090817265,0.048224065,0.28191027,0.18585907,0.017371826,-0.15764381,0.10010123,-0.32031554,0.20232391,-0.30078787,-0.16882296,0.08232814,0.16328137,-0.10794771,-0.10208244,-0.2558453,-0.011151973,-0.17786214,-0.4890024,-0.24906784,-0.17463495,-0.22147442,0.10963661,-0.13933739,0.008277468,0.15168199,0.17167719,-0.093536034,-0.377642,0.0035889298,0.07431456,0.06447518,0.03183596,0.06864153,0.08764924,0.11619965,-0.051470578,0.03784088,0,0.074391976,0.050411873,-0.10998409,-0.113737434,0.00201343,0.17115206,0.13924396,-0.020372096,0.3360693,-0.31933358,0.041336846,0.047070947,0.2441864,0.0014094748,0.17318399,-0.06935934,-0.22454448,0.040402714,0.048659533,0.039511286,-0.21154836,-0.1947363,-0.40316865,0.09811012,0.28284836,0.15072468,0.13392769,-0.27436793,-0.017255293,0.08827388,0.03298787,0.06569637,-0.062307652,0.09599216,0.3119473,-0.053808063,-0.15628318,-0.12709992,0.12848063,-0.058569215,-0.20491797,0.42492357,0.126401,0.2950263,0.10999133,-0.18827474,-0.1512608,-0.16809177,-0.1454863,-0.12182823,-0.23148562,-0.05308343,0.45563012,-0.06339074,-0.00060304254,0.2514943,0.30056506,0.03517762,-0.22309627,0.047935486,0.015592944,0.21133074,-0.056916274,0.1463618,-0.07141581,-0.05584041,0.15336132,0.2798136,0.08558727,0.080486104,0.15982327,-0.014321545,0.07063334,-0.063962795,0.016891226,-0.043600604,-0.41933098,0.18993779,-0.16063574,0.1875055,0.2885848,0.16997138,0.037645444,-0.12167049,-0.04320184,0.28151608,0.0043495446,-0.37056977,-0.17097044,-0.20460783,-0.0848806,-0.03607025,0.10082169,0.026628843,-0.2435301,0.09217517,0.021793626,0.20741485,-0.15313049,-0.36050606,-0.1930702,-0.1182485,-0.10277998,0.34114638,-0.15203562,-0.43571997,0.087638505,0.2355706,-0.0033745281,0.26924956,0.06121243,0.14327618,-0.011354148,0.4223201,-0.0376302,0.24568763,0.32881895,0.09452421,-0.19194758,-0.21912839,0.23881659,-0.07071787,-0.2449907,-0.17867799,0.4440266,0.01066398,0.12534116,0.3217154,0.17154336,0.03875104,-0.052852552,-0.07232585,0.21887684,0.038724817
"(114.03761571362676, 22.64674504948083)",-0.057597525,-0.13669297,-0.13150468,-0.025347782,0.3721767,0.47673696,-0.052015487,0.13300738,0.300169,0.18641181,0.019954614,-0.40627113,-0.11400336,0.12256158,-0.06128394,-0.06284663,0.044760168,-0.13673607,0.16525373,-0.16358282,0.022692882,0.09226658,0.05497648,-0.26963362,0.13631733,-0.031717192,0.03610433,0.06012211,-0.12760885,0.012754835,0.027396617,-0.08111076,0.23633313,0.09985167,0.035934504,0.05773569,-0.025132269,-0.28154123,-0.081449166,-0.1461882,-0.076712914,-0.10705193,-0.24993306,-0.118415,-0.031931743,-0.08858675,0.026484422,0.020814281,-0.12233588,0.12359522,-0.015446112,0.14252615,-0.020722102,0.09412483,-0.03436587,-0.202411,-0.16389786,0.20917633,0.12908958,-0.30297023,-0.14733212,-0.036871567,-0.01236866,0.082814515,0.14713243,-0.3164814,0.23182245,0.13646023,0.11628997,-0.091046944,-0.12410847,0.21821229,0.11903255,0,-0.112675,-0.08503623,0.044560086,0.07854047,-0.12606682,0.072410606,0.12564994,0.0015547276,-0.06737298,-0.2536238,-0.066136464,-0.16068944,0.018004514,-0.108639784,-0.2595765,0.020715907,0,-0.16673607,0.014700472,-0.2522165,-0.3021486,0.18910879,-0.017921086,0.16062096,0.05006834,0.10204245,0.36100626,-0.18234617,-0.0680213,-0.09496874,-0.08853802,-0.0040214956,-0.009244442,0.27587706,0.0696712,0.1380915,0.13149422,-0.16834374,-0.15791935,0.17611784,-0.19018619,0.14657703,0.0030549369,0.23757276,0.11447892,-0.10349159,0.37548858,0.24016806,0.080457866,0.34144917,0.021240408,-0.017354578,-0.0508479,0.03112967,0.09462076,0.07336399,-0.13103466,-0.19975737,0.17336598,-0.13878044,0.084625095,0.18155804,0.10461634,0.040354665,-0.14229415,0.13176762,0.17699733,0.079335354,-0.10247302,-0.06108331,-0.022637762,-0.4137296,-0.044084273,-0.08671951,0.18441819,0.32076985,-0.2566156,0.0009993538,0.1339073,0.112234876,0.26254734,-0.36041686,-0.1625259,0.07557335,-0.041129567,0.13147928,-0.28871337,0.31184208,0.37030602,0.18963172,0.18659233,0.2535814,0.08647624,0.21275945,0.014987275,-0.22968704,0.009230161,-0.10069685,-0.32900855,-0.06039183,-0.19104977,-0.124443814,0.06213744,0.010617017,-0.12851223,0.07848061,-0.11898993,0.09807906,-0.01644167,0.14200501,0.050595157,-0.11346395,-0.03837298,-0.055856213,-0.089631855,0,0.092614025,-0.09291358,0.13464832,0.11507315,-0.06386106,0.06802061,-0.12069824,0.14237875,0.120073184,-0.14216317,0.034893826,0.06584936,0.032161627,0.09710739,0.05370658,-0.08895041,0.025365144,-0.10860118,0.30802697,0.036098085,-0.041836426,-0.05742103,-0.030607916,0.22057052,0.4032028,-0.010231301,0.091448165,-0.06488187,0.037485488,-0.2462548,-0.050459098,-0.23467942,0.18403456,-0.011031274,0.07841161,-0.06375627,0.079037756,0.04262074,0.050361685,0.09778212,0.14870574,0.07741945,-0.24049029,0.2488161,-0.03393718,-0.18513389,-0.14866474,0.11645253,-0.20871976,0.12882435,-0.018412575,-0.064496994,0.014346855,0.07865229,-0.13337237,-0.2097333,-0.41688538,-0.081857815,-0.18266469,-0.37054348,-0.19993713,-0.22505856,-0.11044426,0.1548392,-0.118684374,-0.002623938,0.11229883,0.21167655,-0.0022182763,-0.08915121,-0.16873533,-0.030674852,0.116162345,-0.021968268,0.003616836,0.024323706,0.18263598,0.11223225,0.1295901,0,-0.016378686,0.0136766825,-0.25040963,0.16550726,-0.08702938,0.18461365,0.12385549,-0.056496385,0.20177302,-0.1662464,0.17510691,0.20711681,0.21429196,-0.007236317,0.011498842,-0.06506936,-0.31999603,0.07167822,-0.04403226,0.13975655,-0.05060618,-0.48164707,-0.04181981,0.4620677,0.006632779,0.19991297,0.07661334,-0.36293674,0.09117952,0.04883405,-0.07152907,-0.023310415,0.048847582,0.06934737,0.47839168,0.02606683,-0.20952627,-0.1849059,0.29158577,-0.11960588,-0.20791423,0.21040083,0.14794734,0.31394032,-0.006268725,-0.26293087,-0.010597736,-0.107145905,-0.24552679,-0.12040741,-0.20416994,0.0021025054,0.3214625,-0.198226,-0.16858834,0.3794927,0.37988016,0.11184533,-0.032837145,0.046180278,0.052407485,0.058500953,0.07387566,0.034282804,-0.19789733,-0.039406896,0.08676517,0.20140104,0.042174406,0.03129528,0.12291958,-0.045229234,0.14423062,-0.124671645,0.17706574,-0.06795912,-0.38252476,0.2462859,-0.124457896,0.017355923,0.042584,0.040035818,-0.02180913,0.0777049,-0.22422162,0.2068264,-0.09507792,-0.15312769,-0.02635368,-0.26813328,-0.050801687,-0.014340928,0.123071894,0.08904608,-0.18772605,-0.005921616,-0.14523278,0.057147462,-0.102214515,-0.36167133,-0.064002074,-0.092285745,-0.20324409,0.37216935,-0.16031514,-0.23351736,0.22687742,0.26405558,0.0496894,0.039542977,0.012199502,0.22383508,0.090026625,0.47439575,-0.014093548,0.15376787,0.29044113,-0.05991161,0.0560157,-0.2211976,0.24712199,-0.09584803,-0.1462024,-0.04277432,0.06916741,0.088304766,0.16670026,0.2791969,0.22910008,0.20732918,-0.059957813,0.08340734,0.21460587,0.08401355
"(114.03784434131028, 22.63877919094821)",-0.038972907,-0.012336073,-0.04494556,0.001620872,0.271372,0.331471,-0.15251966,0.042811688,0.12630793,0.17100526,-0.031123683,-0.1335511,0.10994992,0.13609135,-0.08509309,-0.11528193,0.15119673,0.07423038,0.22849005,0.16545647,0.07859219,0.043769225,-0.048422195,-0.0618684,0.09717736,0.06646055,0.03806887,0.07745229,-0.02167974,-0.13795905,-0.00441378,-0.046573415,0.47128028,0.035428964,0.024932904,-0.09822946,0.034348145,-0.11238295,-0.12035073,-0.16336806,-0.223158,0.04759211,-0.2706671,0.041569985,-0.09180775,-0.14416851,0.0787409,-0.09020281,-0.2004028,0.06225407,0.02731277,0.1270504,0.0026165582,0.065193504,-0.4438595,-0.2533199,-0.1615124,0.35106084,0.04048797,-0.112696536,-0.04320779,-0.0437256,-0.07743554,-0.0013443977,0.074268475,-0.20205447,-0.05975564,0.15251696,0.08766499,-0.14214481,-0.085802265,0.19072592,0.08875181,0,-0.16533986,-0.06382044,-0.05715027,0.0032128915,-0.12362653,0.06995734,0.21966836,0.100508004,0.10447645,-0.380387,0.03444339,-0.10048498,-0.002640918,-0.09383912,-0.28603035,-0.06788934,0,-0.31228364,-0.03252112,-0.0011903252,-0.09636881,0.37183183,-0.051028036,0.06754978,0.17139563,0.0071793683,0.47648337,-0.07272139,0.11613791,-0.12795737,0.034338847,-0.059760287,0.18208906,0.28681582,0.066644944,-0.097325146,0.0006347252,-0.07517604,-0.13474599,0.0674059,-0.06509531,0.2540043,0.024275998,0.30068797,-0.004184738,-0.19778396,0.34161705,0.2106593,0.091797754,0.41722277,-0.027687525,-0.14716493,0.066927075,0.020750023,0.09951598,0.033779524,-0.22338925,-0.11753044,0.0264761,-0.03748537,-0.109322354,0.21739854,0.12428232,0.09589669,-0.18418404,0.03750526,0.27918002,0.05031755,0.10175595,-0.14066172,-0.17971906,-0.36623335,0.004499158,-0.1353478,0.3543709,0.26530567,-0.002938699,0.122247316,0.08543041,0.031856224,0.20261815,-0.13150372,0.05398333,-0.05424736,0.16472271,0.17795472,-0.31702992,0.446283,0.026569411,-0.005504217,0.033340693,0.2605824,0.06730108,0.16277336,-0.07386713,-0.29518437,0.036584705,-0.029290127,-0.5614815,-0.0259545,-0.48523462,-0.11424309,0.0920739,-0.010413689,-0.039791383,-0.025852807,0.08198655,0.12202222,0.055828784,0.1541456,0.13551798,-0.33903557,-0.04439251,-0.017362854,-0.004156582,0,0.0043454133,-0.06236887,0.15152615,0.1848065,-0.047501735,0.13331215,-0.08101846,0.2147814,0.07285987,-0.3333707,0.10368729,-0.0060647577,-0.010928922,0.07669767,-0.003921248,-0.09582804,-0.07709955,0.0049906373,0.3202222,0.16971241,-0.03617212,-0.16828156,0.13467585,0.15855877,-0.020132564,-0.27327764,0.011609828,0.12196905,-0.13450122,-0.17810142,-0.029418096,-0.30751577,0.22355066,0.19539967,0.053207565,-0.03984364,0.30342656,-0.08718862,0.17431343,0.06728768,-0.05865247,-0.10400737,0.051517166,0.2847933,0.19503514,0.02382987,-0.15317294,0.10094151,-0.32882306,0.20935753,-0.29677215,-0.1682225,0.085561484,0.15711905,-0.09216568,-0.09517383,-0.2558032,-0.0023132525,-0.1781488,-0.48076326,-0.25230575,-0.17886028,-0.22750352,0.11330925,-0.13034353,0.009900607,0.15863195,0.15613094,-0.09924051,-0.3813045,0.0062953606,0.09300221,0.061890226,0.03440565,0.069483,0.07487784,0.11687436,-0.055388585,0.02872058,0,0.07981221,0.039856188,-0.10896543,-0.11444014,0.011840776,0.1731964,0.13343501,-0.0071494095,0.32804963,-0.31261522,0.04020421,0.047162663,0.24570665,-0.00486663,0.18297811,-0.062899984,-0.21694165,0.041608263,0.06562993,0.03184051,-0.21643978,-0.18113601,-0.41003895,0.101210624,0.28521815,0.13907072,0.13827582,-0.26928243,-0.020230489,0.09979972,0.0386858,0.07184259,-0.06314109,0.11010276,0.3030802,-0.06254837,-0.15919907,-0.116436884,0.11773035,-0.049895138,-0.19777569,0.43048668,0.12233169,0.31099913,0.09984833,-0.1805743,-0.14487347,-0.17492107,-0.14388414,-0.12903684,-0.21684213,-0.057810146,0.44794077,-0.050267138,0.010036983,0.25108302,0.303823,0.025169194,-0.22448327,0.0562599,0.0047545545,0.22206585,-0.069765754,0.14514676,-0.07077097,-0.06829018,0.15970255,0.28889924,0.09930635,0.08050996,0.1722528,-0.011092508,0.069021545,-0.059951633,0.006956771,-0.040934473,-0.41906494,0.17917277,-0.16668445,0.19198097,0.29166815,0.17124777,0.05611609,-0.12592247,-0.0368604,0.28583238,0.0051809847,-0.35885707,-0.17791373,-0.21062191,-0.08896256,-0.033891253,0.0843045,0.03187097,-0.240396,0.096683696,0.02129706,0.22541894,-0.15903306,-0.36659738,-0.2025508,-0.11484299,-0.09398223,0.3383749,-0.16194713,-0.4551221,0.079658344,0.22907867,-0.0027922504,0.27761126,0.075745,0.14016958,-0.018627748,0.41946766,-0.030481577,0.24837174,0.3325055,0.0810519,-0.19011155,-0.21577626,0.23758861,-0.055632025,-0.25681508,-0.17677234,0.44528854,0.017702356,0.13200709,0.33800218,0.16264775,0.047533255,-0.04896668,-0.06524507,0.21027347,0.05294431
"(114.03890180383112, 22.61572083527791)",0.07405719,-0.16645434,-0.018856075,0.05170401,0.4358504,0.32897145,0.062469423,0.12748528,0.30362618,0.1686662,0.05309736,-0.25468025,0.09178838,0.08447785,0.10984992,-0.0040062256,-0.025343552,-0.13647798,0.13975272,-0.02067643,0.037815593,0.025055144,0.06278547,-0.27142105,0.10872039,0.024784293,-0.016108789,0.08809749,-0.13002963,0.038994603,0.024708332,-0.058669478,0.34853083,0.17790452,0.027410433,0.042459935,-0.14164501,-0.20240097,0.028014328,-0.06576633,-0.16305092,-0.19054356,-0.1341286,-0.077010944,-0.032975584,-0.12355325,0.009269234,0.10602899,-0.08070989,0.06017127,0.10417442,0.12953888,0.029443156,0.015695162,-0.120469384,-0.21837348,-0.13921164,0.05073864,0.027701717,-0.19987017,-0.14912507,-0.053037617,-0.1380911,0.15536922,0.14339757,-0.3060817,0.13084489,0.18063956,0.087637536,-0.12807833,-0.007824451,0.08560282,0.14397922,0,0.07329982,-0.07154949,0.091287956,0.0645095,-0.15020406,0.10461212,0.059964653,-0.0021029562,-0.02222069,-0.24733293,-0.034094036,-0.11415952,0.073220715,-0.18106914,-0.18205094,0.10146532,0,-0.24379939,-0.05787672,-0.28560385,-0.1945059,0.19741495,-0.07177799,0.035510838,-0.02118901,0.089491874,0.40902063,-0.09218786,-0.027483229,-0.0443587,0.024972752,0.05316174,-0.0043156147,0.33184597,0.1291349,0.09245446,0.030660894,-0.07433998,-0.09651245,0.12629974,-0.022424117,-0.015399783,0.033686668,0.25689617,0.11610908,-0.1451489,0.20824577,0.14345796,0.10882811,0.3086619,-0.029340116,0.0734456,0.043124977,0.025999075,0.11771067,0.17653829,-0.17404592,-0.116792805,0.060459793,-0.093180336,-0.009465434,0.30247426,0.17283738,-0.030524839,-0.09059857,0.1892683,0.28472468,0.02456499,-0.17729202,-0.118828446,-0.13337421,-0.302474,-0.06957066,0.022747893,0.17446162,0.19258785,-0.23428555,0.041894674,0.12745771,0.044792697,0.033016253,-0.3640845,-0.1356563,0.12637898,-0.08727916,0.19397406,-0.21008363,0.21393016,0.27186853,0.08784738,0.17992802,0.2832549,0.07231927,0.11097662,0.16093098,-0.16826436,0.06615663,-0.18732886,-0.31934288,-0.041846998,-0.29574317,-0.07975134,0.026026383,0.092603885,0.04952459,-0.03162817,-0.08162537,0.052514173,0.013570871,0.24121614,-0.062148564,-0.08714184,0.0125800185,-0.018402236,-0.054659463,0,0.073126525,0.09796625,0.05378554,0.05250944,-0.009579755,0.043872446,-0.119593434,0.066675626,0.13604467,-0.18578121,0.00439669,0.0017780364,0.08871894,-0.006373225,0.016678944,-0.071817055,-0.04823406,-0.11967166,0.25303712,0.12494173,-0.102372274,-0.06366342,-0.16662692,0.09423418,0.38255414,-0.026737452,0.066253155,-0.03565281,0.026135832,-0.08130505,0.07543175,-0.20112015,0.25221872,-0.077743635,0.09034899,-0.14374822,0.121356934,-0.096089356,0.05622141,0.10806014,-0.080425546,0.114976265,-0.051853914,0.24604593,-0.038152575,-0.065539986,-0.099330366,0.10887048,-0.16886419,0.1667842,0.023233388,-0.046511665,-0.020919641,0.16549686,-0.18392016,-0.25904638,-0.26576453,-0.10201204,-0.12230066,-0.3400811,-0.15324193,-0.21945348,-0.12203477,0.12826586,-0.16147542,-0.027562909,0.04495512,0.3527393,-0.0029445812,-0.12390908,-0.086838126,-0.10814395,0.06626482,-0.03303071,-0.0075384118,0.17348185,0.12831041,0.052924328,-0.019967578,0,0.031161457,0.024122344,-0.2918184,0.16632375,-0.077516675,0.16529077,0.21490426,-0.10996868,0.21039304,-0.2575505,0.14094006,0.18895884,0.19714406,0.041727316,-0.103441164,-0.0036508637,-0.26686195,0.044580404,-0.16002944,0.110735565,0.023609918,-0.4231255,-0.1140739,0.15114696,0.1502001,0.11965443,-0.026106363,-0.31607887,0.057343096,0.00031638145,-0.05655233,-0.035126634,0.07683855,-0.041891932,0.33415583,-0.0043022726,-0.07149269,-0.10002144,0.23080768,-0.06256906,-0.16075948,0.22937895,0.15368241,0.09043649,-0.004187301,-0.21659881,-0.18959299,-0.040641755,-0.13637553,-0.100360975,-0.17902608,0.042377982,0.33298016,-0.25274,-0.12069436,0.3030974,0.1788075,0.15165102,-0.042078763,0.04628919,0.09159523,-0.11803974,0.14634377,-0.047403708,-0.11351943,0.036725417,0.057070404,0.1558762,0.014750086,0.01657163,0.01717984,-0.027097063,0.15659174,-0.1036001,0.2063211,-0.083740145,-0.33116627,0.21403526,-0.09123266,-0.010259628,0.024018388,0.039376702,-0.13017488,0.13561058,-0.21696568,0.24841839,-0.07887968,-0.26015297,0.019477315,-0.13443361,0.039170086,-0.032801792,0.22456546,0.100038305,-0.048088767,-0.0039509824,-0.08634143,-0.024616156,-0.14948784,-0.24885722,-0.01349508,-0.107240565,-0.12797707,0.40307063,-0.15635067,-0.03947489,0.19639342,0.15735099,0.005618904,0.0797002,-0.16408662,0.1668889,0.055886187,0.44721383,-0.031087227,0.12842788,0.13592046,0.13991995,-0.011097357,-0.068906695,0.16310945,-0.17268631,0.057753682,-0.036514834,0.10451319,0.043274388,0.11275766,0.05514258,0.28018785,0.012690697,-0.0606328,0.09213379,0.16398317,-0.042186655
"(114.03931460563147, 22.550123307558632)",-0.08056023,0.060667753,0.073798865,0.016529245,0.2597588,0.28454983,-0.18213868,-0.030049872,-0.0053259283,0.22624682,-0.10980739,-0.18062147,0.2826213,-0.0006240532,0.19538867,-0.07472548,0.24591634,0.23720497,-0.08031416,0.12117712,-0.1770244,0.04784641,-0.17008394,-0.0624128,0.22738236,0.09534402,-0.061055698,0.09599622,-0.047772817,0.03891401,0.14694805,-0.09801696,0.41536224,-0.10294248,0.17852077,0.16119558,0.12653661,-0.26097846,0.101903066,-0.01582849,0.15116283,-0.084635906,-0.34141237,0.18530774,0.090435795,-0.16553196,-0.037067704,-0.16383761,-0.060722828,0.14960374,0.10423744,0.13085334,-0.06360018,0.25245202,-0.22852322,-0.08998051,0.013707296,0.34718096,0.2137368,0.06960227,0.106103554,-0.017120667,-0.20016344,-0.13360153,-0.0032783523,0.025963955,-0.056477398,0.08968997,-0.01475374,0.057279643,0.00039362162,0.08008953,0.051727194,0,-0.16416879,-0.0204903,-0.013257589,-0.18742064,0.0012404174,-0.07106677,0.10779494,0.027656898,-0.052549858,-0.3160329,0.13397914,0.11178769,0.07409936,-0.06944144,-0.06518384,-0.28873116,0,-0.3484802,0.08183974,-0.04188379,0.033805378,0.14550507,-0.06378059,0.14653926,0.17110007,-0.17260356,0.25762647,-0.10231415,-0.05630659,-0.08977273,0.13269605,0.13275349,0.12208412,0.11298974,0.29106724,0.0730448,0.02352228,0.119585656,-0.35580677,0.15456201,-0.10417003,0.25714725,-0.054490246,0.2840202,0.041366763,-0.18785632,0.07442275,0.2064464,0.1046866,0.30486342,-0.35436666,-0.28721297,0.22553414,0.01078859,0.10040588,-0.23882532,0.010227038,0.07720215,-0.15671805,-0.18833545,-0.2716874,0.25836045,-0.13923246,0.20575938,0.038264852,0.07360055,0.28062543,0.16561253,-0.08957444,0.06179484,-0.3433347,0.0545839,0.10445341,-0.16135564,0.11165936,-0.108929105,0.23872831,0.034164496,-0.13808037,0.017060429,0.08430019,-0.24432752,-0.025071055,-0.24982494,0.120831646,0.16741286,0.094564274,0.09846085,0.052950352,0.09952086,-0.1834275,0.47526634,-0.22851013,0.29990977,0.04637502,-0.28836173,0.084220774,0.06021881,-0.17139557,-0.0701766,-0.41792965,-0.081571534,0.05131562,-0.02791677,0.053623997,0.21862534,-0.1088505,-0.01359015,0.0623903,0.17320603,0.12006425,0.009980429,-0.12849703,-0.039582603,0.053048547,0,0.006144669,-0.23895761,0.15170842,0.16709186,-0.2739444,0.21503957,-0.09704238,0.35685915,0.18701641,-0.102072276,0.01403725,-0.06258187,-0.009386739,0.31339797,-0.2884975,-0.38780367,-0.09499468,-0.065985486,0.23762381,0.22659236,0.11594441,-0.21080086,0.029275104,0.2185667,0.08570159,0.026484147,0.013974508,0.01604452,0.035292417,-0.23008686,-0.11826949,-0.121593945,0.21356612,0.34848768,0.027856175,0.04515404,0.05185013,-0.13920373,-0.018193685,0.22845107,-0.052229937,0.08885858,-0.087954946,0.44075972,0.090042084,-0.34191597,-0.07172342,-0.060098283,-0.14160465,0.001186572,-0.21564063,0.038718328,0.16013618,0.3128534,-0.15518036,-0.22932485,-0.42447442,0.015910286,-0.16577685,-0.2077203,-0.1252231,-0.004823044,-0.28725135,0.20921288,-0.060116492,0.10480561,0.30034545,0.3385673,-0.09185491,-0.24397707,-0.08616769,0.00014895946,-0.11992177,0.026167206,0.0039796345,0.27885258,0.051546037,0.16127187,0.19264334,0,0.16773397,0.12948874,0.019760182,-0.07762143,0.10236862,0.18520242,0.25449276,-0.37779504,0.060717903,-0.30862504,0.0028073164,-0.12647308,0.28595898,0.2647779,-0.02824134,0.04571053,-0.23962893,0.02211738,-0.040971577,0.13444068,-0.005809393,-0.110957175,-0.07616773,-0.06952641,0.19336346,0.39413816,0.2835785,-0.083918996,-0.2209862,0.14670779,-0.18100326,-0.022179991,-0.15368684,0.094565615,0.34631187,-0.018022181,0.09628391,-0.41011545,0.122160494,-0.1591788,-0.4445272,0.1048841,0.12680122,0.07080929,0.14825736,-0.029236458,0.17421675,-0.05024183,-0.11911827,-0.015667178,-0.41300046,0.06454621,0.25471824,-0.089160584,-0.04992055,0.17539157,0.33905348,-0.044478476,-0.17410417,0.09047803,0.021013942,0.31739733,-0.08795742,0.10938148,0.040059432,0.027813874,0.03091926,0.37989417,0.008787051,-0.06979687,0.114147,-0.10887686,-0.093551934,0.06852251,-0.23993175,0.024121404,-0.19423996,0.22013171,0.008529879,0.15048997,0.05599339,0.120446414,0.15979508,-0.33721885,0.11581822,0.01816941,-0.014804959,-0.15158899,0.1335018,-0.29891896,-0.116789125,0.11137616,0.21023765,0.07225135,-0.08099563,0.012342886,0.042769022,0.103029385,-0.14014049,-0.32139257,-0.38505426,0.00029859878,-0.097037286,0.30889025,-0.21023129,-0.2711606,0.11151518,0.28053597,-0.13778421,0.25922891,0.019061428,0.04578701,-0.046910904,0.19063066,0.10758187,0.10917051,0.29296544,0.030401483,-0.17007267,0.02425119,0.0966434,-0.15725952,-0.102777675,-0.05679606,0.29669094,-0.09213345,0.18670712,0.13069178,0.04927899,-0.09134486,-0.0009117387,-0.00960245,0.2690742,0.23086607
"(114.03974860621685, 22.618011755615388)",0.03135771,-0.13046461,-0.019044116,0.040562987,0.34899843,0.27250916,-0.0021597184,0.10332516,0.25384215,0.16445102,0.026986502,-0.20527172,0.027954623,0.073549606,0.047846697,-0.046198882,0.0044688433,-0.07375511,0.15703587,0.00769921,0.12884143,0.073715694,0.069729574,-0.2592586,0.08054571,0.0017178301,0.056253664,0.05949024,-0.10957798,-0.014082499,0.050205976,-0.07615022,0.333194,0.22762781,0.06711435,0.052921005,-0.057306893,-0.19434823,0.074214935,-0.061620105,-0.14201444,-0.14615414,-0.14685234,-0.035588592,-0.05199168,-0.13163531,0.050053276,0.074330226,-0.12593903,0.04658059,0.103631124,0.09525575,0.04312871,0.014728807,-0.12474836,-0.20766819,-0.14109142,0.050927185,0.046464752,-0.24248442,-0.12089439,-0.058976192,-0.13882565,0.14798442,0.11559571,-0.2933753,0.12008995,0.13763878,0.0780202,-0.12082559,0.0004068166,0.062249385,0.14172326,0,0.046316646,-0.061440255,0.04419044,-0.011492945,-0.21144319,0.15396425,0.029477652,0.0061251745,-0.027657304,-0.24555524,-0.045559585,-0.19238442,0.08584607,-0.10615535,-0.22164074,-0.0071040913,0,-0.20391357,-0.010801889,-0.22973987,-0.143302,0.27085394,-0.08541021,-0.0057459176,-0.051786087,0.11217345,0.41477177,-0.019629039,-0.028043445,-0.05860135,0.019947514,0.06922805,0.048810065,0.30679953,0.16259272,0.020893674,0.08526317,-0.119266175,-0.10789277,0.066303656,-0.029545404,0.08888614,0.01041734,0.23862922,0.060392715,-0.15363362,0.29702604,0.1744926,0.12898347,0.2932916,-0.004772311,0.04998219,0.028493676,0.02662791,0.08829271,0.13968903,-0.1518277,-0.08554437,0.17140988,-0.06665788,-0.043767273,0.26507744,0.1778085,0.01456685,-0.12573025,0.20484796,0.26765925,0.0025156364,-0.15550616,-0.09073248,-0.092138894,-0.3231891,-0.020689057,-0.07294883,0.21447372,0.24797752,-0.262937,0.013927642,0.16553938,-0.03032437,0.0879114,-0.31823,-0.16385849,0.12575191,-0.047860615,0.1887197,-0.24695975,0.27335086,0.20866963,0.052205738,0.16854091,0.2592498,0.08945107,0.0943834,0.123086825,-0.2335465,0.07631222,-0.18918084,-0.31143403,-0.06838909,-0.30358958,-0.11446418,0.024928093,0.1007464,0.0067949817,-0.06046944,0.01441578,0.045901544,-0.009424195,0.14306583,-0.022691287,-0.13556637,0.009756092,0.0026732069,-0.03169982,0,0.0031657405,0.03196471,0.13142894,0.08780002,0.020373017,-0.0067402553,-0.103812434,0.08386081,0.087429866,-0.18564811,0.07067229,0.011117548,0.064954706,0.033111855,-0.00983689,-0.04242757,-0.059274286,-0.08439622,0.28662232,0.11121762,-0.00920105,-0.09216457,-0.10565399,0.09217441,0.2994613,-0.044096753,0.052207865,0.059551753,0.038648233,-0.1391927,0.054485,-0.2242359,0.31851694,-0.06938487,0.14228107,-0.11244002,0.17063928,-0.09727657,0.036042467,0.08787088,-0.118365645,0.067615874,-0.060783535,0.22509405,0.043506756,-0.043344103,-0.09414852,0.14934474,-0.2170462,0.20282048,-0.06520652,-0.06695654,-0.033985488,0.18031593,-0.177665,-0.23036408,-0.20426182,-0.05531613,-0.12690938,-0.34776926,-0.18996242,-0.15518433,-0.11317803,0.12778978,-0.14105627,0.017748721,0.054869436,0.29449067,0.018807992,-0.18217081,-0.06466184,-0.055612497,0.08163166,0.0069068037,0.07386877,0.15040782,0.16853157,0.03716006,0.0063771307,0,-0.004895225,0.04977651,-0.22408652,0.19208467,-0.07590307,0.11508089,0.21260297,-0.039086867,0.19682872,-0.27057317,0.10903229,0.17295812,0.18905076,0.009645537,-0.017840836,0.018942758,-0.24263424,0.032292012,-0.0033533126,0.04972426,0.00063359377,-0.34730977,-0.1644029,0.103844695,0.13391045,0.09231733,0.11599822,-0.3386173,0.040944025,0.038535416,0.0027727801,0.002443105,0.037465427,-0.10741803,0.28515795,0.046398275,-0.09930509,-0.04222446,0.17277037,-0.068096705,-0.15068577,0.22063841,0.15241557,0.16028959,-0.07691425,-0.20943129,-0.17137569,-0.05294653,-0.19540945,-0.10667947,-0.10263918,0.017446084,0.32210475,-0.1988942,-0.12453886,0.24500415,0.19157827,0.18713549,-0.12155852,-0.01430627,0.1665219,-0.02642501,0.090866,-0.016997045,-0.14150393,0.010767259,0.07480282,0.17279531,0.038015388,0.058625538,0.03903865,-0.015904414,0.12691979,-0.09210977,0.20113297,-0.108084664,-0.33360747,0.17536916,-0.11593519,0.09936963,0.087248504,0.10909934,-0.096500054,0.055811107,-0.21094066,0.24766481,-0.07326928,-0.28357995,0.015832357,-0.12524217,-0.060619496,0.02062575,0.17134964,0.12617308,-0.06938981,0.106029585,-0.11860103,0.03371835,-0.2037398,-0.27548012,-0.08947519,-0.15862948,-0.06736774,0.37422827,-0.17950857,-0.12953977,0.166365,0.114029124,0.044877145,0.14310265,-0.08709243,0.17335324,0.039459176,0.36348492,-0.009825431,0.18718861,0.17282364,0.1288139,-0.0901667,-0.07929078,0.14028184,-0.08427705,-0.025707468,-0.016744666,0.12996578,0.040591396,0.13602926,0.1265017,0.24191055,0.045017827,0.022368621,0.028984323,0.15233001,-0.02396328
"(114.04083813439034, 22.676922058833792)",0.005682893,-0.21279362,-0.117151186,0.022104373,0.38571888,0.3605209,-0.01668961,0.14953159,0.3298243,0.13909762,0.06359472,-0.3862019,-0.13412061,0.13715824,0.00042824447,-0.049626112,-0.073030174,-0.22390771,0.16082942,-0.26667288,0.09559547,0.08892251,0.15459359,-0.34739566,0.10391721,-0.058014546,0.07767651,0.014709785,-0.06477161,0.0077191144,0.046299554,-0.07592471,0.16573462,0.28582537,0.043821655,0.10277135,-0.0010502078,-0.3132109,0.01653039,-0.08501056,-0.037783854,-0.22950912,-0.14432284,-0.10491039,-0.0015158989,-0.10718777,-0.007918593,0.100306064,-0.08528511,0.08259448,0.039405197,0.12544374,-0.0061962493,0.09227908,0.045174696,-0.20806251,-0.14926049,0.0192836,0.12676682,-0.32864425,-0.17424394,-0.04473306,-0.03864905,0.20359312,0.15852,-0.36414307,0.31647414,0.13637756,0.10421878,-0.12191667,-0.08140019,0.13367978,0.1475727,0,0.02946944,-0.07178955,0.087590724,0.08670042,-0.19696388,0.13635182,0.025736239,-0.008239932,-0.079346776,-0.19353999,-0.09461862,-0.19022515,0.050982997,-0.11532917,-0.21364176,0.05104586,0,-0.11811765,0.035428934,-0.30420938,-0.276677,0.23400012,-0.072468154,0.082247674,-0.062020443,0.23148257,0.36033693,-0.12720227,-0.0994869,-0.07756657,-0.14646102,0.07780787,-0.039916947,0.2866087,0.10634763,0.1648079,0.12629598,-0.22378317,-0.093408324,0.19334215,-0.07385479,0.090048455,0.01833342,0.23040865,0.1194609,-0.070561126,0.3515883,0.24928564,0.10207339,0.28868932,0.04298476,0.11200318,-0.07441276,0.03659838,0.103786156,0.13338913,-0.088250205,-0.14878283,0.26595172,-0.08706064,0.10882763,0.22483304,0.12648249,0.009277184,-0.08722493,0.26379564,0.1517827,0.023905467,-0.15381083,-0.0080773905,0.021089464,-0.39709,-0.051471338,-0.11716378,0.11114858,0.32428122,-0.39464003,-0.07289815,0.24564911,0.014404759,0.17342056,-0.35215974,-0.22438458,0.16210046,-0.11177509,0.15345083,-0.24700013,0.27130038,0.42900544,0.2060709,0.2861812,0.26168278,0.12398131,0.1552969,0.15786502,-0.19980809,0.06775042,-0.22124706,-0.24967894,-0.09407599,-0.20895542,-0.11514659,-0.011622623,0.07176404,-0.062684394,0.012896225,-0.09954306,0.022872731,-0.030674987,0.16972682,-0.032376565,-0.08635436,-0.02390607,-0.0072420053,-0.09764166,0,0.07226007,-0.020402346,0.14929345,0.052285563,-0.016470306,0.040861897,-0.10654821,0.05077023,0.10024054,-0.14107424,0.04785955,0.071029596,0.07964935,0.047445476,0.030701503,0.011185139,0.052470706,-0.13671874,0.3027818,0.061085522,0.0041775256,-0.026782224,-0.07233779,0.16289824,0.53685415,0.0699227,0.11537087,-0.039512075,0.05803474,-0.1939623,0.010432875,-0.20077178,0.27203152,-0.14662763,0.13229536,-0.06957037,0.02488703,0.0088752825,-0.009172723,0.10563913,-0.0039535426,0.17745444,-0.24382375,0.183581,-0.05244232,-0.18038812,-0.093708605,0.13570176,-0.17021278,0.22080907,0.0934615,-0.034326456,-0.053580612,0.08571848,-0.19329211,-0.20972848,-0.31211996,-0.0825156,-0.19462836,-0.29664743,-0.18904585,-0.17957857,-0.05154033,0.1361471,-0.13497189,0.04812611,0.051211365,0.20803015,0.10522832,-0.06636939,-0.15066427,-0.112704955,0.14149195,-0.007026814,0.03844517,0.08086082,0.1439835,0.06567403,0.09379745,0,-0.033619527,0.07501591,-0.28577945,0.29212227,-0.18392456,0.115076244,0.20387325,0.019151744,0.16669747,-0.22274435,0.14814512,0.2236297,0.17222136,-0.030851677,-0.102860644,-0.025199361,-0.3045288,0.07714568,-0.06579775,0.089428425,0.0148400925,-0.5127745,0.013292171,0.3871001,-0.039489273,0.122314565,0.08754401,-0.4071365,0.11758583,0.0059535205,-0.044631332,-0.027143165,0.11834328,-0.10276064,0.3607581,0.115893796,-0.14886849,-0.101614535,0.31017315,-0.16440338,-0.13335007,0.14817797,0.16949342,0.24261607,-0.060365856,-0.31334773,-0.06468564,-0.021216556,-0.24730048,-0.09011464,-0.15429354,0.017651612,0.2737449,-0.2049529,-0.27008066,0.2831003,0.33707744,0.1755623,-0.049302995,-0.039294362,0.16290174,-0.024289472,0.1141356,-0.042052723,-0.23221183,0.0403587,0.06297765,0.12423535,0.003345199,0.012312766,0.023196444,-0.046364628,0.15248439,-0.10193966,0.29726708,-0.10689032,-0.32724842,0.21693681,-0.12715916,-0.008814421,0.002128344,0.041555602,-0.140677,0.14621842,-0.30325657,0.20641023,-0.1379324,-0.21203184,0.07611408,-0.18493429,-0.063273735,0.04845167,0.16230011,0.12075063,-0.090067886,0.023464784,-0.20503774,-0.03509829,-0.14871188,-0.29955238,-0.009997867,-0.17213295,-0.12612987,0.3417775,-0.16171676,-0.1030194,0.24646448,0.1823076,0.10483219,0.0023128428,-0.06530686,0.25429255,0.09982324,0.37556976,0.018002778,0.16110538,0.21608765,0.021778438,0.10328239,-0.18192491,0.18583357,-0.0877029,0.0008583814,0.04436993,-0.0047226697,0.10209034,0.20873865,0.15731964,0.27393436,0.19731613,0.01026443,0.088134505,0.13513644,-0.014272043
"(114.04089926630354, 22.522715042428143)",0.17066838,-0.15097526,-0.02259934,0.099502325,0.29741004,0.13929163,0.12486288,0.05312239,0.14525804,0.2557219,-0.06503409,-0.1792774,0.18879697,0.0807296,0.062362798,-0.011548746,-0.06190364,-0.10650811,0.06618871,-0.014835205,0.09362572,-0.005613921,0.067118324,-0.1569435,0.089059114,-0.048821308,-0.09392086,0.046782643,-0.043629706,0.17102171,0.17017858,-0.0025148317,0.025074549,0.28188252,0.1637764,0.17450413,-0.023157604,-0.083771095,0.13975099,0.0885539,0.056457467,-0.18714678,-0.14230633,0.0050605536,0.0803585,-0.15201505,0.076981224,0.06554116,-0.0004304573,-0.094157666,0.005794868,0.05945406,-0.019028287,0.094859675,0.09562578,-0.019803565,-0.042649932,-0.035006233,0.08450562,-0.11456398,-0.1440584,-0.098064095,-0.1755761,0.20737691,0.041609056,-0.09418028,0.15338436,0.07012279,-0.057611052,-0.15700571,0.004573427,0.0029751007,0.061236117,0,-0.099824056,0.03993875,0.23004691,0.019994594,-0.12951183,0.16903633,-0.03374015,-0.11258905,-0.0972081,-0.14921318,0.0029727146,-0.063748986,0.07771832,-0.24906233,-0.020712897,-0.09259007,0,-0.09339806,-0.0038863122,-0.22685672,-0.051810537,-0.047949344,-0.04472387,0.08079134,-0.08061118,-0.06826714,0.1882616,0.00045201927,-0.16901569,0.13551147,0.008373678,0.17592122,-0.0073289424,0.19534323,0.22209285,0.039449815,-0.006115432,-0.12332838,-0.0527725,0.09615774,0.11721169,0.018324971,0.22093315,0.23887318,0.064859085,0.024661146,0.18122093,0.14740293,0.18797371,0.15160158,-0.10135209,0.032470345,-0.043630663,0.014784183,0.14854583,0.21600738,-0.0022450709,0.045309916,0.122524515,-0.008369528,-0.0036456361,0.22911312,0.085510336,0.07352072,0.091497555,0.14844471,0.0097360015,-0.03318085,-0.25957742,0.15690032,-0.07667216,-0.0077522397,-0.0480987,0.0061828084,-0.06987944,0.20085835,0.03666446,-0.03812425,-0.062428102,-0.051802352,0.0377263,-0.3316058,-0.1571806,0.117705114,0.043164372,0.30032092,-0.039463066,-0.01535733,0.29173926,0.12650754,0.16846536,0.22212175,-0.07799395,0.1613112,0.18207717,-0.052604593,0.05467785,0.048379377,0.06534613,-0.034845993,-0.13842711,-0.05794938,0.08678752,0.026622478,0.00047534704,0.048764564,-0.058944434,0.035757184,-0.013447229,0.15782118,-0.08599704,-0.0014631264,-0.00834268,-0.041094825,-0.1710124,0,0.010470025,0.14491892,0.028190805,-0.052764293,-0.106387675,-0.13199349,-0.0706725,0.033685796,-0.11895825,0.0076893494,-0.044433653,-0.020098984,0.049292237,0.09072794,-0.04601954,-0.06673677,-0.09438284,0.06597744,0.112836204,0.02815464,0.0002809465,-0.024142178,-0.18678378,0.18708135,0.4239162,0.19590282,0.033261813,0.015420638,-0.02618917,-0.10145951,0.032618135,-0.14794596,0.29987946,-0.09354268,-0.011538219,0.07820267,0.031734508,-0.031966694,-0.07970462,0.032885104,0.0079480745,-0.029795308,-0.06864392,0.11485036,-0.15011266,-0.060136437,-0.010953959,-0.0030375123,-0.033223525,0.11538609,0.053604268,-0.03313803,-0.023346445,-0.04688564,-0.120966464,-0.17786399,-0.22536862,-0.007683385,-0.02818244,-0.052819833,-0.037224293,-0.16162416,-0.11558665,0.11183907,-0.048603542,-0.026347779,0.07253924,0.21295,0.07095793,-0.020559348,-0.13484764,-0.05084782,0.09042743,-0.0772867,-0.033208106,0.05445678,-0.06876056,0.14854372,-0.0342147,0,0.02994059,0.15516111,-0.10255903,0.19750193,0.07360703,0.112230174,0.26407903,-0.14285155,0.038820818,-0.16602276,0.05766708,0.1023299,0.0060097873,-0.04840964,-0.24608372,0.06009634,-0.015300419,-0.03324502,-0.1666646,0.06988104,0.087864526,-0.2882247,-0.03986104,0.16037267,-0.034110412,-0.0006345324,0.12999906,-0.28771782,-0.027205514,0.05484177,0.027307907,0.09708463,0.08656563,-0.10126582,0.16648863,0.058821566,-0.05566209,-0.07239261,0.16252317,-0.13198137,-0.17824997,-0.1315375,0.12815297,0.02506457,-0.029389322,-0.15050942,-0.06927964,0.1479941,-0.07313375,-0.016362898,-0.07838404,0.07728198,0.16021493,-0.22512484,-0.08028825,0.2157372,0.21187901,0.089082524,0.012789077,0.10245013,0.036551964,-0.021395585,0.06230355,-0.0820931,0.03743969,-0.056118775,0.07685632,0.120136246,0.025820203,-0.040907115,0.03051991,0.048501708,0.043479457,-0.051222004,0.08174914,-0.025762998,-0.0061415695,0.25634935,-0.04286699,-0.03613342,-0.13077343,0.06690836,-0.11461298,0.096295886,-0.068151854,0.095747784,-0.15582207,-0.0666988,0.18499425,-0.21118252,0.14328918,0.024143377,0.090354845,0.15881851,0.10103826,-0.17639588,-0.14004993,-0.03884783,-0.1590752,-0.2558732,-0.09916236,-0.097572185,-0.057923377,0.42201418,-0.09028091,0.052222,0.25349358,0.07949373,-0.040239822,0.044699688,-0.05005524,0.09684332,-0.10247227,0.19189666,0.061323725,0.22539578,0.02625651,0.014169806,0.099133655,0.051391724,0.10734586,-0.21134089,0.05994889,0.0618812,-0.055525675,-0.11278271,0.23645717,-0.033617698,0.21366018,-0.016828876,0.09252469,0.15857542,0.032160047,-0.0006780932
"(114.04149469364386, 22.52218538238965)",0.17654014,-0.15110731,-0.014926448,0.09753295,0.29672995,0.139503,0.11775614,0.05026312,0.14437112,0.25326258,-0.06610192,-0.17387833,0.20269531,0.081914134,0.06264552,-0.010954909,-0.05744262,-0.09946247,0.07494877,0.003721837,0.104100086,-0.007892973,0.0640256,-0.15061721,0.08764008,-0.042290095,-0.09154043,0.046443097,-0.04471433,0.16425964,0.16643162,-0.0043943003,0.053803317,0.28355762,0.16028288,0.16617422,-0.02922783,-0.07535599,0.13663389,0.08694517,0.03982375,-0.18374985,-0.14481072,0.005604133,0.07132629,-0.15649547,0.08250974,0.06869958,-0.0095171705,-0.09538527,0.01290717,0.05790429,-0.0125683285,0.086908534,0.0722566,-0.034858707,-0.05052509,-0.029167168,0.07465434,-0.108391844,-0.14053725,-0.09842482,-0.18148957,0.208881,0.043169167,-0.10060247,0.13971059,0.07654895,-0.056606386,-0.1657844,0.009653188,-0.002991153,0.064383164,0,-0.09270992,0.041536544,0.22636624,0.017887667,-0.13361256,0.16991976,-0.032791007,-0.10865259,-0.09540592,-0.15566152,0.0055530816,-0.076659136,0.07595894,-0.24627832,-0.026115797,-0.09255067,0,-0.10891076,-0.0096029565,-0.22588594,-0.04713007,-0.029356906,-0.046661217,0.075086415,-0.07816226,-0.07314435,0.20479488,0.009404704,-0.16537397,0.13091286,0.016370848,0.17073113,-0.0025458932,0.201071,0.22260608,0.02453138,-0.011049208,-0.11683508,-0.05053696,0.090664946,0.11896867,0.016724207,0.21157673,0.23675731,0.057081304,0.013001507,0.18008305,0.14316031,0.1856348,0.15397094,-0.10064282,0.029653296,-0.03498817,0.013906231,0.1480405,0.21937451,-0.009597378,0.045695372,0.122618735,-0.0079787895,-0.008537352,0.23766409,0.09321289,0.07084592,0.07855222,0.1449568,0.025585283,-0.035596754,-0.26082432,0.14356068,-0.089378305,-0.011168316,-0.046511136,0.011703588,-0.05255215,0.19897217,0.035949472,-0.03171815,-0.057205364,-0.050916627,0.03514557,-0.33793423,-0.15723516,0.11881883,0.04002758,0.30078948,-0.044309705,-0.00561703,0.28262794,0.114530325,0.16362269,0.22209118,-0.06844583,0.1491991,0.1875045,-0.05977785,0.055472553,0.04042159,0.046105705,-0.03850811,-0.15504947,-0.058598146,0.088062376,0.028156364,0.00761912,0.032634996,-0.051930487,0.03899312,-0.01165447,0.15628187,-0.084799,-0.012533765,-0.010504201,-0.039603442,-0.17497903,0,0.0057891086,0.15538475,0.027842399,-0.04925093,-0.09723237,-0.13582312,-0.0750207,0.032855816,-0.116860256,-0.0038524233,-0.034814417,-0.025262564,0.048282124,0.09191087,-0.037672028,-0.0676751,-0.10572748,0.06718494,0.116431914,0.033424653,-0.0026164204,-0.035200983,-0.19362347,0.18088825,0.4066916,0.17764191,0.026417347,0.02429884,-0.03697682,-0.09613932,0.03969956,-0.1602418,0.3068526,-0.09020394,-0.009775739,0.06764888,0.049515586,-0.034132555,-0.07378697,0.031905025,-0.0033361576,-0.039542276,-0.052107934,0.12594952,-0.13856058,-0.050165802,-0.014915485,0.004808843,-0.042965934,0.12319823,0.041409165,-0.036966167,-0.022475911,-0.03667327,-0.11891718,-0.1876654,-0.21195228,-0.009906232,-0.023984715,-0.07644163,-0.042181127,-0.16712546,-0.119575664,0.10641856,-0.057488076,-0.0313844,0.070392035,0.21679635,0.06417918,-0.038343124,-0.12820765,-0.047263496,0.083915815,-0.07829485,-0.027638424,0.057105523,-0.059353247,0.13948902,-0.043634232,0,0.03352496,0.15383883,-0.10605266,0.18753594,0.08157396,0.11149697,0.26410723,-0.14509846,0.04872609,-0.17327702,0.05375955,0.10218974,0.008102123,-0.047971323,-0.23314574,0.062458172,-0.018410528,-0.033855245,-0.16774851,0.06601711,0.08216508,-0.28726608,-0.06894262,0.14461312,-0.012661599,-0.0028123409,0.13491316,-0.29083258,-0.026373135,0.05502922,0.035989165,0.090767905,0.07974341,-0.10294007,0.16030525,0.051034547,-0.059361394,-0.06513264,0.1508116,-0.12824944,-0.17986879,-0.11350982,0.1231661,0.023349134,-0.028449252,-0.14740965,-0.08002868,0.1391562,-0.07495296,-0.023160368,-0.072367996,0.07499427,0.17366883,-0.22553605,-0.076086484,0.21713285,0.20684004,0.08745217,0.0054579293,0.10130823,0.038616862,-0.025598591,0.068006314,-0.0821181,0.033414584,-0.0581928,0.07942164,0.12175928,0.028803185,-0.029917885,0.033279754,0.050168835,0.043221727,-0.04871711,0.081964254,-0.028730966,-0.020170275,0.25310805,-0.045593314,-0.029593606,-0.11732128,0.07192999,-0.11222133,0.0950345,-0.06479057,0.111742355,-0.15099552,-0.08260916,0.17533842,-0.21026284,0.14386305,0.018269787,0.0936524,0.15719141,0.098014444,-0.17047036,-0.1311744,-0.02571312,-0.16730607,-0.25900072,-0.11085654,-0.09954872,-0.048947163,0.42932406,-0.09145226,0.04478748,0.24482892,0.07599126,-0.042297836,0.059903074,-0.04715425,0.09186506,-0.10554185,0.20134686,0.049691066,0.23083068,0.027208261,0.033126235,0.08495957,0.054781403,0.09917417,-0.21248953,0.055504248,0.056074724,-0.03842306,-0.11152568,0.22816266,-0.028424894,0.21155623,-0.02523734,0.09021847,0.15203515,0.03259714,-0.0015028873
"(114.0421116616177, 22.640221601715115)",-0.008986406,0.076019205,-0.067066364,-0.006610656,0.1158119,0.1211901,-0.13799185,0.026037406,0.0011785924,0.2152778,-0.064003855,0.033683296,-0.12462165,0.01824423,-0.27812508,-0.058400873,0.18418874,0.19857872,0.17544514,0.2714037,0.07604245,0.010733204,-0.07039526,0.10579154,0.07958451,0.068938375,0.037995555,0.03042968,-0.13062222,-0.12924185,0.033477634,0.02092453,0.3497086,-0.026345229,0.15450892,-0.17654556,0.062005028,-0.06670633,-0.11943698,-0.092514426,-0.20940042,0.35815355,-0.26355106,-0.03332793,-0.118726,-0.0012041386,0.16837536,-0.18688083,-0.21431758,0.034536958,-0.073010385,0.12412519,-0.015746098,-0.010579139,-0.3018515,-0.044257153,-0.12899278,0.27530378,-0.012006596,-0.20325992,-0.06867966,-0.07269572,0.02680638,-0.0969425,0.05085801,-0.15836254,-0.09153263,0.010776866,0.116163954,-0.2081384,-0.020783432,0.21769822,0.057887964,0,-0.2995776,-0.077937424,0.02991933,-0.03947129,-0.15686849,0.0924181,0.21417288,0.08403815,0.23584901,-0.41617543,0.012413684,-0.06986838,-0.0015059039,-0.05990041,-0.25018686,-0.1203912,0,-0.09487789,-0.0249893,0.21928908,0.019141503,0.19481978,-0.04305319,0.042587623,0.15165573,-0.022922676,0.30578706,0.015901633,0.13421412,0.019003287,0.15646075,-0.081230074,0.29069456,0.296134,0.12164221,-0.17635024,0.09681355,-0.07483027,-0.07587091,-0.078334324,-0.15566947,0.3935167,0.11042352,0.33798805,-0.11322832,-0.16960844,0.4480971,0.12950331,0.10369007,0.32215148,0.042763777,-0.13375981,-0.012906428,0.041643746,0.042718373,0.14507401,-0.36841765,-0.18089232,0.15858844,-0.0140624195,-0.15812035,-0.011979016,0.33524388,0.16146249,-0.14884466,-0.099828176,0.25042686,0.033379484,0.26460052,-0.09713841,-0.07385299,-0.26168272,-0.0147184525,-0.06510356,0.38227415,0.39052978,0.11546518,0.1626865,0.16002648,0.026843205,0.40723675,0.13549486,0.15023445,0.050384827,0.28456804,0.21830286,-0.34621236,0.47480032,-0.14124128,-0.17101818,0.012626007,0.011844257,0.11175391,0.16333048,-0.22559918,-0.28510988,0.04084421,0.0854312,-0.32335404,-0.0051416606,-0.34108257,-0.00246552,0.19291918,0.0265534,-0.112875886,-0.03918519,0.34040335,0.12937674,0.092889994,0.07997285,0.25484475,-0.41866136,0.033393703,0.054249763,0.13332441,0,-0.07307437,-0.07127873,0.19511913,0.18043226,0.08168315,0.07038915,0.1523474,0.24760771,0.06507194,-0.19652092,0.030517517,-0.0777998,-0.07507851,0.025513882,-0.018682785,-0.0079333335,-0.09293322,0.12936021,0.29934335,0.15957944,-0.03215447,-0.0648888,0.18069468,0.14657664,-0.2315085,-0.26434523,0.028286656,0.20054609,-0.08697999,-0.23810038,-0.028052725,-0.20408326,0.38202316,0.23527345,0.045179058,0.016990319,0.3949479,-0.016084218,0.16531792,0.028942905,0.038910378,-0.24628614,0.10189868,0.22473511,0.27406454,0.15972197,-0.07297537,0.092101306,-0.39532262,0.27105626,-0.22047204,-0.17392051,0.09199686,0.06360933,0.065113366,0.04221209,-0.23930518,0.11802308,-0.15881744,-0.2542004,-0.26835227,-0.1979906,-0.28269243,0.17564313,0.010618903,0.02560813,0.2123529,0.02593818,-0.14212056,-0.374999,0.05182167,0.2995108,0.0702993,0.07177557,0.0732954,-0.041847683,0.0778902,-0.074120656,-0.11024004,0,0.11027522,-0.09243478,-0.07896931,-0.0644525,0.105649695,0.18419057,0.09183847,0.16725352,0.19859454,-0.2365244,0.03629132,0.06001218,0.23552057,-0.09077042,0.22193994,0.03498771,-0.063234635,0.027468447,0.2945412,-0.071982324,-0.22130302,0.027263284,-0.40736166,0.062704444,0.26791593,-0.055216298,0.13799447,-0.19848281,-0.072242215,0.21745217,0.10144031,0.20780227,-0.039208647,0.21809281,0.17515627,-0.13039042,-0.1522371,0.053492982,0.0018527694,0.10262772,-0.06920062,0.4211088,0.11200473,0.43694037,-0.07339756,-0.08581311,-0.13670412,-0.19241095,-0.07926111,-0.18843326,-0.01330176,-0.09442659,0.3143161,0.06657932,0.17936498,0.21751775,0.25378367,-0.027309373,-0.23813756,0.15858123,-0.101317,0.29375988,-0.23316234,0.1083495,0.0008801818,-0.20413965,0.22480585,0.37047863,0.25175786,0.03465757,0.28361744,0.051073022,0.07321474,-0.050680906,-0.082818046,-0.017232612,-0.32996586,0.04923364,-0.23294672,0.25472543,0.27034774,0.19273114,0.22119616,-0.15927982,0.010857187,0.28070447,0.0052479506,-0.2011061,-0.22289965,-0.22306958,-0.1160563,0.0027545784,-0.115440205,0.120885454,-0.14344734,0.17045964,-0.022884294,0.35608238,-0.23024882,-0.39023727,-0.23276493,-0.0886681,-0.0011586286,0.30600634,-0.28593957,-0.59186554,0.023564342,0.10360332,0.0011737235,0.33486012,0.18198319,0.114027604,-0.10695372,0.3450354,0.105967164,0.26937184,0.30503023,-0.1093591,-0.1791848,-0.13692671,0.25212133,0.121969625,-0.34233743,-0.14003554,0.39200276,0.06325268,0.22975208,0.42802414,0.1037963,0.10620478,0.029495437,0.029694743,0.09059284,0.15678036
"(114.04424203489806, 22.712716126872444)",0.24138534,-0.21584785,-0.14176749,0.16462104,0.43747282,0.09660356,0.30490935,0.12933818,0.1939066,0.22534062,0.015355021,-0.22860074,0.08617854,0.10605956,0.12014096,0.0465406,-0.22534801,-0.38400945,-0.044966962,-0.38061947,-0.23275396,-0.09789055,0.17263785,-0.22536525,0.12490356,-0.15154566,-0.23920351,0.040835723,0.108472615,0.27515754,0.15727304,0.13004217,-0.483822,0.2803739,0.099173896,0.21026948,0.02673719,-0.20835526,0.006225761,0.14845783,0.21907446,-0.29628503,-0.044381842,-0.051117394,0.2574609,-0.056295156,-0.118253574,0.07332207,0.19977155,-0.08283579,-0.08933484,0.14197458,-0.10115415,0.23307586,0.32918158,0.159727,0.12621006,-0.14076045,0.15719165,-0.089414276,-0.24340017,-0.07832202,-0.07523744,0.25220543,0.059533793,-0.1053861,0.3899554,0.027879287,-0.049699206,-0.12663306,-0.14580089,0.13904698,0.022841185,0,-0.09531401,-0.035969283,0.3858002,0.27334896,0.06480343,0.06731377,0.04451227,-0.14712352,-0.006592054,-0.08026537,-0.0033128373,0.2780426,0.012866296,-0.44704857,0.14706111,0.14204909,0,0.11388741,0.026917495,-0.19388384,-0.16230774,-0.36700398,-0.04278847,0.2369886,-0.04455789,0.041591827,-0.06056381,-0.21716794,-0.16013072,0.19062482,-0.21240416,0.24187997,-0.13954271,0.15985519,0.050705507,0.35101968,-0.09159928,-0.17931803,0.0685151,0.33156154,0.23018509,-0.14385241,0.4183903,0.29948467,0.20496571,0.27421042,0.05673109,0.15482222,0.16878659,0.08727661,-0.11771416,0.18967819,-0.2180608,0.03539184,0.25765285,0.292899,0.026705606,-0.0043204,-0.06516458,0.0095066875,0.13718203,0.11695662,0.024491668,0.06431119,0.42782047,0.2493152,-0.20444751,-0.03852268,-0.08689538,0.3067077,0.078216985,0.075297624,-0.18528463,0.001149971,-0.40441042,0.17585942,0.09736261,-0.10337152,-0.053864792,0.032676958,-0.02161188,-0.117323294,-0.0123793855,0.14784276,0.093257494,0.32184595,0.11043528,-0.15132472,0.50424266,0.32307297,0.30892298,0.2361752,-0.17421748,0.35887694,0.2332068,0.16142166,0.07141697,0.12922855,0.30651918,0.089941755,0.07086102,0.05917098,0.035502613,-0.019566774,-0.0033449903,0.22539788,-0.24624324,-0.063025326,0.015795406,0.4002026,-0.114303656,0.11197801,0.028358307,-0.037559967,-0.15522143,0,0.15794301,0.19566193,-0.10551465,-0.1800347,-0.22630537,0.10504437,0.04829286,-0.016089894,-0.08821133,0.053540282,-0.33337837,-0.010252029,0.11075605,-0.09456986,-0.06893125,-0.0030740052,0.18028429,0.059848562,-0.032762676,0.025079152,-0.049067974,0.21802157,-0.111978896,0.24669768,0.8561254,0.46210605,0.15215594,-0.26604798,-0.0015215352,-0.05051005,-0.012607489,0.09834679,0.12949844,-0.12698328,-0.12611341,0.21784875,-0.39213318,-0.01073619,-0.082266174,0.050589807,0.14345449,0.23175974,-0.21758144,-0.111597404,-0.3692186,-0.17974459,0.07398565,-0.18558267,0.12098794,0.095744975,0.4852667,0.005588254,0.015075194,-0.2738902,-0.10777624,0.078920685,-0.4405033,0.0033961758,-0.07388499,0.3799253,0.067044035,-0.22765096,-0.012521759,0.1347631,0.04735598,-0.0121172145,0.11764268,0.11461554,0.20611642,0.25554466,-0.17617634,-0.10867009,0.1784403,-0.10587103,-0.21932742,0.0603886,-0.37877992,0.13272925,-0.014943168,0,0.08361596,0.17246681,-0.13444798,0.21186826,-0.057979837,0.1102093,0.3511612,-0.0900594,-0.02470719,-0.083239466,0.08559626,0.090372756,-0.0659248,-0.07665649,-0.62862736,-0.0013869694,0.018444918,0.021532703,-0.3851266,0.11990479,0.17182979,-0.42951626,0.38261473,0.45472142,-0.30220202,0.011691522,-0.20898615,-0.20838013,-0.023201967,-0.06908727,-0.11017225,0.12572819,0.33400193,-0.023786634,0.17182958,0.121764794,0.025478099,-0.15929256,0.401137,-0.23507294,-0.037244335,-0.2889109,0.1990458,-0.040195692,0.19346888,-0.3077452,0.030914277,0.36012354,0.12321989,0.06867009,-0.27622396,0.10693748,-0.027350191,-0.19164744,-0.11691604,0.15951045,0.2800506,-0.016117513,0.21146715,0.17138952,-0.13684298,-0.11092706,0.050490282,-0.15033409,0.12890622,0.09062981,0.028209232,0.002675136,-0.033509318,-0.2941513,-0.041181408,0.053681068,0.089184076,-0.05517333,0.14422354,0.05439594,0.18136446,0.31405702,0.0054361597,-0.34979546,-0.371243,-0.08423653,-0.25025207,0.2498455,-0.11065205,-0.13651662,-0.2207111,0.11438899,0.3067989,-0.1711509,0.3268586,0.036019452,0.088200316,0.1135254,0.17294699,-0.48348472,-0.17479864,-0.3262134,0.054369327,-0.10937171,0.20195228,0.024931485,-0.21902883,0.29208168,-0.022680799,0.27591664,0.41880986,0.23117217,-0.040441792,-0.24276818,-0.20640911,0.21118504,-0.054378264,0.16471577,0.2549615,0.022405244,-0.041475393,-0.16057588,0.54180515,-0.049152303,0.23406178,-0.29140383,0.3007989,0.11030199,-0.2926433,-0.083563864,0.3537521,-0.25348255,0.31064108,0.077106476,0.0046948045,0.34829018,-0.051577903,-0.12449281
"(114.04546519484516, 22.53874783581617)",0.057213135,0.09197152,0.05694482,0.13712186,0.32519007,0.13173865,0.07571401,-0.042829808,-0.1150243,0.41708237,-0.2077313,0.004238058,0.4973836,-0.047101263,0.13647696,-0.0953345,0.18300422,0.20702767,-0.0979594,0.303757,-0.11481256,-0.059716947,-0.1862754,-0.018029705,0.13674828,0.04565927,-0.22924408,0.19297677,-0.07595946,0.1628859,0.22056963,0.037432812,0.15416148,-0.050260797,0.27931902,0.12643906,0.05230288,-0.032028377,0.17671235,0.05371224,0.10676635,-0.018974386,-0.32995558,0.18074203,0.12801337,-0.22227032,0.04478836,-0.20625028,-0.040595554,-0.119740516,0.006545648,0.104285866,-0.11651808,0.19119574,-0.15575996,0.114214554,0.071855955,0.26154298,0.16449025,0.1446318,0.046772275,-0.10419874,-0.34152055,-0.07724787,-0.10044569,0.20268488,-0.1611171,0.013510484,-0.12913217,-0.0021154918,0.022769518,0.052594356,-0.04594311,0,-0.37592685,0.054547284,0.09722361,-0.18608665,-0.062447086,0.056233473,0.0779949,-0.07463345,0.0034238212,-0.29430568,0.16359645,0.26182002,0.07041988,-0.28542063,0.0007583648,-0.33325276,0,-0.2332285,0.016380113,-0.06668397,0.13517019,-0.1915965,-0.022695575,0.11121468,0.11984416,-0.3941395,0.10507281,-0.030471236,-0.08105169,0.12169634,0.22669058,0.20163614,0.20075032,0.15865208,0.33580327,-0.03753031,-0.090266146,0.045912847,-0.23799449,-0.0035082363,0.082802646,0.13658276,0.3535079,0.3812866,0.033229515,-0.089830786,0.056091413,0.12317655,0.21221869,0.3007049,-0.34381357,-0.27479085,0.15170632,-0.0014712512,0.13538492,-0.0034543425,-0.024070831,0.1644258,-0.2347715,-0.102266975,-0.32864708,0.2137525,-0.06730882,0.16736183,0.23470029,-0.0036332402,0.08506182,0.08150177,-0.15682131,0.22614408,-0.32880852,0.20164777,0.0132303,-0.030210856,-0.020836964,-0.0050154384,0.5562115,0.07758314,-0.38503486,-0.09133308,-0.07416269,-0.17424493,0.024007097,-0.18808289,0.34505007,0.35147208,0.063379124,-0.07054849,-0.05168502,0.04250541,-0.13235275,0.44786748,-0.3759848,0.31571138,-0.0052218586,-0.12078475,0.0474205,0.36269838,0.017408267,0.05790349,-0.3008355,-0.03796646,0.14281623,-0.041012377,0.032376625,0.24205554,-8.0849975e-05,0.038195327,0.08662209,0.1810019,0.006257482,0.0109480955,-0.05456411,-0.09645826,0.0077588297,0,-0.009012841,-0.045439176,0.014529226,0.06803475,-0.32854697,0.0025049243,-0.07966231,0.24213034,-0.11683084,-0.0065667853,-0.11463742,-0.0901749,-0.022971654,0.17540902,-0.28827643,-0.33471173,-0.22709589,0.14465295,0.08895441,0.15694375,0.005877733,-0.04525175,-0.0046676192,0.22336315,0.10584586,0.12513818,-0.013503389,0.058523543,-0.013744034,-0.17425676,-0.056358967,-0.09358577,0.21913587,0.28085223,-0.0736219,0.24202709,0.085187286,-0.2542577,-0.018179707,0.087954715,0.043525342,-0.15503532,0.045538742,0.2370901,-0.02528727,-0.074084654,-0.022840489,-0.1642516,-0.05849345,-0.114315934,-0.286592,-0.077096686,0.12671578,0.07522307,-0.1369217,-0.13117146,-0.46277344,0.084129296,-0.015506305,0.04474105,-0.004983172,-0.08948171,-0.31097633,0.2019544,0.00078778714,0.02555082,0.285063,0.341095,-0.12771381,-0.1567001,-0.12551847,0.055403538,-0.027957551,-0.05410757,-0.09201726,0.16098276,-0.17739108,0.2818835,0.012704365,0,0.1612421,0.18440223,0.14168867,-0.10031369,0.305821,0.1923936,0.30011466,-0.44945866,0.037012085,-0.26425627,0.031322576,-0.11546243,0.13839316,0.1351206,-0.21774848,0.03341241,0.023574771,-0.094630614,-0.094399184,0.10141434,-0.00026642892,0.01868926,-0.13298923,-0.15406027,0.104351915,0.1982598,0.21462381,-0.049682155,-0.2896391,0.19762397,-0.13265768,0.21923701,-0.06889698,0.13065226,0.28502095,-0.08657803,0.08021736,-0.30261207,0.11167404,-0.06080666,-0.37702218,-0.10410531,0.1354646,-0.063267246,0.121844426,0.02829101,-0.002347529,0.08567536,0.01797713,0.02664543,-0.3119427,0.080853775,0.1517689,-0.13793206,0.1773113,0.20726298,0.16193882,0.0009612143,-0.05374562,0.20691767,-0.13420768,0.262311,-0.1519553,0.13346842,0.3384382,-0.108320236,0.082747206,0.35150793,0.05513314,-0.13592812,0.15279719,0.074025035,-0.04133442,-0.007270677,-0.31415474,0.081054784,0.14675069,0.30451876,0.02652762,0.13014086,-0.03556228,0.17674349,0.096081465,-0.2366845,0.21979576,-0.0047885785,-0.08428191,-0.04713915,0.16926607,-0.32364407,0.107348636,0.07519389,0.12632072,0.12911732,0.033706516,-0.2044914,0.012194086,0.067202464,-0.10671065,-0.33333516,-0.26059777,0.02598838,-0.21966189,0.4477391,-0.113850206,-0.14403264,0.21962747,0.19268799,-0.22258796,0.20790635,0.0069615357,-0.027464312,-0.20968306,0.16284311,0.13856901,0.28121665,0.09231571,-0.060457036,-0.17702574,0.117053725,0.19913301,-0.2558462,-0.059457436,-0.07502033,0.18835896,-0.2726813,0.25420353,0.0017900933,0.08443048,-0.23669328,0.06671792,0.11121781,0.166424,0.19200127
"(114.04570767060312, 22.547434755936923)",0.0044861063,0.08944607,0.07464896,0.059663415,0.24673852,0.16008317,-0.088606745,-0.039428826,-0.085092336,0.2993453,-0.13892868,-0.033775155,0.30217466,-0.04380563,0.1130208,-0.0515016,0.22958125,0.2795631,-0.0716632,0.27999985,-0.14880025,-0.022099603,-0.19906363,0.035271823,0.19720618,0.11320667,-0.1301572,0.113387145,-0.111211,0.06291286,0.15787965,-0.032775715,0.38381195,-0.11072875,0.23435098,0.0775636,0.06288484,-0.1493711,0.10110693,0.021652289,0.06974772,0.061743774,-0.3308497,0.1544162,0.06382095,-0.14572337,0.03469518,-0.20004888,-0.072908506,0.048199847,0.04974167,0.13190317,-0.07812855,0.17486155,-0.24176908,0.008987244,0.01712875,0.29701152,0.14979991,0.06704112,0.056777883,-0.06285336,-0.2107563,-0.14206687,-0.028723985,0.07436793,-0.1495707,0.050897893,-0.028947953,-0.03134914,0.04439289,0.084769525,0.023213856,0,-0.26327434,-0.013744015,0.058263022,-0.18459836,-0.039104015,-0.011552922,0.12586917,0.007041082,0.05297215,-0.3710575,0.14242806,0.16626403,0.07916014,-0.15944508,-0.055833623,-0.2763928,0,-0.2920252,0.015268505,0.038858928,0.11303689,0.012822818,-0.06402815,0.10552384,0.16299243,-0.2523148,0.21392685,-0.04647143,-0.017431896,0.03105139,0.2366008,0.116432354,0.20274267,0.1773566,0.31990105,-0.023052998,-0.0175508,0.11335943,-0.28339532,0.043500066,-0.059208684,0.25721672,0.11718522,0.3622103,-0.0053735897,-0.18364356,0.103941694,0.1369586,0.14673075,0.3058038,-0.3249979,-0.27236927,0.19948277,0.011789821,0.100708745,-0.079779886,-0.11812328,0.060127683,-0.16802222,-0.15279427,-0.32794368,0.20567535,0.002598755,0.19734588,0.079035304,-0.022471452,0.26258132,0.12689713,-0.032901794,0.07423683,-0.34533238,0.101152726,0.048476905,-0.060104173,0.13726328,-0.021289697,0.38883317,0.10344911,-0.18062283,-0.007027015,0.097554654,-0.12237352,0.07243389,-0.1881066,0.23697093,0.26349753,0.03277415,0.09318985,-0.07250252,-0.023761328,-0.17576385,0.3616782,-0.23443687,0.28999686,-0.030215219,-0.23781088,0.07984042,0.17393251,-0.10933645,-0.014645271,-0.4160961,-0.025305368,0.12781934,-0.010520381,0.056358196,0.17728785,0.04243575,0.022152096,0.1035191,0.19466606,0.12411132,-0.07830648,-0.0627028,-0.023163864,0.09892531,0,-0.021577358,-0.13306588,0.10837769,0.13168691,-0.22439119,0.14229874,-0.004033372,0.33269534,0.1083049,-0.0847323,-0.053216428,-0.11703566,-0.03136788,0.21392782,-0.2831483,-0.33411098,-0.17863615,0.044696182,0.20559353,0.23613307,0.025278576,-0.14387411,0.022106178,0.19944318,-0.035652466,-0.01106897,0.0036820676,0.07128251,-0.0024086908,-0.19867219,-0.0727209,-0.104243614,0.2966688,0.34826002,-0.018366989,0.087450266,0.16839892,-0.16963632,0.011300437,0.16906086,-0.043110814,-0.065752216,0.04099858,0.3797776,0.115210876,-0.15337643,-0.04037224,-0.09027094,-0.1681266,0.02657561,-0.23040849,-0.023714779,0.15230139,0.22369607,-0.09758109,-0.15287676,-0.40750492,0.065042354,-0.12530735,-0.10877742,-0.116968565,-0.07105875,-0.3553747,0.22519262,-0.017527469,0.05979099,0.29824707,0.32174948,-0.14706284,-0.27936205,-0.051710192,0.090104245,-0.092797294,0.009322997,-0.033274207,0.21906462,-0.04057832,0.15194714,0.03313373,0,0.19975507,0.07534908,0.028096868,-0.10421455,0.19456561,0.22015855,0.25360155,-0.32358745,0.051565975,-0.3184444,0.0022437023,-0.117418535,0.255505,0.18948704,-0.061084766,0.07590724,-0.10181203,-0.018051531,-0.008963898,0.085137025,-0.03521358,0.014035396,-0.17693907,-0.16872978,0.2457399,0.230389,0.20812671,-0.06160657,-0.25427788,0.19560151,-0.13174845,0.108795494,-0.123728916,0.16128387,0.27142903,-0.10284521,0.10029225,-0.3005147,0.06869148,-0.036290117,-0.37116426,0.118503734,0.12847608,0.06537849,0.08941348,0.02193784,0.042217955,-0.04048033,-0.022977713,-0.04036116,-0.32055932,0.050567552,0.24096544,-0.07921565,0.10683278,0.19337295,0.24757749,-0.060971662,-0.17099942,0.19154102,-0.08944875,0.2964692,-0.16436905,0.09864908,0.16984284,-0.07019522,0.089865535,0.41461024,0.087159686,-0.104222074,0.16711903,-0.027518863,-0.060163856,0.03944578,-0.2897668,0.04733476,-0.09739661,0.1977823,-0.036003128,0.17105904,0.053016882,0.14533481,0.18892609,-0.30518875,0.16248697,0.06719101,-0.025688369,-0.13157633,0.08309639,-0.3076855,-0.032408834,0.07645143,0.12546332,0.109832965,-0.00932198,-0.020379141,0.045119993,0.16434723,-0.17810464,-0.34711665,-0.34876496,0.0020057503,-0.0874549,0.3753858,-0.24264652,-0.3043486,0.109484494,0.1987424,-0.17769705,0.29200134,0.04410861,0.007307548,-0.1386483,0.21503331,0.14275756,0.18556744,0.21731286,-0.027210347,-0.20284358,0.080313414,0.14958403,-0.14746806,-0.117767915,-0.08340599,0.3227208,-0.13037188,0.23882894,0.117211156,0.06919449,-0.15603788,0.016360316,0.052877598,0.19410455,0.23416568
"(114.04637962837216, 22.52669599374453)",0.09133451,-0.14585604,0.06182413,0.083723195,0.37775734,0.32045117,-0.02589893,0.01920931,0.19116515,0.24366896,-0.08982056,-0.28580552,0.4395367,0.12764099,0.21831831,-0.124141015,0.013934635,-0.049677588,0.09159331,0.011338282,0.16280323,0.03288267,-0.0075826272,-0.26627398,0.08852145,-0.006793704,-0.051432043,0.086041056,0.001992695,0.099083,0.14881496,-0.09974827,0.33334348,0.25508267,0.09521495,0.23896615,0.00041343272,-0.111134455,0.18283527,0.004688129,0.05073347,-0.39528573,-0.24397668,0.117663704,0.057273157,-0.3544058,0.02161017,0.08966687,-0.10456033,-0.087537006,0.1263361,0.045727856,-0.010588426,0.17630097,-0.12312933,-0.25922358,-0.08399807,0.124063544,0.15551983,0.03292884,-0.008523848,-0.0665212,-0.30981404,0.22218098,0.016114237,-0.059135184,0.04444778,0.192301,-0.09762211,-0.06340529,-0.0014194623,-0.054633766,0.08668617,0,-0.02480342,0.08374865,0.04926494,-0.100549825,-0.1827863,0.12612915,-0.052219722,-0.06777453,-0.24365138,-0.1403464,0.064207256,-0.1445513,0.078401,-0.19043797,-0.107627146,-0.1875374,0,-0.377014,0.023159396,-0.4344596,-0.07470246,0.1687534,-0.06878982,0.08022061,-0.0345103,-0.1204921,0.3571171,-0.0016641393,-0.22097091,-0.0659056,-0.053906202,0.19587442,-0.0003156513,0.17574877,0.2614165,0.012889713,-0.08540939,-0.0773507,-0.1718506,0.1448831,0.10209385,-0.016807135,0.089683115,0.1822288,0.07846094,-0.13337955,0.07191993,0.23267367,0.16148461,0.27148566,-0.21671654,-0.081519604,0.15675706,-0.012246804,0.13130096,0.019572005,0.14315024,0.15961237,0.028299734,-0.10562373,-0.067252934,0.46191156,-0.15761554,0.012296747,0.015576698,0.21840543,0.13289876,0.039987996,-0.43599483,0.1113294,-0.28724757,-0.11454657,0.035569005,-0.06946394,0.05904775,0.030360641,-0.0010824613,-0.07080043,-0.132282,-0.09369791,-0.13756754,-0.6022142,-0.2696556,-0.07318242,-0.06493234,0.22618546,-0.015545383,-0.008205816,0.339765,0.18982418,0.08937437,0.49410328,-0.11552437,0.12849194,0.2855683,-0.17129403,0.060772195,-0.021174515,-0.20502043,-0.08290103,-0.3672788,-0.18285654,-0.0082561225,-0.01528393,0.0883309,0.013528541,-0.20386197,0.012429081,-0.016105391,0.11511052,-0.14321694,0.052669678,-0.12979123,-0.099922046,-0.2374708,0,0.02889283,0.04307328,0.060204033,0.030000297,-0.22853103,-0.08050112,-0.33714163,0.044307865,-0.07857433,-0.12868294,0.132802,0.0342059,0.06698847,0.21427484,-0.061460003,-0.22022943,-0.17718308,-0.030166551,0.1760774,0.08041613,0.04995083,-0.16766539,-0.19628988,0.18408692,0.4340833,0.09801993,-0.029693902,0.04025072,-0.056291215,-0.10835196,0.019676715,-0.26691753,0.19308591,-0.02279741,0.06360212,0.042054735,0.08030228,-0.12189284,-0.0714507,0.09431845,-0.12217887,0.023794498,-0.08442222,0.2819276,-0.1261592,-0.21731101,-0.11333066,0.03815961,-0.00903666,0.012500994,-0.20122814,-0.033924922,-0.011196164,0.19408439,-0.28457612,-0.371308,-0.23468405,-0.09251194,-0.023483492,-0.35008544,-0.05830782,-0.07927016,-0.106460586,0.055148073,-0.22531113,0.007048391,0.07396063,0.37739608,0.047313638,-0.14436907,-0.19341545,-0.1941447,0.00782856,-0.09304678,0.034413654,0.16878365,0.084080175,0.24370125,0.12799272,0,0.027605545,0.30536234,-0.045796305,0.08277051,0.094937004,0.07703085,0.27627406,-0.4144663,0.13694817,-0.3020231,0.046671744,0.033381704,0.072918765,0.11255042,-0.1639559,-0.0023490442,-0.18847117,-0.039288484,-0.29701558,0.13950403,0.04581017,-0.3675372,-0.18248263,0.060431253,0.071311675,0.26063973,0.31268752,-0.2995661,-0.009475024,0.017888762,-0.040973604,-0.052906007,-0.05463567,-0.1693987,0.32792273,0.08848031,-0.050213415,-0.2682024,0.20734839,-0.19488576,-0.36601314,-0.053606953,0.09310388,-0.11460708,0.07444818,-0.12737016,-0.03765808,0.044547424,-0.20221455,0.0038294718,-0.24751244,0.096963815,0.31260866,-0.30005237,-0.20568785,0.25820917,0.24200502,0.14752746,-0.056441218,-0.043952487,0.1501324,0.021832058,0.1794993,0.018535065,-0.010269273,0.038356327,0.025742197,0.112221934,-0.10922405,0.037135642,0.00032638013,-0.024008567,0.02889955,-0.011818003,0.09617816,-0.04925958,-0.089376405,0.3480938,0.0124202,0.06787896,-0.011268191,0.12713641,-0.12244505,-0.0066199973,-0.03702744,0.14373517,-0.11896599,-0.27867696,0.23539573,-0.29483372,0.06392832,0.05292382,0.30375344,0.07921798,-0.021295317,-0.13440566,-0.05659806,-0.015820675,-0.14528225,-0.30550325,-0.21563196,-0.13995966,-0.12216603,0.48550585,0.00048305653,0.053218924,0.26337954,0.18162294,-0.06428257,0.09969355,-0.091898814,0.070194155,-0.013143398,0.2796515,-0.12392342,0.293172,0.10582388,0.21492633,-0.14360121,0.019076232,0.04888317,-0.3192585,0.04053113,-0.014202766,0.10268777,-0.14659947,0.1314372,-0.015167041,0.1678846,-0.14351813,0.06520019,-0.020439409,0.18069315,0.0032139076
"(114.04727066951656, 22.618123389173952)",0.083379,-0.1239599,-0.0066613965,0.02937231,0.35306525,0.26581115,0.011894807,0.09595615,0.17992003,0.24811508,-0.013047822,-0.17647117,0.046232328,0.029979363,-0.054941803,0.012500096,0.05831878,0.044893466,0.19281952,0.24205028,0.18846506,0.01564349,0.004684549,-0.13741317,0.10554524,0.10556051,0.017820127,0.08854948,-0.2885489,0.0033724755,0.043839272,-0.061631233,0.5760589,0.1663291,0.14935496,-0.08017743,-0.19513139,-0.112306505,0.072944626,-0.0912454,-0.29870838,0.05431632,-0.1949227,-0.13334298,-0.14574376,-0.0808228,0.16371405,0.024482649,-0.18583427,0.026313232,0.06996891,0.12588872,0.029647816,-0.1151678,-0.21894655,-0.19373071,-0.2565407,0.06520412,-0.044666667,-0.28000596,-0.1620321,-0.10255715,-0.15019444,0.07395345,0.14694865,-0.32083338,0.0019475818,0.13641863,0.11643897,-0.24659039,0.104522,0.059112884,0.14139515,0,-0.061796166,-0.0400978,0.10267557,-0.04246231,-0.2804545,0.18681073,0.043989044,0.006565094,0.054307852,-0.37804866,-0.05217297,-0.23608202,0.08787413,-0.1263035,-0.25547612,-0.012425996,0,-0.25506103,-0.114609115,-0.17612611,-0.1051868,0.26734036,-0.0635137,-0.056550577,-0.026250592,0.008894119,0.4884762,0.023983672,0.008039873,0.04845859,0.25017798,-0.01752305,0.14111964,0.42039332,0.25268912,-0.112978116,0.11107934,-0.07111239,-0.13426593,-0.068942435,-0.11255102,0.13839515,0.052654535,0.33606228,-0.0011143014,-0.27156186,0.3697065,0.08431233,0.12996717,0.35674486,0.028235877,-0.0006931126,0.058466647,0.02803621,0.05936352,0.2595237,-0.34882364,-0.18279208,0.21356373,-0.08608282,-0.10317361,0.2396156,0.3895048,0.004060369,-0.25339428,0.039514877,0.3817567,0.011991415,-0.15020716,-0.17495263,-0.17373094,-0.28503704,-0.055049233,0.100993395,0.35354382,0.33754814,-0.17411314,0.12941629,0.16533968,0.016679198,0.1816899,-0.31948322,-0.13564977,0.19740191,0.0006768331,0.25583375,-0.34978393,0.32701674,0.072352074,-0.10047148,0.12061724,0.15955563,0.13969174,0.016384527,0.050158158,-0.258383,0.057576925,-0.16170987,-0.36920217,-0.09914218,-0.39004755,-0.051352866,0.13718374,0.14536157,0.0036390498,-0.1107142,0.15751953,0.13274017,0.036140766,0.15912841,-0.0027534738,-0.24462247,0.039106175,0.009095574,-0.006145835,0,-0.02173245,0.120892055,0.12142122,0.09551801,0.1144677,-0.12072762,-0.029132463,0.10874065,0.09928471,-0.16040826,0.07272676,-0.056678414,0.020324307,0.04135464,0.024150364,-0.04731907,-0.24377237,-0.05809349,0.3447146,0.14903635,-0.14758353,-0.12392869,-0.18085481,0.06544028,0.043161325,-0.18332551,0.0325334,0.15240711,0.00047224015,-0.13923447,0.12615779,-0.32383195,0.47247505,-0.04917026,0.09777202,-0.18526623,0.427973,-0.093051195,0.065042324,0.08410729,-0.075246215,-0.13672543,0.08410918,0.35798833,0.14148404,0.12022118,-0.09661007,0.17270875,-0.33621877,0.24448028,-0.15643719,-0.0977335,-0.03746417,0.17315221,-0.10553166,-0.3354845,-0.21921973,-0.05336796,-0.12916473,-0.4654249,-0.22570837,-0.28723636,-0.26869774,0.17867553,-0.13193116,-0.046305783,0.060474403,0.33568367,-0.13975433,-0.3124754,-0.04986331,0.026542164,0.039064344,-0.013426907,0.035407793,0.092179835,0.20860976,0.018685833,-0.18305032,0,0.048143268,-0.09077307,-0.33160558,0.18358055,0.03866431,0.24031791,0.17230022,-0.016527582,0.21345559,-0.29632974,0.14116997,0.22534117,0.2626857,-0.028100163,0.075853065,0.059313882,-0.20702796,0.009328816,0.047084287,0.037290297,-0.057524454,-0.2799458,-0.38280094,-0.01941619,0.31548682,-0.04715406,0.07614148,-0.37097785,0.007533027,0.14960138,0.025350211,0.0793367,-0.0013840348,0.02737075,0.27160743,-0.1382355,-0.1259037,0.03570583,0.06722514,0.051628053,-0.18084629,0.3460162,0.13432594,0.24358742,-0.20781891,-0.13201123,-0.29827744,-0.16766995,-0.18992609,-0.19141825,0.0051659644,-0.00014151633,0.39523306,-0.22384334,0.013873972,0.36559638,0.14727318,0.16229674,-0.14306003,0.12821358,0.07138635,-0.039555028,0.03403782,-0.024325712,-0.10090125,-0.1576918,0.14402941,0.31320208,0.15816468,0.10899362,0.1315257,0.035369776,0.15461692,-0.12681627,0.09991862,-0.10514504,-0.3900094,0.13668938,-0.19056979,0.14158623,0.13942912,0.11292718,0.0054750144,0.07726525,-0.17956531,0.4433682,-0.08680385,-0.285828,-0.11221609,-0.18834203,-0.025953472,-0.054323472,0.10628702,0.18372637,-0.027692728,0.1400717,-0.11028254,0.21668063,-0.3243118,-0.40072912,-0.175671,-0.17045398,-0.030985847,0.50525343,-0.300158,-0.2730052,0.084501065,0.014669571,-0.017952826,0.27696395,0.029523712,0.0885157,-0.06858406,0.47050846,-0.04411444,0.28882307,0.15318175,0.116426125,-0.18602636,0.009325742,0.16475245,-0.08366906,-0.11160931,-0.04122843,0.23211104,0.036506213,0.15425088,0.23559028,0.23982099,0.0029493682,-0.009323504,0.11090362,0.13280892,0.11883334
"(114.04815811906832, 22.668456124300185)",-0.036096253,-0.26468688,-0.17677267,0.043546505,0.53743804,0.54478055,0.119049504,0.20929651,0.474498,0.13840207,0.12074349,-0.52070236,-0.09949762,0.19834709,0.13259962,-0.07174772,-0.14175735,-0.40563205,0.13598454,-0.45939586,-0.074772775,0.099437185,0.1536704,-0.49429443,0.12759098,-0.11551906,-0.018186495,0.079228066,-0.03723131,0.09662585,0.0065229014,-0.08933984,-0.023264192,0.21476024,-0.08121096,0.19553357,-0.07675087,-0.36959565,-0.04408369,-0.13373548,0.023923613,-0.43958217,-0.12216022,-0.103338175,0.072575204,-0.1535053,-0.11458361,0.16752866,0.014754027,0.10947579,0.012107275,0.15166077,-0.03495032,0.17728202,0.14013359,-0.21304816,-0.08955577,0.043968283,0.2123418,-0.32032987,-0.24325667,-0.021765891,-0.022356492,0.2435837,0.17263457,-0.334301,0.41906774,0.2094166,0.090637274,-0.006645173,-0.20153287,0.22411327,0.14500925,0,0.051843435,-0.116953686,0.081758074,0.20151088,-0.07147165,0.08531619,0.09887433,-0.042981286,-0.1510971,-0.12722477,-0.10103911,-0.053672433,0.062368095,-0.24408007,-0.209113,0.2161535,0,-0.14428303,0.011624139,-0.48127785,-0.44275275,0.07849032,-0.045320477,0.19398838,-0.03609197,0.2540763,0.31776506,-0.31710443,-0.10179232,-0.12582736,-0.30312353,0.0759176,-0.18256293,0.26007885,-0.014097995,0.37889636,0.045659233,-0.2457824,-0.11855332,0.35061693,-0.05240301,-0.07379935,0.09012279,0.22320338,0.29781884,0.024534278,0.24322306,0.3002984,0.11295481,0.34189418,0.0015659314,0.15085606,-0.097158834,0.025429884,0.1643483,0.10553329,0.0032800562,-0.16218285,0.054038312,-0.13257137,0.20795725,0.31800637,-0.06343694,-0.06549272,0.0072574094,0.32077983,0.044996116,0.0656452,-0.22853157,-0.003814824,0.05815585,-0.500169,-0.11088572,-0.11978045,-0.03554242,0.2521209,-0.42424524,-0.093228206,0.08723733,0.09562433,0.04492173,-0.48598242,-0.1979227,0.075389855,-0.17730874,0.12089296,-0.23036087,0.14943674,0.63319683,0.3963645,0.34446603,0.36607507,0.010045951,0.29841357,0.13927166,-0.08652767,0.02323476,-0.17921911,-0.27739024,0.0052792653,-0.11329839,-0.17926851,-0.04849708,0.009905702,-0.07110525,0.15617862,-0.37687343,0.028864615,-0.058613885,0.28685975,-0.12059816,0.05443224,-0.0058320165,-0.093173765,-0.13719046,0,0.2167734,-0.05632091,0.04288898,0.008837719,-0.193902,0.15494807,-0.23537517,0.025807954,0.116641894,-0.16584674,-0.059689417,0.16430981,0.14197391,-0.029729314,0.023480117,-0.06408289,0.18546747,-0.2152407,0.2437585,-0.0021583093,-0.08414735,0.038332127,-0.08421059,0.23113544,0.8417278,0.18917963,0.16017379,-0.25007433,0.116691224,-0.15023895,-0.05295248,-0.12727116,0.005742753,-0.19329192,0.077470586,-0.051345162,-0.1886418,-0.008116465,0.0074924603,0.11330952,0.08411448,0.34339538,-0.38843817,0.08718828,-0.2759927,-0.31048727,-0.14315718,0.0476038,-0.009876609,0.05739715,0.19556607,-0.027150976,-0.05037722,0.031167958,-0.29794583,-0.16798317,-0.47431433,-0.17831655,-0.2108694,-0.22649215,-0.1173284,-0.18116307,0.027390778,0.13065769,-0.15830562,-0.0003491938,0.008344509,0.314001,0.15190409,0.13176388,-0.23893666,-0.27972463,0.20964967,-0.056520365,-0.07802118,0.119121745,0.07520875,0.17941609,0.23603314,0,-0.08286604,0.11004465,-0.31159887,0.2770168,-0.29974732,0.15916656,0.17896184,-0.107541755,0.19974521,-0.17144153,0.22026566,0.24251157,0.14959294,0.026601996,-0.26459315,-0.14173363,-0.36313474,0.0878838,-0.30983317,0.24133487,0.06308662,-0.68342423,0.29178333,0.6125666,-0.19294581,0.27158374,-0.12895158,-0.3964536,0.1866283,-0.12863906,-0.18379876,-0.06940302,0.1833965,-0.0665168,0.56838214,0.17633578,-0.13769083,-0.29867736,0.5322171,-0.20717388,-0.1736784,0.040789742,0.22233108,0.12313077,0.09842096,-0.39609864,-0.03335969,0.04877101,-0.19309875,-0.0051437616,-0.37534428,0.0714996,0.28553924,-0.34150958,-0.3426099,0.372347,0.36661997,0.20619157,0.08174444,-0.02569016,0.11442387,-0.13118662,0.21512279,-0.02828517,-0.19693546,0.1444718,0.0015559942,0.020392692,-0.13627855,-0.090414405,-0.059033267,-0.100178465,0.21145022,-0.18001142,0.37952018,-0.07292718,-0.27508715,0.35947853,-0.060658336,-0.17087919,-0.14051881,-0.071494974,-0.27586916,0.24679497,-0.36814037,0.05570723,-0.1518184,-0.1598002,0.129875,-0.1889728,0.054417938,-0.014082095,0.27511257,0.032681562,-0.1414181,-0.1451533,-0.21035072,-0.27494806,0.042045485,-0.2204224,0.2253123,-0.11499576,-0.33384174,0.3269169,-0.035185866,0.11092074,0.39508784,0.33814684,0.08391301,-0.23856859,-0.23333122,0.32067445,0.22501126,0.47350985,-0.00815459,0.03801693,0.19576974,-0.053304255,0.24665457,-0.28713343,0.31590697,-0.25169176,0.10378131,-0.008323863,-0.12597394,0.06540168,0.16620865,0.007967206,0.37809026,0.19588175,-0.11266282,0.10287549,0.23582587,-0.13385087
"(114.0485331786218, 22.65774995330525)",-0.10937443,-0.24404019,-0.13901103,-0.03183876,0.46637207,0.59095114,-0.030403014,0.19232978,0.4677895,0.09550738,0.10517662,-0.5492806,-0.15963005,0.17601085,0.08236303,-0.08032543,-0.03945823,-0.29669145,0.20095202,-0.3588621,0.057574116,0.19039594,0.15938398,-0.49836996,0.13079475,-0.08833255,0.12347809,0.05579014,-0.08466211,0.002704434,0.00038658082,-0.16160901,0.21812707,0.2532486,-0.05895462,0.16414714,-0.048183456,-0.39464408,-0.009214472,-0.18176049,-0.06953915,-0.3779562,-0.16655186,-0.11295982,-0.025963828,-0.12643458,-0.047874786,0.16351907,-0.091857255,0.19822624,0.08791794,0.12287866,0.0432716,0.10454466,0.015778787,-0.33152398,-0.1879818,0.10615272,0.1714238,-0.4050077,-0.18921393,-0.010572491,-0.05206522,0.19955854,0.20485035,-0.46228534,0.39258808,0.20529157,0.14076754,-0.018209819,-0.15323499,0.16724426,0.19146982,0,0.119966306,-0.12100528,-0.0135771595,0.10234941,-0.14930233,0.110390835,0.057633143,-0.0044503957,-0.18910646,-0.17690484,-0.13450985,-0.28938544,0.066631794,-0.0636052,-0.31020975,0.1056561,0,-0.20880711,0.046731826,-0.44595605,-0.43302497,0.35970947,-0.052569732,0.12127474,-0.058131203,0.28677943,0.47630855,-0.217612,-0.087669164,-0.2087371,-0.21691501,0.037516654,-0.13992898,0.27605632,0.031014305,0.2590633,0.17967239,-0.22931278,-0.19374746,0.27173865,-0.15512142,0.043564737,-0.14017063,0.16271377,0.21290666,-0.0953729,0.37434596,0.30188435,0.08304572,0.34410515,0.050905302,0.09963173,-0.06481524,0.028126575,0.11328686,0.020275753,-0.02952286,-0.1935242,0.22675031,-0.14576346,0.16892241,0.30938467,0.024085306,-0.022901159,-0.20561746,0.34020275,0.20460698,0.052224666,-0.24700013,-0.12571797,0.041549716,-0.5625695,-0.025650492,-0.196088,0.13799492,0.29116082,-0.59977925,-0.088125095,0.226704,0.07921938,0.14542346,-0.56111073,-0.3219165,0.11458347,-0.2356843,0.059967443,-0.30674163,0.31443658,0.5509306,0.31865734,0.28373888,0.36941668,0.12506889,0.18101616,0.15259236,-0.25774598,0.030905584,-0.33737007,-0.42629758,-0.102769956,-0.18254931,-0.22592485,-0.04782112,0.061081883,-0.1081143,0.052434422,-0.28505927,0.052585535,-0.10500378,0.15401399,-0.055499718,-0.020181965,-0.035420507,-0.066619754,-0.13943097,0,0.11798072,-0.11246114,0.15628064,0.10826773,-0.06707567,0.073174134,-0.25214517,0.07967747,0.17221394,-0.20602801,0.09172625,0.15180536,0.111780345,0.0893108,0.062541716,-0.07753359,0.12189619,-0.26819968,0.35341334,0.00441773,0.021799661,-0.10553032,-0.11144096,0.18031338,0.6667339,0.05858417,0.11980052,-0.12197114,0.13265121,-0.22513582,-0.034535635,-0.26432446,0.13520034,-0.17788759,0.17851196,-0.17769338,-0.049020622,0.003632323,0.008324318,0.13425048,0.028292473,0.30151087,-0.36815348,0.226059,-0.0924332,-0.30454916,-0.17886859,0.19329214,-0.17821613,0.14086565,0.049392607,-0.022342248,-0.057850823,0.16844016,-0.27175093,-0.30780634,-0.3681419,-0.17652313,-0.21856824,-0.47837937,-0.21148705,-0.1695968,0.02031754,0.12890804,-0.19125569,0.020875987,0.015708901,0.3156143,0.10810192,-0.023801677,-0.19292384,-0.21777973,0.15326242,-0.005040057,0.055821273,0.14053564,0.2925442,0.09766245,0.24509999,0,-0.12506142,0.06207473,-0.3447069,0.31562236,-0.28872004,0.12748489,0.16431855,-0.048838872,0.24811244,-0.18751386,0.20660019,0.28280443,0.2234979,0.03047492,-0.025447987,-0.097947866,-0.47443202,0.10105665,-0.093372285,0.1841846,0.037870206,-0.7029229,0.10783422,0.5229027,-0.072968036,0.29565278,0.069500715,-0.47876483,0.18032871,-0.075274706,-0.10625963,-0.14672978,0.08536133,-0.14615552,0.54275894,0.17342807,-0.21902719,-0.21378523,0.38849524,-0.24105045,-0.22331086,0.178438,0.19543734,0.266413,-0.018400498,-0.39687708,-0.018814757,-0.06632902,-0.35680407,-0.087721266,-0.2503575,0.0344029,0.36333692,-0.30725372,-0.37281278,0.3594948,0.38486317,0.26197034,-0.034516156,-0.111120984,0.27504927,-0.07966288,0.23539996,-0.007439347,-0.36856568,0.10918475,0.0047714077,0.08725828,-0.07915878,0.07873733,-0.019377373,-0.1112756,0.17642337,-0.16736582,0.38572997,-0.14896517,-0.49886063,0.27770233,-0.09589807,-0.02867891,0.0107542835,0.003959339,-0.2092048,0.1582618,-0.40408748,0.1878895,-0.113311805,-0.24741589,0.03806167,-0.15240736,-0.1157602,0.00022952445,0.26052296,0.071560636,-0.22353607,0.07379998,-0.21670559,-0.12552199,-0.08965796,-0.28322682,0.023857541,-0.16441126,-0.21712768,0.32746455,-0.12517516,-0.052804366,0.27282566,0.28890836,0.13090824,-0.050583888,-0.10941684,0.30913907,0.22418207,0.46972772,-0.065286584,0.06899063,0.28972897,0.07227016,0.102674626,-0.27936092,0.20944107,-0.13822153,-0.03347659,0.013442732,-0.036624976,0.12306065,0.09377268,0.17796469,0.3169107,0.2575449,-0.06832415,0.017764155,0.28307906,-0.04983973
"(114.04862637721538, 22.578283150891234)",0.0020592883,-0.089191265,0.040657666,-0.0031882618,0.29113036,0.26904178,-0.13371132,0.0573529,0.12878749,0.20297752,-0.01973838,-0.19421184,0.008858681,0.007361412,0.020674475,-0.023314122,0.12421553,0.14998156,0.13633196,0.21212417,0.15009317,0.0808826,-0.04463597,-0.15110895,0.15898518,0.11545052,0.07942768,0.041948248,-0.26379466,-0.041470133,0.07116498,-0.14457376,0.66708684,0.14781713,0.16881704,0.013181547,-0.09030036,-0.2288983,0.1336597,-0.0737506,-0.18117693,0.0019773021,-0.24749,-0.031737942,-0.12524104,-0.11867493,0.12596728,-0.0047381558,-0.2007291,0.11926812,0.1321447,0.11452173,0.038465343,-0.028036617,-0.2482791,-0.2379835,-0.22090092,0.11071492,0.059346717,-0.27736977,-0.09055664,-0.07710531,-0.15579821,0.020366624,0.12941019,-0.3054066,-0.0023442656,0.13941093,0.11053486,-0.17738049,0.11241246,0.030857759,0.17026569,0,-0.0130153205,-0.06441197,0.029718686,-0.1589517,-0.27443424,0.15323943,0.029014003,0.032967202,0.00030573085,-0.40523624,-0.029950522,-0.27358288,0.13099878,-0.034144998,-0.27677158,-0.13065499,0,-0.32813513,-0.04407447,-0.15009211,-0.06196557,0.38136655,-0.11785612,-0.050211698,-0.02064102,0.045010958,0.5223882,0.03441722,-0.015620846,-0.04442495,0.2227007,0.02489987,0.14972731,0.35991877,0.32373804,-0.08560224,0.15215155,-0.029016487,-0.25199336,-0.022171788,-0.17131771,0.2565534,-0.093321696,0.3160648,-0.023453936,-0.32885733,0.36256212,0.15219466,0.13030736,0.35170653,-0.08064989,-0.06820744,0.14221586,0.02290383,0.041747443,0.0845859,-0.27633289,-0.1260115,0.22218047,-0.1638065,-0.18854532,0.29288644,0.27345508,0.07312703,-0.27378097,0.094273545,0.45790944,0.05733002,-0.15972435,-0.1666792,-0.23385328,-0.2780421,0.029283712,-0.044321854,0.38814694,0.23620236,-0.21482153,0.079326645,0.19333534,-0.017023489,0.2180599,-0.3509589,-0.15589966,0.085074805,-0.045864798,0.20815094,-0.27593333,0.3494768,0.06412851,-0.09114218,0.028866544,0.23765601,0.101177886,0.07086234,0.060989425,-0.38041866,0.09955611,-0.23658131,-0.37430832,-0.15394016,-0.49302924,-0.10876429,0.091355756,0.13967368,0.02750402,-0.086340584,0.13323312,0.066219114,0.02129661,0.122727096,0.061159663,-0.21869653,-0.007008631,0.035656065,0.057352904,0,-0.064811885,-0.046563312,0.22085924,0.15290372,0.05933111,-0.025869878,-0.051015608,0.21221647,0.20358405,-0.19326976,0.1325187,-0.062060803,0.014483752,0.15606628,-0.09809564,-0.15188305,-0.22770192,-0.11851269,0.41513115,0.20385627,-0.015851349,-0.22906148,-0.14539605,0.08869081,0.012966327,-0.17189868,0.025866007,0.176267,0.05683969,-0.2122921,0.056653727,-0.30417737,0.5192126,0.046037372,0.16293056,-0.20349084,0.40194717,-0.103296265,0.008268528,0.16455215,-0.1898151,-0.031260464,0.012150387,0.45743054,0.23175858,-0.056453623,-0.104439646,0.17942297,-0.35448378,0.26056448,-0.20431015,-0.0426884,-0.008874608,0.33421415,-0.15970527,-0.36629483,-0.22513106,-0.04643468,-0.1962471,-0.49854684,-0.2785615,-0.16293886,-0.29407692,0.20711349,-0.14473379,0.0338879,0.115530714,0.38305756,-0.11340792,-0.39883447,-0.039506666,0.0066036507,-0.028305769,0.037638076,0.106793806,0.20447147,0.27822208,0.026648536,-0.055804245,0,0.05829531,-0.049395084,-0.28456077,0.18032059,-0.014185712,0.21200165,0.20698541,-0.067471296,0.16496614,-0.3826188,0.084010996,0.13883248,0.32958987,0.082032196,0.12412359,0.101913795,-0.29322678,0.030087952,0.11870274,0.03845261,-0.035154857,-0.24770351,-0.33741456,-0.11230085,0.34195378,0.0874312,0.22757155,-0.3600699,-0.042197645,0.15145306,-0.02218545,0.0055082925,-0.09515503,-0.043395713,0.29297718,-0.062326513,-0.060191926,-0.07279533,0.05481566,-0.0025512576,-0.28370133,0.35388243,0.1456921,0.24648845,-0.20812643,-0.11952103,-0.1725632,-0.19362219,-0.2554801,-0.17658913,-0.08157566,0.011673186,0.42097193,-0.20337018,-0.079075776,0.30079618,0.23571825,0.15394779,-0.2649203,0.05471447,0.17353368,0.075344644,0.0061816648,-0.0057979356,-0.1706852,-0.08697208,0.1092587,0.36534986,0.11310489,0.09491472,0.11887922,-0.049930982,0.07755546,-0.063811295,0.05942382,-0.12444766,-0.44887206,0.11396387,-0.18010056,0.23491623,0.16365421,0.14245035,0.0681085,-0.09836751,-0.16609588,0.37949932,-0.06123396,-0.34770566,-0.041181497,-0.2205032,-0.17584416,0.030084798,0.1588124,0.17669262,-0.049726017,0.27040336,-0.103466,0.23358934,-0.37469134,-0.42198324,-0.32049617,-0.2018124,0.040171266,0.4583368,-0.36875328,-0.34328204,0.057067677,0.052606616,-0.014416914,0.33889288,0.07001433,0.10371198,-0.02502919,0.39693803,-0.0062726587,0.25025427,0.24944519,0.13760579,-0.27330288,0.01627896,0.10198452,-0.04577841,-0.1488947,-0.018618017,0.3018176,0.04972188,0.18205541,0.2522702,0.19467494,-0.005344894,0.026812326,0.007542014,0.1923449,0.17107168
"(114.04905860817829, 22.6045008869246)",0.10744688,-0.18930824,0.09623957,0.048411973,0.50447416,0.43922222,-0.016169231,0.07924451,0.29427102,0.16418652,0.034642927,-0.28247684,0.3804677,0.12487621,0.28882658,-0.03876131,0.026726037,-0.0485818,0.17149548,0.1397658,0.040317766,0.0065103266,-0.063837245,-0.26091197,0.16262576,0.115625456,-0.07046553,0.10933527,-0.14325309,0.03039673,0.00057203695,-0.15197851,0.71243536,0.13432503,-0.04204447,0.08244439,-0.23531494,-0.17366408,0.045232277,-0.08600242,-0.22782016,-0.34191447,-0.2159333,0.028637767,-0.06972846,-0.2941281,0.0032165907,0.15595323,-0.13167146,0.07123794,0.20905805,0.122805,0.060897905,0.045682125,-0.3896791,-0.4273901,-0.18295407,0.15889448,0.05587283,-0.055074006,-0.105404936,-0.050085597,-0.25557813,0.16483994,0.13804741,-0.27598366,-0.038717538,0.33136904,0.04393186,-0.14429514,0.026771381,0.017745892,0.1879566,0,0.15070194,-0.056950998,0.02850866,-0.008700162,-0.13509358,0.07637619,0.09386958,0.01860968,-0.09925541,-0.33396447,0.040129017,-0.17212903,0.1114614,-0.23378208,-0.2329056,0.09021464,0,-0.57425547,-0.13639477,-0.41220888,-0.17039591,0.34366617,-0.122944094,0.039441258,0.03383913,-0.015826803,0.6118022,-0.091052406,-0.031210903,-0.14408955,0.06072034,0.033934012,-0.009670556,0.3559197,0.1852464,0.0374568,-0.11695985,0.044313394,-0.20104024,0.17598207,0.004482053,-0.07284779,-0.05478041,0.2664864,0.12144438,-0.29956445,0.065351665,0.16386558,0.11773631,0.40086734,-0.19476399,-0.023730129,0.24873894,-0.0080750175,0.14906406,0.10150845,-0.15115395,-0.0384129,-0.12493254,-0.1935958,-0.11195505,0.57939863,0.032236543,-0.07409568,-0.17961024,0.17247654,0.45505798,0.070043564,-0.3240394,-0.23145792,-0.3991509,-0.3340541,-0.038452677,0.047830313,0.30138773,0.015823977,-0.16977982,0.08981892,0.0059978515,0.06550887,-0.110033244,-0.61508554,-0.11886704,-0.039983943,-0.18194437,0.20164903,-0.17554471,0.18539485,0.27420086,0.0537883,0.0622446,0.43689436,0.019898525,0.10364768,0.23427926,-0.2435385,0.078026935,-0.24938424,-0.552148,-0.06171471,-0.59364694,-0.16916266,0.013245285,0.055707004,0.19205791,-0.1016831,-0.20524545,0.057616554,0.030461784,0.3109644,-0.10361268,-0.10076201,-0.04693895,-0.05788943,-0.10460922,0,0.08743648,0.11724944,0.02161579,0.074374884,-0.115510225,0.09860972,-0.30203074,0.11084517,0.20715912,-0.3531058,0.0881452,-0.021530747,0.10851931,0.065685906,-0.018466488,-0.2596511,-0.19072156,-0.17848249,0.30271995,0.21224105,-0.15615661,-0.2538724,-0.27911797,0.098718695,0.30820557,-0.15891206,-0.010926103,-0.023181297,-0.057593413,-0.01611828,0.08635639,-0.3131523,0.22742543,0.012671556,0.076864466,-0.24631391,0.24977416,-0.17019843,0.06921442,0.16738859,-0.27277315,0.11050535,0.055783655,0.4377777,-0.0005609691,-0.14245152,-0.18133122,0.10062885,-0.15946732,0.13333985,-0.14866224,-0.052058958,0.008689882,0.370278,-0.29873657,-0.4262949,-0.23730041,-0.19929992,-0.12586656,-0.60610473,-0.17839906,-0.21044755,-0.21271692,0.090732716,-0.31007287,-0.081833445,0.028343074,0.56564784,-0.07752838,-0.31472528,-0.08399806,-0.22618419,-0.04271093,-0.07408445,-0.0077027343,0.3202203,0.19656485,0.07956785,0.0050079674,0,0.08664752,0.085601024,-0.31432828,0.0065502077,-0.036332726,0.2162362,0.24081348,-0.3484894,0.2957184,-0.43061492,0.0863248,0.10172806,0.2548975,0.18701224,-0.07228175,-0.009923295,-0.35732713,0.026768107,-0.37360343,0.19084586,-0.0017749182,-0.45879322,-0.30723596,-0.055147864,0.3793219,0.26513126,0.002970824,-0.33822206,0.044378147,-0.05990856,-0.101839654,-0.15120244,-0.061303455,-0.066138,0.41323087,-0.05274564,-0.018804606,-0.27153212,0.22372268,-0.060959514,-0.35162663,0.3391308,0.13340941,-0.08343208,0.103578106,-0.17592987,-0.24646792,-0.117966086,-0.139156,-0.096865125,-0.346384,0.08438609,0.5531967,-0.38779292,-0.15986538,0.37368438,0.19343437,0.13024049,-0.13822693,0.044513837,0.11094256,-0.15395914,0.24776906,-0.025610546,-0.10609452,0.08871579,0.03645204,0.18225804,-0.08720271,0.04344439,-0.01051756,-0.095906176,0.12358782,-0.07470674,0.1695055,-0.0883963,-0.4249741,0.2943092,-0.07377142,0.031116914,0.07986289,0.043834444,-0.13602054,0.047894455,-0.15499207,0.3254994,-0.040144682,-0.481861,0.02454435,-0.2200995,0.073645964,-0.097361185,0.40220708,0.023000969,-0.07528355,-0.006187751,0.03436184,0.012333717,-0.19178414,-0.30106655,-0.13966328,-0.13666375,-0.10756516,0.53084505,-0.14215855,-0.018440671,0.18335004,0.21736284,-0.093404815,0.16522156,-0.19039102,0.105075166,0.07750343,0.57918966,-0.18528835,0.1563714,0.16070057,0.33869147,-0.20319903,-0.025093671,0.11352431,-0.35499442,0.06317897,-0.13417158,0.3228598,-0.026271936,0.041905783,-0.013928873,0.29723194,-0.19355091,-0.14442468,-0.035561718,0.27286568,-0.053842478
"(114.04936216784608, 22.5451011205712)",0.09624736,0.09169962,0.111166,0.07607684,0.22751425,0.10865648,-0.10914087,-0.070673496,-0.12522236,0.33316815,-0.17343757,0.038355175,0.409306,-0.03212254,0.057622813,-0.068697184,0.22495128,0.3255444,-0.014824666,0.41385543,-0.047426037,-0.09327292,-0.24259454,0.12501833,0.1598121,0.15059137,-0.16623381,0.10055601,-0.12605928,0.041840166,0.14704694,-0.009047613,0.5121122,-0.10464502,0.23524195,0.013848195,0.020529345,-0.032485023,0.06802522,0.033769034,-0.0153852925,0.121676125,-0.36539552,0.1485193,0.013977908,-0.21992429,0.094601795,-0.19489437,-0.14807692,-0.059487417,0.031167954,0.11883263,-0.081615776,0.13764828,-0.34843442,-0.046636235,-0.0207792,0.3137256,0.096217304,0.14555217,0.065218255,-0.08773807,-0.2291992,-0.10396005,-0.051316828,0.115939684,-0.27600127,0.08386068,-0.058339264,-0.13313103,0.078393914,0.0599372,0.015809737,0,-0.31275508,0.03096703,0.0758501,-0.19617626,-0.09967765,0.014679097,0.13348381,0.011493415,0.0781392,-0.3999334,0.17668955,0.12708853,0.054798096,-0.2123608,-0.07501372,-0.2810376,0,-0.36578196,-0.043139912,0.02669395,0.17339838,0.0024512075,-0.074620195,0.09140913,0.18256089,-0.3364454,0.2481314,0.02381488,-0.03407855,0.054573223,0.2580123,0.08715215,0.2684988,0.22039929,0.33797997,-0.1480533,-0.11585816,0.12098514,-0.21461514,-0.01612188,-0.027943,0.2389076,0.19892125,0.37459385,-0.0774795,-0.24152476,0.07864942,0.11050363,0.15034243,0.32331362,-0.3197559,-0.2877242,0.2519226,0.0011521429,0.0924223,0.02000247,-0.16794282,0.08482855,-0.16770533,-0.1509161,-0.34943825,0.2567405,0.040027507,0.15219659,0.06335352,-0.10812576,0.2859324,0.11702244,-0.0453057,0.06356948,-0.4371367,0.08677042,0.024917511,0.03728469,0.24010412,0.006230617,0.5019141,0.14387375,-0.19813637,-0.019907579,0.08158305,-0.13574514,0.11756134,-0.19118318,0.2598731,0.30884892,-0.009085253,0.10406229,-0.11952585,-0.121700674,-0.17542712,0.31243488,-0.18774614,0.23141496,-0.026557162,-0.23031673,0.07520466,0.23830344,-0.16479865,-0.002538897,-0.5177418,-0.010294065,0.16310324,-0.03397849,0.10419307,0.06476155,0.12803616,0.04800541,0.14947422,0.1820795,0.11884435,-0.16895746,-0.0760786,-0.021365361,0.059785962,0,-0.0373536,-0.03510133,0.079778604,0.115188345,-0.19532815,0.08890378,-0.029951975,0.2812917,0.048276674,-0.13394734,-0.0067015905,-0.1500794,-0.052453164,0.18113197,-0.2113431,-0.31154132,-0.2922451,0.13182785,0.19299757,0.25738972,-0.04501392,-0.15116152,-0.006493857,0.18958142,-0.15230384,-0.11455794,-0.04740251,0.13940516,-0.114938416,-0.15554208,-0.024574962,-0.15920657,0.33560604,0.36616662,-0.043805074,0.106039315,0.32484162,-0.15889442,0.04496526,0.1259777,-0.08081746,-0.21804847,0.16989407,0.40300766,0.13754933,-0.04406301,-0.058270734,-0.08412587,-0.17614414,0.05349756,-0.3134767,-0.08146032,0.14832993,0.22210686,-0.07851687,-0.16504112,-0.34065795,0.069340855,-0.07187312,-0.1827641,-0.123856895,-0.12307042,-0.39852768,0.17707558,-0.07681688,0.015034251,0.2802576,0.31288072,-0.19250026,-0.38074172,-0.04612062,0.13025165,-0.10979743,-0.030781649,-0.03117301,0.15644476,-0.04945919,0.15917951,-0.06749709,0,0.24503723,0.10014175,0.04564233,-0.19864404,0.3106568,0.22123897,0.23434195,-0.3598428,0.084184624,-0.37416983,-0.02464766,-0.13498701,0.21910465,0.15778181,-0.03766386,0.08600555,-0.032825585,-0.04765525,-0.08205755,0.05422882,-0.10187309,0.076961935,-0.39321285,-0.24480861,0.3535465,0.1573636,0.22932492,-0.061475575,-0.23056008,0.21411741,-0.065484,0.13304329,-0.154286,0.20439647,0.22945462,-0.17722458,0.07387376,-0.25247568,0.02247269,0.055648305,-0.35426304,0.18877654,0.07886145,0.009566588,0.087320894,0.08261674,-0.0534662,-0.09308691,0.013115544,-0.07591758,-0.26509804,0.035332408,0.30905303,-0.08726911,0.17332274,0.23613055,0.20946413,-0.097426966,-0.19111869,0.22179341,-0.17074959,0.2814909,-0.1589103,0.10189986,0.23618779,-0.13302663,0.14122325,0.4084922,0.106957935,-0.08474759,0.2202782,0.0141264405,-0.034440234,0.057460994,-0.29605854,0.061976507,-0.05856089,0.2050276,-0.07189463,0.21172746,0.10928689,0.18159412,0.23246093,-0.28152966,0.22742829,0.16918734,-0.02119993,-0.21658035,0.051118262,-0.3885094,0.0402238,0.041244514,0.11646809,0.096878834,0.013557471,-0.063726306,0.09911651,0.27922925,-0.21489733,-0.40153766,-0.3851631,-0.021034157,-0.05466295,0.47299448,-0.21347743,-0.34762508,0.10270698,0.15755285,-0.21147554,0.34318167,0.07541214,-0.043220963,-0.18539211,0.2991883,0.054107614,0.3024073,0.18347034,0.021871023,-0.30593038,0.11065246,0.1388008,-0.18006255,-0.15053736,-0.14290524,0.42381823,-0.14810275,0.24285133,0.14273512,0.05100085,-0.25092775,0.019942973,0.03290379,0.14483535,0.23160249
"(114.05114696040457, 22.538841444267323)",0.17475012,0.15667337,0.10884184,0.1472637,0.26596227,-0.04608244,0.09367274,-0.06729716,-0.22503269,0.4718452,-0.24630341,0.22437555,0.50926363,-0.14209357,-0.015071139,-0.039325614,0.22974892,0.3484778,-0.050057944,0.6178024,-0.015477322,-0.15320888,-0.23201904,0.16570805,0.08687678,0.12312077,-0.25136635,0.19607982,-0.1994022,0.1181521,0.20364776,0.11572479,0.33589205,-0.08333483,0.35533112,-0.07067557,-0.042110227,0.13014776,0.1479192,0.081310175,-0.11145865,0.27696526,-0.33501777,0.09542107,0.010702193,-0.15905672,0.16949168,-0.25809363,-0.14456058,-0.21002042,-0.010754526,0.10559043,-0.08434987,0.015480757,-0.29920557,0.15656446,0.012812995,0.23580202,-0.009363063,0.15247132,0.04056606,-0.14967129,-0.35925567,-0.12959208,-0.106191516,0.17897016,-0.35373348,-0.03403141,-0.097235575,-0.1631585,0.13817748,0.021710658,-0.054134548,0,-0.4372156,0.06453675,0.14822897,-0.21892509,-0.15634388,0.10161217,0.08830504,-0.054779187,0.17144491,-0.40353596,0.17442502,0.21913695,0.04462275,-0.2953054,-0.02113346,-0.3312533,0,-0.21070004,-0.07180134,0.093379565,0.2732869,-0.20766322,-0.028180141,0.010645047,0.1278856,-0.49723086,0.12766987,0.122491725,-0.0068920963,0.22982858,0.44496155,0.13182434,0.36149043,0.2773101,0.38338715,-0.26109037,-0.09848576,0.1009356,-0.13583456,-0.21079677,0.06687636,0.16959016,0.4309847,0.43932495,-0.11696474,-0.19119741,0.11277659,-0.019203516,0.20846425,0.2880627,-0.26239872,-0.26921907,0.17026795,0.0070907325,0.09319476,0.19483411,-0.26857635,0.105551325,-0.1753283,-0.06759418,-0.43145,0.117751464,0.22917315,0.14883468,0.17162494,-0.15982798,0.21920374,0.03266068,-0.039601505,0.1279397,-0.38698906,0.25310242,-0.030183794,0.14574753,0.170781,0.100179486,0.69034314,0.20520577,-0.29980755,-0.09851767,-0.005333539,-0.00029827282,0.12060799,-0.06336555,0.45139956,0.42840207,-0.041862316,0.034236655,-0.30891025,-0.22935958,-0.16963153,0.26653066,-0.26037213,0.18181403,-0.07133226,-0.14166908,0.055397972,0.41339037,-0.0035500973,0.073361084,-0.35776407,0.073612034,0.24603166,0.02129554,0.06267697,0.06597795,0.30039427,0.089082025,0.158061,0.15256232,0.06829526,-0.1747143,0.009822667,-0.035089754,0.0879542,0,-0.09742515,0.120478444,-0.0021894705,0.080549255,-0.13064195,-0.107689954,0.06524265,0.21974498,-0.13674097,-0.019002222,-0.11808154,-0.20663047,-0.07532101,0.074524045,-0.20399009,-0.25026459,-0.38747066,0.27223325,0.08766342,0.215075,-0.09177278,-0.015350798,-0.045687303,0.124976836,-0.225577,-0.060343698,-0.06194946,0.20540652,-0.09147579,-0.13549343,0.058894902,-0.13270046,0.41145778,0.3205376,-0.079945505,0.19816075,0.35773557,-0.27814293,0.062270857,0.028959394,0.018987317,-0.4011865,0.3033916,0.27112094,0.1341704,0.21876697,0.007916998,-0.11204131,-0.20876427,-0.008533359,-0.3561931,-0.15267695,0.1286847,0.06799652,-0.002188418,-0.11469697,-0.34978837,0.15636809,0.06287947,0.018830374,-0.045600303,-0.21315652,-0.4094048,0.20302802,0.018260814,-0.032425173,0.29729956,0.30831262,-0.25993246,-0.31979346,-0.029058687,0.2480317,-0.067000166,-0.053527556,-0.0745092,0.08773303,-0.1622304,0.1893715,-0.2646848,0,0.2341339,0.053455405,0.11113563,-0.16882628,0.48923677,0.2161437,0.2824954,-0.35140535,0.06101244,-0.28884828,0.021008074,-0.08245816,0.15325661,0.052120924,-0.11344762,0.11537221,0.14032365,-0.12858857,0.039169475,-0.020071222,-0.07145682,0.19733174,-0.45121598,-0.3776735,0.31991813,-0.021908443,0.18633744,-0.015756637,-0.33019087,0.30085146,-0.013078747,0.3155019,-0.07685159,0.23317736,0.13121276,-0.2674565,0.05457947,-0.06823615,-0.07669483,0.13720828,-0.26167244,0.08242436,0.08746305,-0.017545747,-0.004134789,0.13444343,-0.19203103,-0.010353491,0.089706644,-0.09142064,-0.08872463,0.028675705,0.17512245,-0.067775376,0.41436514,0.22408858,0.0045097396,-0.03450349,-0.097881526,0.30835146,-0.2463354,0.228366,-0.22728175,0.11329504,0.42564756,-0.2559248,0.17053875,0.4354475,0.21939203,-0.081520095,0.2713992,0.18458754,0.006181486,-0.006226776,-0.38258243,0.08022732,0.12693521,0.18595783,-0.057647914,0.22306444,0.07908802,0.24595247,0.21929897,-0.2180497,0.2909941,0.188286,-0.051694818,-0.08738276,0.019410856,-0.31401676,0.15284032,0.024508575,0.01204942,0.19147702,0.09963211,-0.13767119,0.06698713,0.2872239,-0.23185809,-0.3844322,-0.33204222,0.034600146,-0.117487274,0.5352471,-0.21109977,-0.29437965,0.11027393,0.043511327,-0.26128122,0.39211828,0.08263169,-0.11075483,-0.33498737,0.2440709,0.12558436,0.38643888,0.028177686,-0.017323315,-0.31749508,0.2249615,0.1752886,-0.15987471,-0.13037153,-0.12274423,0.31278983,-0.24483398,0.25176018,0.09110429,0.045702837,-0.31773585,0.08748454,0.16779345,0.061590355,0.25052628
"(114.05168434960972, 22.63315067199767)",-0.094461925,0.10748639,-0.06743071,-0.060159132,0.039341524,0.13494454,-0.28577727,0.011317201,-0.03676471,0.18713124,-0.08265098,-0.007302057,-0.21378219,0.0042729154,-0.35837045,-0.06679192,0.2681464,0.30684632,0.19515207,0.30188736,0.16147846,0.060871053,-0.060872756,0.1351217,0.08254719,0.11498624,0.15808281,0.008614411,-0.15378787,-0.21710905,0.032970667,-0.007755123,0.5161683,-0.02883341,0.20832303,-0.23224422,0.13447309,-0.10441305,-0.09130797,-0.15164588,-0.23133096,0.45579103,-0.29411715,-0.051288344,-0.17384785,0.050902598,0.19832736,-0.2480591,-0.28566727,0.10313335,-0.04985246,0.12865856,-0.010992166,-0.036483526,-0.36813354,-0.08703785,-0.20739768,0.3236323,-0.030263223,-0.24190179,0.0008258857,-0.05751042,0.04407982,-0.17212935,0.07093173,-0.21177113,-0.096678585,-0.02259506,0.16701196,-0.20417297,0.02827277,0.1970227,0.06956433,0,-0.30627126,-0.055168014,-0.043703314,-0.120942004,-0.22404191,0.07856118,0.17737128,0.13513088,0.24278519,-0.44788122,-0.008243334,-0.17497483,-0.021452293,0.10744364,-0.28979254,-0.22582912,0,-0.09932596,0.02514498,0.29413602,0.040624328,0.3899574,-0.032250926,-0.008408263,0.16650195,0.025036175,0.36483,0.066561006,0.1522159,-0.029007599,0.22944804,-0.11529586,0.36126268,0.29195017,0.17358488,-0.24812916,0.21575704,-0.070559844,-0.14358115,-0.13815728,-0.25878495,0.5324097,-0.039498426,0.32116133,-0.18148193,-0.25850266,0.5436644,0.1389302,0.057254765,0.34491184,0.09103156,-0.19247606,0.005821828,0.05273486,-0.016674317,0.043258503,-0.38572937,-0.21523744,0.3084047,-0.0028873682,-0.17881167,-0.07832592,0.39149585,0.20525965,-0.28284585,-0.11286742,0.33113515,0.056115076,0.312194,-0.13351595,-0.07050877,-0.26288122,0.056376137,-0.11683647,0.4878636,0.4212825,0.02452575,0.15746713,0.2910263,0.00581412,0.51178277,0.16764247,0.07511118,0.061636887,0.2787069,0.15523656,-0.3774342,0.5929105,-0.22679122,-0.21088946,-0.03514926,0.016828248,0.18943514,0.07639311,-0.23540212,-0.3963802,0.052134857,-0.003274696,-0.40273604,-0.10351707,-0.3946231,0.008003224,0.18723665,0.06461439,-0.15344763,-0.062054284,0.43558085,0.13439083,0.08765268,-0.013156459,0.31641713,-0.4699277,-0.012234077,0.084874794,0.16277432,0,-0.1311436,-0.16489795,0.3051112,0.25828698,0.16344672,0.038285248,0.1822507,0.29343897,0.114794746,-0.18141228,0.1479742,-0.073343724,-0.11344215,0.13988952,-0.01788561,0.011146411,-0.12650008,0.08030647,0.3867322,0.18961577,0.050436825,-0.1350486,0.24297954,0.11216286,-0.41700646,-0.3544824,0.024761667,0.31505924,-0.070019536,-0.3133398,-0.021423236,-0.28505823,0.47601914,0.27244434,0.11016531,-0.027100176,0.4979589,0.00458855,0.1607992,0.06836801,0.03676005,-0.28156328,0.0966528,0.34208307,0.4187556,0.1480181,-0.07172403,0.17078626,-0.5178097,0.3282366,-0.3291146,-0.15101945,0.09274146,0.14468957,0.09796563,-0.040778346,-0.20261034,0.14580648,-0.20522988,-0.3915217,-0.32805935,-0.1719056,-0.30938238,0.19819385,0.019418605,0.09540958,0.24654016,-0.037896343,-0.18457599,-0.48203084,0.072624944,0.3518876,0.02448808,0.13082409,0.15633811,-0.05941033,0.20965062,-0.1313743,-0.09834436,0,0.10782391,-0.13008156,-0.09140353,-0.030905813,0.10443249,0.17866176,0.06529556,0.24559714,0.20395374,-0.24328041,0.029240172,0.068020046,0.32063213,-0.08559227,0.40193945,0.05526334,-0.13663098,0.04951382,0.48761728,-0.124660105,-0.27257374,0.067552984,-0.5173043,0.010241069,0.3323526,-0.04843203,0.29870215,-0.22195575,-0.093889505,0.30815685,0.12833221,0.19079834,-0.10431196,0.2170909,0.14307816,-0.15285313,-0.18353495,0.100039035,-0.09281959,0.068386264,-0.09863712,0.5189345,0.09070805,0.5889542,-0.17204605,-0.06733663,-0.07951978,-0.29899666,-0.20402855,-0.23647839,0.068659216,-0.13497683,0.32121605,0.15901789,0.15048721,0.18997675,0.2971843,-0.0133266,-0.3193017,0.09899044,-0.011674333,0.411037,-0.2866761,0.14974399,-0.106776044,-0.24898931,0.23872843,0.46059224,0.31191635,0.13783355,0.3255601,0.033750154,0.038216278,-0.017039625,-0.12881668,-0.050325334,-0.45190874,-0.03398979,-0.26886466,0.3618459,0.39782545,0.24249877,0.3147495,-0.24635565,0.009340934,0.37846887,0.017636284,-0.22461806,-0.2854245,-0.21537374,-0.27864015,0.055717655,-0.1526191,0.15440576,-0.19636622,0.3341686,-0.039317034,0.49460438,-0.31886926,-0.45377707,-0.3840775,-0.13100325,0.07640813,0.25588253,-0.36505556,-0.7707759,-0.090847746,0.056258913,0.045612294,0.47343558,0.30398265,0.09175722,-0.12319537,0.28386927,0.09691484,0.31419536,0.39332652,-0.0739717,-0.27079928,-0.13824736,0.19427276,0.2433138,-0.44744563,-0.10616885,0.46835834,0.1211132,0.21520846,0.6028331,0.021155946,0.18914714,0.07504398,-0.0068287626,0.10752664,0.27902985
"(114.05693182852748, 22.617308229063948)",0.016756594,-0.10367349,0.06721796,-0.04952061,0.21405335,0.28732806,-0.30497727,0.016624756,0.110466674,0.10079035,-0.0035775676,-0.23280057,0.029060647,0.08539235,0.031050019,-0.024489813,0.14823742,0.18688162,0.1739187,0.16866031,0.119224764,0.06568858,-0.07003434,-0.04989502,0.20578164,0.1616486,0.10655325,-0.040504046,-0.151337,-0.11492598,0.03453636,-0.17832766,0.81470025,0.12109489,0.09665062,0.0048000906,-0.015075617,-0.26227242,0.023317229,-0.07467291,-0.15106785,-0.017299168,-0.27914134,0.024932869,-0.12550585,-0.14299,0.09329556,-0.0019293465,-0.21124688,0.19117354,0.1481154,0.1235995,0.046661187,0.05099745,-0.39525172,-0.3683235,-0.23360261,0.20574668,0.07462624,-0.1818744,-0.042215016,-0.03907792,-0.07331963,0.014727056,0.14694205,-0.32142445,-0.026140325,0.2038613,0.12106219,-0.22508614,0.07898388,0.04385809,0.19562249,0,0.036581792,-0.06493728,0.013145138,-0.1184598,-0.19298646,0.063539736,0.091087714,0.0955309,0.005386945,-0.43840265,0.013986897,-0.3028146,0.08938922,0.00719551,-0.2622473,-0.114958204,0,-0.44742537,-0.03859414,-0.067111306,-0.04817378,0.5383943,-0.14757618,0.014434114,0.074277826,0.08817749,0.5933391,0.009957783,-0.0002601482,-0.13595338,0.13227478,-0.021693036,0.1357353,0.30836782,0.27237055,-0.088263035,0.08157734,0.031472657,-0.25415507,0.09958702,-0.17919485,0.31887963,-0.23630247,0.28020763,-0.06521054,-0.35413012,0.3044374,0.20015088,0.072861314,0.34173748,-0.13520448,-0.11451094,0.19938116,0.019054517,0.063230835,-0.009073079,-0.24124838,-0.119249456,0.18571894,-0.17317879,-0.1610027,0.35098872,0.185635,0.11379424,-0.3216796,0.072661914,0.50855297,0.09036203,-0.062807396,-0.20888966,-0.31496727,-0.28474796,0.063412994,-0.09063557,0.44425482,0.15277597,-0.19887914,0.07478718,0.26623,0.047801808,0.28974694,-0.33419606,-0.07464154,-0.011575304,-0.0950362,0.15451552,-0.20330748,0.41496852,0.103224866,-0.08501315,-0.023861036,0.23263423,0.16029069,0.077091545,0.10239042,-0.42648503,0.12008498,-0.30418864,-0.48140404,-0.20020181,-0.6523567,-0.10715608,0.0670646,0.077785574,0.083480604,-0.13247089,0.08115284,0.039806664,0.048872408,0.16321233,0.14361283,-0.29060474,-0.08344857,0.06484376,0.018711202,0,-0.054672863,-0.07735597,0.25156376,0.16886166,0.040986113,0.12150531,-0.056905523,0.26496935,0.29949138,-0.29964152,0.19619358,-0.08253044,0.0031637824,0.23157243,-0.07478966,-0.18277805,-0.1896661,-0.13725902,0.44436008,0.27006567,0.020502016,-0.34085497,-0.09425977,0.12258412,-0.062897645,-0.26652265,0.0021652859,0.17200318,-0.067653485,-0.19262785,0.01870775,-0.33672443,0.49834484,0.15785488,0.13246286,-0.23770313,0.4139778,-0.012657115,0.029731922,0.21248865,-0.26971197,0.010261665,0.03820098,0.5575966,0.29338574,-0.16467369,-0.12470031,0.17247619,-0.3720401,0.35736892,-0.18357036,-0.016247703,0.049494095,0.4018777,-0.13250965,-0.34986347,-0.16130513,-0.06174532,-0.25604916,-0.62149185,-0.32445744,-0.14142226,-0.31871104,0.16034608,-0.19217905,0.04817628,0.14277999,0.3024657,-0.09774903,-0.5212196,0.0073738024,0.012535714,-0.09573546,0.049726836,0.12958935,0.22593674,0.28624257,-0.07884017,-0.006515242,0,0.1346004,-0.0144870635,-0.28630766,0.044346303,-0.043670043,0.20529532,0.19399324,-0.048167925,0.19695058,-0.4462496,-0.011097372,0.044889566,0.3454263,0.12426478,0.19464771,0.10423848,-0.34312937,0.07916087,0.036960095,0.036431633,-0.100707956,-0.24862184,-0.43526292,-0.095713444,0.4479166,0.15341657,0.26238623,-0.34977007,-0.023021625,0.11347163,0.005715104,-0.09877236,-0.15388975,-0.016832203,0.23680742,-0.060840137,-0.045182716,-0.14590415,0.033217493,-0.06321865,-0.3206284,0.474562,0.10547654,0.270912,-0.07854597,-0.13073057,-0.080668,-0.24246971,-0.2400095,-0.18530102,-0.1725219,-0.0055177286,0.5138079,-0.13791153,-0.16202727,0.2570135,0.373564,0.013160512,-0.3469981,0.038617745,0.14978755,0.152892,0.00907319,-0.012044033,-0.2514709,-0.03134159,0.12033574,0.36488092,0.084510304,0.10102011,0.1255292,-0.12889594,0.007113695,0.03132724,0.03656128,-0.10801546,-0.5625672,0.092976786,-0.19904381,0.21942033,0.23223113,0.121130705,0.124877304,-0.17895964,-0.10803773,0.39451185,-0.020017464,-0.44771546,-0.063508905,-0.27237806,-0.20286098,0.020840416,0.1764549,0.10018898,-0.09116084,0.26883674,-0.010485366,0.3083059,-0.37969425,-0.43124318,-0.4341611,-0.20452926,0.14984623,0.40642464,-0.36807445,-0.4436795,-0.0040337406,0.12059373,-0.015036475,0.39161125,0.1236489,0.10499987,-0.0028407648,0.40418157,-0.0442791,0.20849633,0.34740064,0.20987755,-0.24969873,-0.03487126,0.03742563,-0.054464914,-0.18342279,-0.054769114,0.46529508,0.099024095,0.1799317,0.30408773,0.15129879,0.0055576228,-0.01858988,-0.072911546,0.19205877,0.1718966
"(114.0569566033422, 22.731362497509046)",0.085247114,-0.19483116,-0.0016651489,0.15937263,0.6839199,0.48057193,0.119173154,0.080679655,0.24345426,0.28074098,-0.060372643,-0.4408591,0.6711732,0.1733391,0.426779,-0.12708443,-0.05009426,-0.27286175,-0.024819609,-0.24531575,-0.16134131,-0.051943123,0.028482832,-0.43278816,0.1491151,-0.038846552,-0.21950272,0.20762554,0.14789046,0.19372535,0.13186248,-0.0065626428,0.10156771,0.1869633,0.023810755,0.2712204,0.010542378,-0.23567684,0.10867062,-0.04157027,0.15033847,-0.6420271,-0.24241044,0.12767723,0.22902548,-0.38013548,-0.21611772,0.059151884,0.04554329,-0.06909454,0.13137014,0.15638292,-0.115337774,0.34301445,-0.11788642,-0.2149548,0.02601153,0.19469193,0.25174636,0.20452613,0.0027119778,-0.038606603,-0.40742993,0.2156608,0.01963554,-0.03535731,0.1672833,0.23316869,-0.11805011,0.05907635,-0.13624573,0.045675352,0.032174535,0,-0.0334732,0.05869037,0.075154826,0.0689163,-0.012745358,-0.014667392,0.02311695,-0.07555803,-0.23336457,-0.11497174,0.11876388,0.23228669,0.0020036772,-0.3810104,0.018648513,-0.04463779,0,-0.41393504,0.045257382,-0.5583421,-0.21292138,-0.0060521513,-0.03720674,0.21697494,0.075448915,-0.1452455,0.2616785,-0.26432937,-0.21082483,-0.112487465,-0.17722675,0.2762839,-0.10799883,0.16770029,0.1496454,0.29789376,-0.216599,-0.06553914,-0.19673327,0.379894,0.22650442,-0.24328563,0.24115016,0.27803963,0.2722077,-0.020956282,-0.13974202,0.2591275,0.12644893,0.37251183,-0.3409077,-0.072681636,0.13573144,-0.010459572,0.2473968,-0.060628764,0.23906267,0.17614564,-0.3201867,-0.14551741,-0.02163849,0.51037526,-0.35685977,-0.03280699,0.29779327,0.3495502,0.03256021,0.0952387,-0.41970995,0.22658512,-0.33956122,-0.017724618,-0.05320371,-0.080540836,-0.2198229,-0.13716239,0.12368174,-0.10385495,-0.2766894,-0.027250782,-0.39921558,-0.60516006,-0.23095354,-0.18172419,-0.007147163,0.23817988,0.15435256,-0.1627352,0.51572716,0.45658612,0.12752973,0.8170618,-0.32280844,0.29476047,0.4149171,-0.023505995,0.06217149,0.0567073,-0.21322462,0.008329924,-0.33927184,-0.12818974,-0.103251174,-0.07150223,0.14127466,0.25275534,-0.5270374,-0.05693351,0.021860156,0.38330165,-0.2600594,0.23762196,-0.18685189,-0.18340842,-0.28516525,0,0.21238819,0.059291817,-0.0989402,-0.024092734,-0.47281894,0.15354659,-0.4193427,0.031650558,-0.04989777,-0.15164852,-0.07413125,0.06692848,0.13792694,0.14837414,-0.12973449,-0.3195266,-0.03155172,-0.13210689,0.073270716,0.13429257,-0.022453234,-0.02923978,-0.13969544,0.22859706,0.8426622,0.28831726,0.0501121,-0.23092452,-0.05011887,-0.055764332,-0.0059716403,-0.16135357,-0.065445416,0.018861268,-0.04413924,0.15642083,-0.30222914,-0.26039207,-0.046750642,0.16871496,-0.0107464455,0.28230584,-0.20217943,0.23117843,-0.32100877,-0.3981682,-0.10202131,-0.14456095,0.12745745,-0.15017574,-0.03614434,-0.003754722,0.056132555,0.11193944,-0.39306325,-0.33564597,-0.5577312,-0.15056665,-0.06134846,-0.16720481,0.06479298,-0.15296495,-0.06361899,0.079936974,-0.23936021,0.02458299,0.15363935,0.46273065,0.07996273,0.046834983,-0.28898805,-0.36689323,0.020341061,-0.14929661,-0.16330293,0.28605172,-0.155424,0.30856365,0.22038087,0,0.09955794,0.40242025,-0.05828771,-0.00093179196,0.031684354,0.12214524,0.40403578,-0.6392424,0.19127473,-0.3049898,0.113248274,-0.011721083,0.1016713,0.21325736,-0.50205445,-0.1429497,-0.29864755,-0.0065080374,-0.61436677,0.27702123,0.0943638,-0.5822973,0.10470024,0.22280985,-0.080280274,0.47869763,0.063997336,-0.21954332,-0.0727078,-0.077544466,-0.28363457,-0.08370708,0.09797613,-0.0776553,0.4965419,0.08597016,0.04246554,-0.52927417,0.46620518,-0.38561702,-0.43195313,-0.15913816,0.15755647,-0.2708472,0.40282065,-0.2648,0.041912526,0.18989268,-0.09732234,0.112219,-0.61661196,0.14924672,0.23220913,-0.33740422,-0.2599542,0.27727062,0.2912535,0.09742421,0.14487572,-0.01323171,0.027325895,-0.032191917,0.23116338,0.07123635,0.11245382,0.20827201,-0.06539879,0.07237782,-0.22948465,-0.1364678,-0.088467054,-0.026666133,0.05738861,-0.02347559,0.05982078,0.029752057,0.041664388,0.512373,0.13344294,-0.1983701,-0.15462895,0.024034139,-0.28705484,0.07764592,-0.023346148,-0.009816752,-0.1733487,-0.2093939,0.3507426,-0.2913614,0.22986007,0.051102437,0.47670215,-0.0005002003,-0.05550515,-0.47251666,-0.01955672,-0.29196033,0.085324325,-0.22559713,-0.008823581,-0.0036695283,-0.42559057,0.44819608,0.12347425,0.27038884,0.41756976,0.4219326,-0.13794942,-0.098736644,-0.26945597,0.117700875,0.026895128,0.32803637,-0.053522088,0.15936296,0.074791044,0.20895919,0.120943815,-0.071743615,0.17164475,-0.5408306,0.27985305,-0.022827934,-0.0022846535,-0.2075278,0.14867344,-0.22005323,0.23965621,-0.17304227,-0.081977665,0.11432608,0.251902,-0.04588016
"(114.06027680025274, 22.70349012727542)",0.11328618,-0.01727209,0.09744698,-0.05128506,0.18189378,0.13815983,-0.30031753,0.017492438,0.13397607,0.043865345,-0.005474977,-0.101746455,0.08364797,0.010862082,-0.036394216,0.03395727,0.16379175,0.12917355,0.12884909,0.12875116,0.055050112,-0.03900825,0.013969716,0.036673367,0.10574143,0.12085618,0.099382676,-0.04066313,-0.01400302,-0.15176131,0.008246202,-0.004699707,0.6417017,0.055732273,0.07051064,-0.11713209,0.077264175,-0.17264955,-0.12316637,-0.012900181,-0.18609628,0.1237639,-0.22353779,-0.060623154,-0.096908964,-0.03105626,0.018195584,-0.023374055,-0.22564864,0.13577099,0.15159056,0.1289304,0.07623871,0.02779062,-0.3725367,-0.3040646,-0.13485426,0.23563638,-0.10478753,0.0172427,0.09639311,0.008528278,-0.05858097,0.006728485,0.120032415,-0.3259583,-0.044072986,0.10921249,0.13393874,-0.21580978,0.0526546,0.04088571,0.13633506,0,0.1025267,-0.034403306,0.0346811,0.00033949316,-0.10989006,-0.08621295,0.077260956,0.12525581,0.0922773,-0.2885723,0.062471595,-0.18505329,-0.077437386,0.066221066,-0.10841916,-0.05066926,0,-0.27212936,0.042256318,0.062159397,0.016965669,0.43323836,-0.08551638,0.053908482,0.13716371,0.028927196,0.3796399,0.08006396,-0.013694014,-0.14870903,0.086367056,0.0033612698,0.15719572,0.24909139,0.11816979,-0.10603453,0.052163366,0.106961794,-0.024865352,0.0902871,-0.13302983,0.17275536,-0.25458813,0.13448039,-0.16008556,-0.26054597,0.15221523,0.07246054,-0.055081304,0.1681551,-0.03927339,-0.047427207,0.14564452,0.047838856,0.04686988,0.035684086,-0.216304,-0.09090351,0.15733339,-0.084382154,-0.09012437,0.1196795,0.26720577,0.0870277,-0.14047775,0.07440158,0.48795375,0.056193963,0.117745325,-0.17880005,-0.26511717,-0.10930571,0.036781423,0.025651965,0.39701492,0.06928473,-0.078248695,0.069771685,0.4076103,0.098970756,0.23257607,-0.07711454,-0.053402126,0.08997404,-0.042468242,0.081587836,-0.04360017,0.4044209,0.03667143,-0.1236894,-0.0057016914,0.18872125,0.26908776,-0.047013506,0.22857724,-0.32267842,0.12108317,-0.22195685,-0.33739063,-0.14989898,-0.40398067,0.085236624,0.022541359,0.066247806,0.11325026,-0.22098175,0.16580486,-0.018809043,0.11213307,0.11039911,0.19784683,-0.24197966,-0.12047606,0.10649542,-0.009049833,0,-0.05789768,0.07704572,0.16122763,0.17029512,0.19104707,0.173078,0.042406633,0.15853196,0.29198033,-0.21558192,0.14511326,-0.15007687,-0.014917061,0.1369534,0.12518458,-0.05190043,-0.05919896,-0.024155363,0.24346662,0.26402214,0.07725091,-0.1555683,-0.056464005,0.019732565,-0.042706005,-0.24560462,-0.020238945,0.107292004,-0.15095502,-0.11819552,0.09625903,-0.20716125,0.38770443,0.21433501,0.1263512,-0.15967917,0.22973737,0.03222658,0.12779647,0.15771645,-0.10785949,0.021509808,0.12884921,0.44859007,0.2462608,-0.08343674,-0.0555336,0.1868318,-0.35047114,0.34866524,-0.004966058,-0.00016021542,0.11416402,0.32684588,0.05438612,-0.23684648,-0.07799557,0.031950098,-0.06653563,-0.44304758,-0.22739926,-0.21404909,-0.14527868,0.05751694,-0.1657376,0.052026115,0.213487,0.09938234,-0.067694366,-0.37092912,0.0555406,0.1861991,-0.14439721,0.03342553,0.12976246,0.13067922,0.24082784,-0.15597354,-0.09844279,0,0.21648476,0.005131053,-0.17700276,-0.076994866,0.15146124,0.04141275,0.20916042,-0.04908585,0.18627658,-0.2582383,-0.0090334965,0.04618619,0.2378619,0.08584752,0.16064437,0.11843243,-0.2890051,0.104592875,0.035431102,-0.07320384,-0.087152325,-0.21795864,-0.47765797,-0.0034321472,0.39692467,0.14971253,0.23482545,-0.14799766,-0.024949597,0.11796288,0.09048719,-0.1854274,-0.036743548,0.075709105,0.06812411,-0.121156394,-0.07133061,0.033509713,-0.061388697,-0.052767605,-0.09365477,0.510287,-0.007056318,0.20713973,0.06843111,-0.07668837,0.0046237707,-0.19571072,-0.14364225,-0.2374745,-0.03191059,-0.052544836,0.29167488,0.07789258,-0.032505237,0.12745205,0.22853851,-0.10085873,-0.16024233,-0.0020529032,0.02424122,0.09211034,0.059346907,-0.036778964,-0.20160583,0.026288263,0.097929,0.24237137,0.16484633,0.12575583,0.18272704,-0.03022484,0.035267048,0.13831635,0.036208823,-0.05947782,-0.4916964,-0.009923179,-0.10925925,0.11422072,0.26763093,0.14123975,0.19063154,-0.07453549,0.004217528,0.3531893,0.047524497,-0.30555618,-0.07137822,-0.1725404,-0.09705826,0.050127752,0.11999865,0.086873434,-0.08487473,0.107062444,0.11160343,0.33396974,-0.24338824,-0.2564376,-0.3863387,-0.008310905,0.141043,0.27592412,-0.22866532,-0.37121654,-0.04893561,0.1435127,0.01288845,0.39739084,0.010387432,0.07891126,-0.020059243,0.37535897,-0.03727761,0.10846989,0.26952675,0.29748544,-0.109923154,-0.0050068544,-0.09510111,0.06813994,-0.07881345,-0.0555795,0.34864557,0.20351608,0.06135255,0.30688506,0.0033250526,0.04105032,-0.008362334,0.029849716,0.055672072,0.12323081
"(114.0626894020229, 22.54390113663916)",0.22772676,0.0038292203,0.15722781,0.046107613,0.15226357,0.032287214,-0.19394204,-0.08307505,-0.08486764,0.25861335,-0.15764877,0.08234817,0.37683588,0.01556614,-0.0335847,-0.07404381,0.16069382,0.289631,0.16072808,0.48660672,0.22045448,-0.08465905,-0.17052144,0.14514525,0.0947956,0.12899838,-0.0675802,-0.00802198,-0.1039744,-0.04652004,0.118759766,-0.043365642,0.68099105,0.124099545,0.18298754,-0.024596086,-0.009251885,0.05411952,0.041330915,0.071876846,-0.18238738,0.109139,-0.34403402,0.10735945,-0.10776173,-0.28353062,0.20086625,-0.057285774,-0.27673092,-0.12624545,0.080713734,0.048800208,0.035368,0.028744623,-0.4639343,-0.24408475,-0.12649712,0.22378632,-0.0024041869,0.06802158,0.015983347,-0.11090209,-0.2290346,0.06524496,-0.013532855,-0.062088326,-0.29645556,0.13929914,-0.050410878,-0.32662237,0.11141799,-0.039707832,0.092494376,0,-0.16598575,0.042958144,0.09351127,-0.1824685,-0.2326361,0.13240492,0.07510854,0.01582858,0.04516692,-0.41026145,0.13138908,-0.21038136,0.044458345,-0.17527676,-0.17620525,-0.2572532,0,-0.4291392,-0.08147002,-0.014903476,0.19136107,0.23685527,-0.13875136,0.014756545,0.081868894,-0.25776568,0.43110147,0.20068404,-0.07325332,0.015982352,0.19233035,0.05636543,0.2728,0.2878411,0.31935573,-0.32988426,-0.13470171,0.053022087,-0.08290454,-0.06857682,0.021451302,0.22980776,0.103016615,0.28598312,-0.20876396,-0.30390075,0.18517993,0.10493426,0.15202905,0.25126198,-0.20716454,-0.17862609,0.23397124,-0.0066275746,0.08630619,0.18507382,-0.2262219,0.07883886,0.07002823,-0.118107386,-0.28925836,0.3404705,0.18732041,0.105792046,-0.10075158,-0.06737595,0.3780525,0.010578357,-0.09707977,-0.048884906,-0.43728733,-0.06720477,0.022988861,0.042794358,0.42253345,0.144406,0.29117167,0.12322674,0.01385577,-0.06278232,0.14102863,-0.24273036,0.03712043,-0.044762082,0.13545236,0.3224815,-0.13582015,0.2538425,-0.076890096,-0.25444695,-0.079221524,0.1775616,0.046938762,0.058869436,0.08812584,-0.31630164,0.09955277,0.063018546,-0.28779104,-0.07207349,-0.62349033,-0.056341857,0.16286428,-0.0033769878,0.13707441,-0.24290916,0.2604467,0.05662296,0.11249526,0.08785529,0.12278155,-0.34539926,-0.074024454,0.034754455,-0.054283053,0,-0.1374323,0.13630623,0.12249071,0.09958994,0.0012345463,-0.05274026,-0.0647755,0.171042,-0.0015894622,-0.26432234,0.14539596,-0.18257418,-0.050605167,0.14478193,-0.025075004,-0.18718903,-0.3743534,0.18907674,0.24492043,0.23775257,-0.011810422,-0.24913758,-0.13692318,0.12939899,-0.19431743,-0.2572052,-0.12008594,0.2719035,-0.24392644,-0.12022069,0.06909947,-0.3058904,0.5147811,0.24124071,0.032057215,-0.01016029,0.5120252,-0.07926398,0.05116897,0.055221938,-0.2490399,-0.32192937,0.2879673,0.41081682,0.24716888,0.0849587,-0.09050584,0.07801621,-0.28588617,0.26875842,-0.32739,-0.14501998,0.080210984,0.26123595,-0.051280025,-0.22805211,-0.0683801,0.049812246,-0.010661274,-0.41704398,-0.2159225,-0.18683954,-0.34069878,0.068179674,-0.18940017,-0.04432363,0.17961608,0.25813496,-0.14193508,-0.5601536,0.015121266,0.17678246,-0.10281746,-0.04634077,0.103045,0.100826874,0.08631637,0.02655381,-0.1914483,0,0.20576233,0.120594315,-0.027176153,-0.17060056,0.3337306,0.121181004,0.2422277,-0.22314794,0.16045266,-0.4418259,-0.08964543,-0.062244754,0.13725439,0.040491126,0.08014335,0.15260898,-0.030618232,-0.05213897,-0.05115342,-0.057040498,-0.13289982,-0.0018386766,-0.7026155,-0.29350618,0.48052087,0.009755034,0.34799662,-0.22848518,-0.11332743,0.1612522,0.14747475,0.054893993,-0.16923012,0.028791144,0.07633374,-0.14771156,-0.058290105,-0.031041192,-0.09828599,0.08404527,-0.2623058,0.32957602,0.020027764,0.04018448,-0.016107902,0.03206847,-0.19252864,-0.14449523,-0.06364116,-0.1789265,-0.040346667,-0.0040432774,0.44556513,-0.11541434,0.11774377,0.22538517,0.19555327,-0.05852382,-0.29360473,0.12705028,-0.05863658,0.16190295,-0.040411115,0.0154249165,0.078314915,-0.15456009,0.18809044,0.30921352,0.13152608,0.05965549,0.235719,0.054093048,-0.0028167441,0.072604,-0.09796685,-0.027188823,-0.21171337,0.14359011,-0.16232839,0.2822951,0.2177125,0.24678354,0.19217364,-0.19577429,0.15085547,0.36557811,-0.016237136,-0.42303842,-0.008025728,-0.37997937,0.03519456,0.00019685365,0.09071191,0.11363032,0.021685101,0.03936997,0.09400187,0.41476592,-0.3667049,-0.44029176,-0.4857286,-0.13654284,0.14707103,0.56526446,-0.22563612,-0.3839224,0.059199974,0.05012461,-0.14028458,0.45197284,0.1511636,-0.02413344,-0.18890294,0.3852809,-0.08192283,0.40841636,0.17013775,0.22163224,-0.38197348,0.109845996,0.007929452,-0.13210389,-0.20240197,-0.13679488,0.48990077,-0.079128884,0.21092749,0.20118003,0.06974509,-0.25006458,0.08265334,-0.055055097,0.04928779,0.13438323
"(114.06348374990132, 22.573002303436656)",0.099855736,-0.19815645,0.08240251,0.07701118,0.38316208,0.36774182,-0.07293676,0.012082711,0.16763864,0.16059406,-0.003166519,-0.19115841,0.42688447,0.24093607,0.25665927,-0.13256282,0.0053127557,0.021776773,0.26222867,0.22510783,0.15851468,0.050932154,-0.1065359,-0.17685261,0.16692437,0.108765215,-0.05492098,0.05345588,-0.0278529,-0.025942914,0.030645557,-0.21057351,0.70102215,0.25370404,-0.046625353,0.1299448,-0.14654738,-0.10237834,0.08640632,-0.07366948,-0.18809366,-0.38812342,-0.22941662,0.21249679,-0.06563584,-0.41058818,0.083963655,0.12928562,-0.12877071,0.007360043,0.17064202,0.069069736,0.053082243,0.10812442,-0.5334912,-0.4544737,-0.18873078,0.17306188,0.15070376,-0.069455855,-0.15699616,-0.087002575,-0.24694502,0.21391039,0.081946194,-0.17199191,-0.1056409,0.3639927,-0.031246077,-0.20736301,-0.006308429,0.0053534675,0.185062,0,0.05087308,-0.040170107,0.006211538,-0.06444608,-0.15832482,0.20494685,0.14262262,0.027242877,-0.08270049,-0.41773623,0.060511265,-0.22668974,0.17846133,-0.28727314,-0.29833004,-0.023429908,0,-0.655426,-0.16540217,-0.3099208,-0.081602536,0.46337324,-0.18201804,0.007264346,0.033209838,0.007860888,0.7238451,-0.051840402,0.035402533,-0.1288372,0.00016437471,0.029388845,0.045926765,0.31970167,0.21852092,-0.07685083,-0.20439224,-0.042302776,-0.23693001,0.17563727,0.14677608,0.093783356,0.03526397,0.34389165,0.09686052,-0.27037725,0.1696427,0.2787855,0.22717717,0.46086407,-0.2517954,-0.094040334,0.2427243,-0.032632038,0.19472128,0.082456626,-0.11262142,0.046026893,-0.11632456,-0.11154433,-0.17734689,0.69891083,-0.07226225,0.01690216,-0.22922158,0.16012318,0.3438396,0.018249504,-0.2846336,-0.17484191,-0.4068471,-0.39646468,0.0041143913,-0.1388636,0.30563778,0.09888602,-0.08402003,0.08587483,-0.10825308,-0.053793177,-0.0721592,-0.582867,0.0030216575,-0.15994042,-0.059581704,0.2910341,-0.25279534,0.23647758,0.21066016,0.032090683,0.03882499,0.40385228,-0.057819374,0.18887597,0.12370494,-0.28612792,0.09045979,-0.20020586,-0.6465974,-0.05784455,-0.82469344,-0.2980298,0.04733555,-0.0036088126,0.17742833,-0.10885963,-0.15346533,0.08530601,0.0009983815,0.31208086,-0.080554016,-0.27026528,-0.03700611,-0.056026638,-0.12284702,0,0.022822108,0.05936218,0.0902809,0.0580464,-0.22331086,0.08046687,-0.3212226,0.16818467,0.05727243,-0.49371874,0.15172249,0.0043401867,0.09305915,0.10624565,-0.14473484,-0.26108402,-0.24486448,-0.09326957,0.37122288,0.22233526,-0.10767026,-0.3957811,-0.15369037,0.18294704,0.17186865,-0.22466142,-0.042776585,0.11993458,-0.16749254,-0.027586766,0.00885818,-0.4035014,0.29184884,0.05028033,0.035763923,-0.16992468,0.38416088,-0.19228503,0.041877255,0.12108073,-0.46878117,-0.006711279,0.11271053,0.3768343,0.09609792,-0.08308274,-0.19860715,0.056554437,-0.17609946,0.22935319,-0.33567098,-0.13959183,-0.0007330682,0.31859964,-0.3604305,-0.2980331,-0.1295774,-0.17113338,-0.21988606,-0.65285075,-0.24212047,-0.101386115,-0.30495667,0.078127496,-0.2959001,-0.067358665,-0.005327247,0.49987668,-0.034185454,-0.50917906,-0.015781917,-0.2391505,0.02644778,-0.03890501,0.04929113,0.32091242,0.084971,0.007820278,0.04461462,0,0.058837708,0.18312241,-0.21314211,-0.06701204,-0.12055363,0.2299084,0.24838656,-0.22363293,0.33953628,-0.579153,-0.05051102,-0.017845675,0.20685846,0.114527315,-0.013578411,-0.021601241,-0.22995627,-0.012178775,-0.31558257,0.15474789,-0.102063745,-0.3029995,-0.42938495,-0.18272847,0.42308533,0.16976506,0.10614005,-0.43578306,0.013932226,-0.07419328,-0.0033470076,-0.0074220374,-0.1478815,-0.17694436,0.31821135,0.04047156,-0.017582458,-0.29672647,0.19984443,-0.10017623,-0.4144095,0.30797344,0.18085828,-0.027843134,0.11569017,-0.21607688,-0.3125956,-0.075765036,-0.114914104,-0.0266807,-0.39877284,0.07001094,0.6981323,-0.388854,-0.1892511,0.29831707,0.30924702,0.1165131,-0.34895572,0.03850399,0.16288327,0.015347021,0.11805581,0.030158835,-0.0653726,0.049284734,0.10680719,0.20790224,-0.12514368,0.031405512,-0.03335122,-0.115066566,0.026449129,-0.07927309,0.12448929,-0.0910023,-0.38635534,0.3359167,-0.15264446,0.15678702,0.15201204,0.114688456,-0.18245405,-0.111415066,-0.10368615,0.30011025,-0.053026825,-0.641872,0.0042688623,-0.2508152,0.022158906,-0.099961825,0.3348989,-0.011981476,-0.091053106,0.07259095,0.017983295,0.04557186,-0.2715626,-0.3773089,-0.22051775,-0.2899215,0.006278187,0.5386312,-0.15150735,-0.1490096,0.17832613,0.1870191,-0.09413795,0.22256026,-0.04689524,0.11364657,0.0092866495,0.45297518,-0.15856187,0.28971553,0.21893914,0.30869892,-0.29901567,-0.093165025,0.17898078,-0.39095247,-0.06687325,-0.17152163,0.52839255,-0.15317748,0.15491484,-0.009101739,0.34761783,-0.2400494,-0.07471296,-0.19589362,0.2715713,-0.12075749
"(114.06359427587653, 22.583277947065227)",0.03846018,-0.17662778,-0.019084048,0.0695942,0.34506208,0.32685563,0.012639597,0.058816105,0.18743423,0.22228782,-0.009681322,-0.2565275,0.117482424,0.14734039,0.14392799,-0.10658398,-0.029682249,-0.050327472,0.13938478,0.0013822056,0.09147961,0.090197004,-0.037261356,-0.25345984,0.16092375,-0.0067984443,-0.044618048,0.035690174,-0.10848273,0.07753735,0.10535342,-0.16983117,0.3010027,0.24154827,0.067566484,0.2238139,-0.07046724,-0.21276589,0.13535193,-0.01904028,0.011208974,-0.30709708,-0.22003913,0.10388743,0.012886517,-0.28636616,0.071666434,0.088373676,-0.06527525,0.01460986,0.057523757,0.07252849,-0.007927503,0.14048494,-0.09631776,-0.21068104,-0.10520159,0.06415584,0.23091313,-0.24018225,-0.1980751,-0.092218034,-0.14799674,0.18770818,0.07209876,-0.14964774,0.10280229,0.21035066,-0.019804616,-0.124366656,-0.037414253,0.06974687,0.14452162,0,-0.062423833,-0.05746456,0.08732654,-0.06420932,-0.17310049,0.21592653,0.07021445,-0.053734794,-0.12644486,-0.30276778,-0.0103227645,-0.16469231,0.18415485,-0.25675032,-0.24173993,-0.072099335,0,-0.33835566,-0.058341056,-0.3213133,-0.13924703,0.16675803,-0.13441524,0.070966095,-0.054140575,0.044765923,0.44793287,-0.09024941,-0.08858512,-0.025324687,-0.055129617,0.10416047,-0.0028713197,0.26356214,0.2451893,0.0691594,-0.029265787,-0.14613804,-0.2241995,0.15905148,0.022923626,0.1416381,0.12802534,0.31922546,0.12930614,-0.1272023,0.27379215,0.28648418,0.23907416,0.34972432,-0.18259169,-0.029391333,0.080604434,-0.008305663,0.14862543,0.104353264,-0.059730183,-0.002910534,0.056798615,-0.14493543,-0.08892298,0.4651193,-0.035292447,0.056897674,-0.08842468,0.17627484,0.16212162,0.034449264,-0.29498366,0.0060729906,-0.17667133,-0.33990508,-0.016250389,-0.1517154,0.13095367,0.21253963,-0.13117246,-0.011785053,-0.08265874,-0.052309602,0.07851818,-0.4977209,-0.094277546,-0.047938135,-0.04309798,0.277147,-0.22313166,0.1410493,0.32635713,0.1276772,0.12922195,0.30245584,-0.09003353,0.28220946,0.05369419,-0.22523734,0.06895651,-0.090002894,-0.27211308,-0.041490823,-0.4516002,-0.24761072,0.06243728,0.011677136,0.021693066,0.044100262,-0.13413179,0.05463413,-0.032811634,0.21310955,-0.055438004,-0.11419465,0.0034428649,-0.05275657,-0.07403481,0,0.033900645,-0.054733053,0.12628932,0.028695423,-0.21390206,0.016612178,-0.20215498,0.15604183,0.026228778,-0.23061323,0.041524947,0.039301246,0.07482832,0.103084356,-0.16963683,-0.19727537,-0.12476139,-0.06618104,0.3211293,0.097389504,-0.03843628,-0.19700289,-0.13276875,0.24454813,0.38594517,0.03845829,0.04049948,0.028516524,0.01995121,-0.15995213,-0.055970754,-0.23478262,0.29937625,-0.036655013,0.060376767,-0.044659883,0.18426283,-0.08973153,-0.0583895,0.10378372,-0.20559628,0.055030715,-0.13072045,0.23620962,-0.03661877,-0.17694898,-0.13271531,0.030919768,-0.09646672,0.14614898,-0.12925553,-0.07700256,-0.03204564,0.16531138,-0.30103576,-0.21514109,-0.28842103,-0.10543741,-0.20644611,-0.32219303,-0.19044328,-0.07711497,-0.2213618,0.1572401,-0.15713608,-0.012289427,0.037892975,0.4071002,0.045360036,-0.22730619,-0.12829727,-0.17652062,0.105263814,-0.034542866,0.018097099,0.19872957,0.05672081,0.16070597,0.11598968,0,-0.012880459,0.14241925,-0.18258627,0.16064022,-0.13112378,0.200816,0.22635159,-0.16265716,0.14826268,-0.39276206,0.04754918,0.06927816,0.15857449,0.05793536,-0.13107547,0.008734975,-0.18220712,-0.007495854,-0.17843875,0.15642624,0.01077624,-0.3332879,-0.073060185,0.091792464,0.10159249,0.14223076,0.12615837,-0.40634787,0.022164283,-0.013824616,-0.062737584,0.057754472,-0.04377212,-0.1430077,0.38591725,0.11889137,-0.042117264,-0.2684384,0.282044,-0.09147593,-0.3334263,0.059605505,0.2058309,0.0658873,-0.032399982,-0.21441741,-0.14525577,0.010491848,-0.1534231,-0.012035221,-0.29746062,0.0818394,0.44015157,-0.35901207,-0.20334932,0.31169716,0.3380158,0.16083303,-0.20446312,0.0567708,0.13878079,0.039962143,0.058401406,-0.011077238,-0.061285093,0.0024092644,0.08433359,0.19360147,-0.07747456,-0.059405394,0.0032078251,-0.08565725,0.0611123,-0.11388536,0.1494623,-0.07687513,-0.21626763,0.3201348,-0.12625821,0.104310736,-0.03787902,0.07494788,-0.13278994,-0.04386409,-0.17610827,0.137613,-0.122975424,-0.33463833,0.12713861,-0.28659528,-0.009986326,-0.0007188525,0.21594074,0.086101905,-0.02904562,0.032956347,-0.14591509,-0.03589918,-0.21501572,-0.3669728,-0.11662182,-0.23588422,-0.07969503,0.48178896,-0.18114372,-0.08821532,0.27973244,0.17087065,-0.035393517,0.05586474,-0.03316504,0.17639002,0.03218566,0.35685074,-0.0013202429,0.24197842,0.19179559,0.01846037,-0.1134125,-0.085712664,0.22662365,-0.26699156,-0.058194175,-0.043312296,0.18567228,-0.10345021,0.2618971,0.014683211,0.3252088,-0.059420753,0.01330838,-0.044774078,0.21227422,-0.03247892
"(114.06403825139375, 22.69862235803982)",0.108563855,-0.06450306,-0.016039744,-0.028687382,0.2958287,0.27255976,-0.11326215,0.08516762,0.23115607,0.14465144,-0.0016628429,-0.21258365,0.028115913,0.040023185,-0.10721049,0.031345796,0.09432082,-0.028465606,0.14930171,0.033655275,0.028997399,-0.054483883,0.03899353,-0.050645098,0.0873138,0.058226403,0.009086348,0.031652283,-0.100742325,-0.03860169,-0.00011721626,0.0352288,0.41872603,0.02253499,0.054197494,-0.11301095,-0.036113076,-0.14010169,-0.1740865,-0.065453544,-0.201648,0.107962064,-0.22616762,-0.17614655,-0.07897974,-0.018326705,0.038255237,-0.0020134933,-0.18284258,0.068828925,0.029027045,0.15072891,0.01952878,0.0049016178,-0.18546212,-0.21424109,-0.15179881,0.22247031,-0.08584735,-0.079817094,-0.023827504,-0.019806448,-0.022016127,0.045495138,0.13593107,-0.3096465,0.05207618,0.106042,0.13123435,-0.20407663,-0.021757387,0.14471553,0.099150784,0,-0.04055112,-0.035456147,0.09870976,0.108561,-0.10196976,-0.043056928,0.11259681,0.053551853,0.06172469,-0.24423936,0.012261834,-0.1194122,-0.08819422,-0.06547665,-0.13289732,0.055994883,0,-0.16942653,-0.008648023,-0.08141007,-0.13439894,0.18914254,-0.009288183,0.12712179,0.1226721,-0.012216132,0.295265,-0.037896775,-0.049929265,-0.061321132,0.040688634,-0.029327512,0.08781096,0.2903909,0.05127085,-0.014473774,0.052388716,0.001025092,0.0084711835,0.09476135,-0.16160572,0.07159559,-0.05232392,0.1730345,-0.048756726,-0.16467753,0.20972659,0.074227616,-0.023282345,0.21982299,0.043238573,-0.0059587657,0.02766696,0.04672494,0.0651736,0.16436079,-0.23193526,-0.17617211,0.13711351,-0.08943228,0.037198886,0.07737994,0.27641457,0.016572084,-0.09529033,0.023323065,0.3225009,0.06158673,0.04106486,-0.12620774,-0.1485906,-0.20265609,-0.058066666,0.12600623,0.29542512,0.20767687,-0.066467956,0.0810157,0.27101648,0.1623303,0.23865011,-0.16125445,-0.07634018,0.15006015,-0.015501581,0.12043595,-0.15621534,0.32663575,0.18075006,-0.013513695,0.11246885,0.15110402,0.22204962,0.028326318,0.1321461,-0.19425991,0.040821195,-0.078897566,-0.2810416,-0.06736359,-0.20552503,0.07135452,0.078336015,0.03310557,0.0030120686,-0.10840759,0.066457465,0.066920646,0.091973305,0.13697602,0.1184495,-0.17788759,-0.06935591,0.021415135,-0.07666995,0,0.04371051,0.11547788,0.06888616,0.114089325,0.1256974,0.08644154,0.0018867254,0.08838899,0.18083115,-0.12613527,0.043040186,-0.07702282,-0.004408363,0.049037263,0.19872445,-0.019013822,-0.03622763,-0.0018328279,0.19623595,0.13491265,-0.06952901,-0.015382046,-0.082861826,0.09230025,0.15384519,-0.14703964,0.024818776,-0.009064831,-0.1093682,-0.12889147,0.07907377,-0.19647537,0.25355864,0.09701055,0.05348492,-0.094149604,0.1697792,0.07106921,0.13904169,0.08641842,0.13268882,-0.033620495,0.02166777,0.3218416,0.049671844,-0.03296136,-0.08617434,0.1415276,-0.26200306,0.21542841,0.05051568,-0.04727199,0.07589872,0.12638652,0.0452605,-0.2097933,-0.24616016,-0.0110970475,-0.04045894,-0.35822785,-0.16514096,-0.3177649,-0.11386491,0.078298464,-0.13708949,-0.030215107,0.16452193,0.11210584,-0.077929646,-0.16818826,-0.06280658,0.14308321,-0.021847095,-0.038737647,0.012195852,-0.007688109,0.17758054,-0.014196537,-0.093097135,0,0.14325067,-0.03012537,-0.22499816,-0.0033352673,0.1492241,0.11828249,0.13806376,-0.07204574,0.19489571,-0.1334582,0.117280036,0.16343355,0.18331465,-0.00131974,0.056731466,0.025944933,-0.24424683,0.08031799,-0.07173729,0.021081889,-0.07933996,-0.3395099,-0.3202829,0.2780131,0.21727106,0.10922535,0.06582859,-0.19410127,0.052073255,0.103315115,0.03692916,-0.0956597,0.057891935,0.18231204,0.24258439,-0.14446409,-0.16631846,-0.0013567172,0.08858827,-0.011878215,-0.0697456,0.38246578,0.023414329,0.22601168,0.052623704,-0.11974216,-0.043222114,-0.15928787,-0.12533882,-0.21513829,-0.04382527,-0.03562652,0.25360778,-0.03530909,0.002363719,0.29492736,0.2249248,-0.04540494,0.012644126,0.090415776,-0.08918519,0.0010661203,0.08901987,-0.025073318,-0.13120872,-0.055853188,0.11284143,0.19600396,0.15724647,0.078531876,0.20039845,0.02265445,0.13854328,0.009392718,0.09366675,-0.029698484,-0.3847966,0.10513865,-0.10553391,-0.002388347,0.13936538,0.069534585,0.11910418,0.10767441,-0.065237634,0.3229244,-0.017605696,-0.1547635,-0.087045304,-0.23130624,0.044795305,-0.028809538,0.084598556,0.09160962,-0.10386387,-0.06552086,0.026880756,0.23555331,-0.12916394,-0.28511813,-0.16828299,0.02602888,-0.06490616,0.35550207,-0.14906466,-0.2683127,0.087297246,0.18559124,0.0064630546,0.2018571,-0.024545241,0.112905815,-0.00057819486,0.49669752,-0.057320505,0.13587613,0.2108178,0.11216171,0.021608874,-0.07583823,0.07264975,-0.017509058,-0.080117,-0.07461636,0.16556954,0.16726674,0.07918024,0.296292,0.09120459,0.10603312,-0.06609723,0.14848047,0.07349232,0.108934276
"(114.0661914634822, 22.559317539367232)",0.13092098,-0.077920415,0.13656358,0.040374883,0.29586756,0.2602179,-0.12645775,-0.019776713,0.0865313,0.23391482,-0.09759812,-0.03900211,0.43063915,0.098614804,0.06726029,-0.1347537,0.13392921,0.17744371,0.2922606,0.48738003,0.33037007,0.030447833,-0.12990561,-0.0764523,0.06840314,0.11224763,0.001997523,0.07487443,-0.14003849,-0.08254066,0.051492132,-0.14205126,0.8170588,0.2181157,0.05998285,-0.006695723,-0.14215475,0.04956524,0.09197624,-0.068687916,-0.35192665,-0.10780882,-0.3033553,0.113855995,-0.18663707,-0.3635017,0.20930682,0.059806865,-0.30989414,-0.08588126,0.16915837,0.027462544,0.11032438,-0.045977637,-0.596509,-0.4274552,-0.23761378,0.22975531,-0.0035570804,-0.058721207,-0.058361184,-0.11100634,-0.32337332,0.14461973,0.042502876,-0.19637021,-0.2603944,0.25602692,-0.018877123,-0.26457193,0.07870897,-0.0549454,0.15621912,0,-0.028490921,0.008346636,-0.037956726,-0.1799022,-0.2945644,0.23128262,0.07785672,0.02345796,-0.04551213,-0.42005867,0.06026872,-0.38114774,0.10688041,-0.16372043,-0.34713662,-0.16839382,0,-0.5776044,-0.13672963,-0.23280297,0.031117436,0.47408098,-0.13870563,-0.0677049,0.015449414,-0.1543959,0.6866782,0.15780243,0.0033086576,-0.10007328,0.16844635,0.006025493,0.2023178,0.36366305,0.2648369,-0.31978062,-0.109504364,-0.019570503,-0.16349655,-0.07144819,0.04663048,0.13673082,0.017451735,0.26942506,-0.091649026,-0.37207928,0.2641834,0.15710494,0.18905833,0.39256108,-0.13779947,-0.13902448,0.24774101,-0.023566276,0.10232151,0.16634268,-0.21880683,0.04122869,0.059845805,-0.10598596,-0.25121272,0.5280135,0.14726993,0.009149518,-0.30092537,0.055654176,0.44849688,-0.02166675,-0.26197252,-0.22252819,-0.4191069,-0.34207508,0.031058097,-0.03548469,0.5031367,0.19521423,-0.010541689,0.13658571,-0.014406651,-0.09173255,-0.0015960895,-0.5111576,-0.08899616,-0.038417324,0.01838573,0.28428674,-0.3331033,0.340025,-0.0068222657,-0.1797433,-0.015601739,0.30949017,0.06761542,0.008668795,0.093742356,-0.37222135,0.06796542,-0.1207038,-0.6212088,-0.07704365,-0.71125144,-0.22609147,0.11832608,0.04137923,0.11893178,-0.27959818,0.126263,0.12675345,0.017469112,0.090060495,-0.004142739,-0.35415375,-0.037040204,-0.033454947,-0.109294266,0,-0.109473884,0.13309854,0.12170989,0.14045627,-0.015733063,-0.12782882,-0.27149814,0.12741911,-0.021282848,-0.41759193,0.24136981,-0.06859785,0.013457126,0.112020224,0.008635715,-0.20663074,-0.38586605,0.043610364,0.3413518,0.18660879,-0.056924194,-0.35484233,-0.19753326,0.08662839,-0.09585864,-0.3479411,-0.12403263,0.28237948,-0.18453413,-0.091055915,0.09677899,-0.46897787,0.4254136,0.089565545,0.11083932,-0.16511855,0.5723913,-0.19296771,0.09301608,0.040390342,-0.35481554,-0.259185,0.25515777,0.41093478,0.2390833,0.12399976,-0.19484729,0.18312526,-0.32984868,0.22642061,-0.4967809,-0.20299771,0.0017956067,0.34463906,-0.21392208,-0.36484733,-0.032673076,-0.07661417,-0.041976526,-0.7164922,-0.25899094,-0.18593535,-0.28128415,0.045643702,-0.2925887,-0.09220149,0.04652758,0.4350383,-0.14527881,-0.59298706,0.004844673,-0.004667498,-0.027403604,-0.039922662,0.14951093,0.18682085,0.24454686,0.019688576,-0.11359012,0,0.05642917,0.12043553,-0.13366395,-0.098603934,0.16588351,0.14534104,0.21583544,-0.22945376,0.33939353,-0.48858953,-0.01930624,0.049194906,0.18869197,0.044505976,0.17919357,0.04961051,-0.17919286,-0.06137924,-0.06491159,0.018310001,-0.14174193,-0.19029558,-0.73086077,-0.29195684,0.51313645,0.07992683,0.30286705,-0.3949329,-0.020072,0.06308502,0.13489549,0.012168277,-0.19329558,-0.12279487,0.23547696,-0.08265133,-0.14662655,-0.057196755,-0.022894662,0.032925963,-0.33118817,0.40463972,0.08265511,0.042864453,-0.044309303,-0.09194677,-0.35646588,-0.19245696,-0.19478506,-0.16610622,-0.08919987,0.0073377006,0.6305906,-0.28784198,0.018168785,0.31234294,0.1491392,0.15348901,-0.33382803,0.017483577,0.14439535,0.032421954,0.10422427,0.06592412,-0.0464918,-0.10270603,0.1522928,0.2533226,0.0337385,0.18656737,0.13299572,0.025225138,0.06860994,-0.065529965,0.07239883,-0.11602263,-0.40359864,0.22424032,-0.17190115,0.31776375,0.29623735,0.25144407,-0.006374344,-0.12272812,-0.021045111,0.45536152,-0.011032335,-0.600073,-0.099826805,-0.2648614,-0.013993241,-0.084206276,0.22339277,0.07504158,-0.11206829,0.16249278,0.046810605,0.29737416,-0.36422813,-0.43399668,-0.3816114,-0.23758323,0.053804044,0.6082549,-0.17578097,-0.29948092,0.08242532,0.072647616,-0.09179081,0.42487347,0.07112537,0.029523518,-0.08079002,0.49766663,-0.2257164,0.41852844,0.18931536,0.3707479,-0.49156943,0.003925956,0.075452216,-0.2223146,-0.21620128,-0.18628387,0.52313733,-0.11023172,0.07296071,0.18259738,0.1991441,-0.25059187,0.021015774,-0.17230678,0.2061165,0.003251641
"(114.06798919778484, 22.66289994726312)",0.1351743,0.04997755,0.078431845,0.015378905,0.106869,-0.1791033,-0.07235869,0.05092709,0.02744627,0.07201668,0.048631772,0.16503175,-0.24188353,-0.17637989,-0.037361935,0.15516903,0.10068174,0.17910233,-0.04709064,0.16952565,-0.1421268,-0.03524749,0.023377158,0.085960105,0.13432387,0.08472139,0.04238219,-0.054601297,-0.15623729,-0.052025422,0.07066312,0.050950274,0.2828208,0.036645792,0.20841807,-0.093556754,0.038319804,-0.23945929,0.01635174,0.14164934,-0.09244075,0.32028174,-0.06893492,-0.08033681,-0.035843626,0.18501773,0.028071366,-0.07367055,-0.06276266,0.1770367,0.109173894,0.13877459,0.07715103,-0.051940724,-0.06852076,0.0763696,0.025086686,-0.052965038,-0.10053784,-0.19383776,-0.041841414,-0.031184651,0.014706302,-0.08538361,0.1066758,-0.29046988,0.025390621,-0.06268615,0.16969945,-0.18845887,0.13950843,0.055066653,0.13329597,0,0.10900018,-0.15873179,0.18890941,-0.032494254,-0.074729055,-0.012603499,0.05992077,0.06757976,0.2848246,-0.33468932,0.0038573518,0.013965301,0.061362907,0.002017267,-0.01259575,0.0064217225,0,0.049850352,0.034113847,0.30730793,0.141994,0.11287744,-0.14213021,-0.039469346,0.006564239,0.11844359,0.14817876,0.10717369,0.090760514,0.07737604,0.25374055,0.07355207,0.18926698,0.27640486,0.20641747,-0.008925222,0.18060343,0.12403933,-0.007370852,-0.022411145,-0.12071939,0.2436858,-0.101904795,0.2593756,-0.13698967,-0.13744006,0.21348687,-0.033404127,0.04921036,0.0401315,-0.03809098,0.09360868,0.023886014,0.076147854,0.0407831,0.18062745,-0.40441963,-0.14930786,0.15561062,-0.055730335,-0.22504395,-0.08836066,0.50823194,0.17059177,0.02845401,0.07418036,0.45424414,-0.0015129708,0.28286818,-0.13444626,-0.068451084,0.049006343,-0.022565307,0.028786736,0.24042033,0.13286456,-0.04237632,0.10483546,0.435201,0.04232067,0.32102382,0.28481218,0.118753254,0.23567405,0.07518492,0.18327837,-0.01844401,0.32205442,-0.15383857,-0.26519668,-0.0038545881,-0.05547881,0.17341945,0.08051248,0.06263007,-0.24470282,0.18080533,-0.18649535,0.06943312,-0.05367092,-0.19077541,0.19060606,0.09092508,0.1962027,0.09124417,-0.1219858,0.37600166,-0.082259975,0.11479004,0.19107085,0.2507156,-0.21744075,0.101082705,0.21498379,0.3021607,0,-0.121509865,0.058185436,0.16999054,0.10180871,0.27474672,0.19731697,0.38052922,0.23152626,0.36380008,-0.056806855,-0.12589224,-0.23391587,0.0012637594,-0.055652037,-0.10498023,0.01758112,0.039821446,0.018381193,0.20539552,0.28867906,0.07422075,0.011082312,-0.053711675,-0.0318335,-0.06785161,-0.056099787,0.079735726,0.08461541,0.09276999,-0.12391901,0.087717265,0.08295948,0.5779662,0.17025757,0.1370392,-0.14694427,0.13973409,-0.040936247,0.0645173,0.16473338,-0.16089112,0.11331012,0.13064125,0.25421032,0.27060372,0.03409127,0.100433245,0.10003686,-0.34810233,0.40871713,0.27553663,0.049580082,0.087234505,0.23943052,0.12364954,0.014473297,-0.10310665,0.14882416,-0.11767679,0.074115485,-0.21455684,-0.14786029,-0.19988291,0.2179998,0.0765029,0.09335979,0.2337806,0.1281243,-0.034219474,-0.23424095,0.16219535,0.2885739,-0.08413133,0.12053182,0.076664045,0.2230218,0.067073286,-0.196812,-0.23880881,0,0.20981377,-0.19240661,-0.20627217,0.13095725,0.0374061,0.08172717,0.2702836,0.19184574,-0.02169519,-0.21863282,0.0002080584,0.061574403,0.255208,0.053133987,-0.021016221,0.26172754,-0.107229896,0.092718646,0.28280652,-0.14756067,0.07052135,0.011157922,-0.120904624,-0.1843755,0.2943061,-0.08059927,0.00931059,-0.049372956,-0.14763094,0.15223935,0.042201556,0.018020026,0.08545782,0.05656691,-0.08511732,-0.08673389,0.1163238,0.18993369,-0.09207861,0.10481515,0.08069247,0.3724802,0.11830104,0.23130445,-0.13722955,-0.04559601,-0.059849083,-0.041422136,0.04336137,-0.2094726,0.07650396,-0.024303015,0.07646459,0.113547675,0.13654181,-0.0038480684,0.074538894,-0.061635062,-0.18342482,0.13394582,-0.00278287,0.041698977,-0.13205668,-0.15740758,-0.06867471,0.016529895,0.09516734,0.31163278,0.26829794,-0.07828291,0.14273772,-0.0050550047,0.042958364,0.08317286,-0.0147423,-0.05336807,-0.32818827,-0.1537788,-0.1443778,0.10199253,0.07015182,0.09417617,0.1951177,-0.10376265,-0.061055742,0.16645224,0.032510832,-0.09645599,-0.02106341,0.0061750114,-0.12048536,0.11171318,-0.03291045,0.2143484,0.13939433,0.24006575,-0.011389136,0.18318279,-0.2997953,-0.13035405,-0.22451231,0.013325939,0.21774092,0.16100752,-0.44312915,-0.28798378,-0.0443584,-0.014205616,0.009414051,0.33809766,-0.07435329,0.1210292,-0.07107907,0.18454807,0.30237383,-0.054704834,0.14635523,0.044334,0.0138768405,0.13371763,-0.014169872,0.218336,0.03701879,0.050932333,0.16194946,0.20619969,0.21643607,0.115642205,0.09435549,0.05586401,0.06346232,0.1778284,-0.050362192,0.09085002
"(114.07441008918283, 22.69392970113989)",0.12189409,0.09476754,0.103558496,-0.01547044,0.15135956,0.05940872,-0.28810012,-0.010047905,0.055580825,0.095880896,-0.026702791,0.09112841,0.10788393,-0.022659447,-0.112332754,-0.022802323,0.2033521,0.22560632,0.12919779,0.2811904,0.00941471,-0.11357701,-0.10153251,0.15745579,0.06074081,0.14691696,0.022826232,-0.014917268,-0.029502187,-0.20592724,-0.030433308,0.051050056,0.6413266,-0.10563523,0.05281511,-0.21739703,0.07179052,-0.069522694,-0.21530397,-0.028708592,-0.24553815,0.28774914,-0.26776934,-0.018719159,-0.123748906,-0.08118906,0.03566107,-0.11415391,-0.2845405,0.03991437,0.08136435,0.14164211,0.03273975,0.030491315,-0.4914259,-0.24698007,-0.0763434,0.3269268,-0.11492711,0.10489898,0.116928965,-0.00457999,-0.019309219,-0.062873974,0.050857376,-0.1794596,-0.23265888,0.10312089,0.11759223,-0.22292738,0.028363086,0.12899216,0.093560144,0,-0.043117665,-0.056758653,-0.0095352195,-0.022275157,-0.10937706,-0.10377806,0.1943828,0.16241483,0.22986849,-0.35048485,0.123737976,-0.03396155,-0.09273368,-0.020882152,-0.1528683,-0.029069565,0,-0.2825087,-0.0076044053,0.16571249,0.0998121,0.28615615,-0.09697236,0.06871323,0.23173769,-0.061222207,0.31437078,0.07901939,0.07504921,-0.1426914,0.09015429,-0.051434353,0.2883913,0.27988076,0.078246795,-0.17980084,-0.07007316,0.12743506,0.033826582,0.01772368,-0.13547227,0.21141659,-0.07112844,0.20353366,-0.20159,-0.29029673,0.1190311,0.057969958,-0.035374474,0.24011981,-0.055289112,-0.10174382,0.20254268,0.042016488,0.028968967,0.091151066,-0.3207677,-0.08359252,0.0036853561,-0.09783127,-0.18935812,0.095566705,0.25891745,0.05872565,-0.059982147,-0.06091232,0.48103365,0.08794279,0.2759362,-0.18620718,-0.3220595,-0.17962962,-0.0028271098,0.07073477,0.5079375,0.08562332,0.16662838,0.15747473,0.31452718,0.09022193,0.22933498,0.11815737,0.17078687,-0.013941146,0.11090014,0.11769885,-0.122498184,0.4443657,-0.12829271,-0.24563415,-0.052696794,0.11907561,0.23037177,0.029828146,0.04362534,-0.30049157,0.10813717,-0.025495054,-0.39782497,-0.023890644,-0.47810388,0.1048432,0.07053439,0.013132508,0.13231373,-0.23688117,0.2968683,0.0014812276,0.19868228,0.13051184,0.26639533,-0.36158293,-0.078292735,0.111129105,0.11898246,0,-0.04557752,0.047264487,0.13002975,0.19646996,0.14840442,0.27145275,0.07780701,0.18116954,0.26979172,-0.29803145,0.09751567,-0.1701824,-0.046864185,0.00066949613,0.10338423,-0.05309491,-0.08337276,0.09913424,0.21427688,0.31041664,-0.01884143,-0.07468847,0.085410506,0.030671015,-0.22519204,-0.36519486,-0.0389873,0.1308682,-0.20350498,-0.09980625,0.06843756,-0.13281119,0.31564385,0.3544168,0.092856005,-0.062583715,0.3428583,-0.017951569,0.23273319,0.109040834,-0.113029346,-0.10705454,0.24457431,0.37646338,0.27840817,0.045789257,-0.07543579,0.1180328,-0.3405277,0.29914144,-0.11461147,-0.0993773,0.15904199,0.31891048,0.07518718,-0.050492205,-0.11853941,0.08568261,-0.048915498,-0.35119796,-0.2407805,-0.20609422,-0.2086999,0.053749476,-0.16041219,0.038582318,0.25169465,0.085820034,-0.13693409,-0.43919462,0.09161986,0.28411362,-0.1212368,0.03567476,0.09853335,0.08331895,0.1530213,-0.11919281,-0.1447711,0,0.27613497,-0.007252915,-0.06843001,-0.2695871,0.23806639,0.06289958,0.1500797,-0.06351209,0.21978542,-0.3172109,-0.02271846,-0.032597948,0.24305946,0.08890963,0.17560075,0.08480203,-0.17985766,0.07748483,0.031562135,-0.0971306,-0.20106064,-0.008410357,-0.57800734,-0.08135278,0.46925762,0.12154382,0.14678349,-0.025342248,-0.041744262,0.13904457,0.08506662,-0.071890846,-0.06314595,0.2396446,0.100612864,-0.19696742,-0.043658104,0.019387003,-0.0412916,0.14013359,-0.029112022,0.61942846,-0.013871767,0.1605637,0.13174553,0.011705525,-0.08717853,-0.26018664,-0.010581102,-0.2424525,-0.08318971,-0.08546649,0.32711905,0.13304207,0.14430574,0.14640905,0.16119263,-0.15828913,-0.20008917,0.063951716,-0.15588935,0.1717752,-0.056550972,0.04766062,-0.015716463,-0.015974618,0.16087571,0.27115953,0.1871332,0.034203205,0.27007532,-0.00011814572,0.085979745,0.13047358,-0.037277967,0.0029765815,-0.38949728,-0.008793686,-0.14878672,0.1995108,0.33886003,0.18618415,0.2919023,-0.1426655,0.11105319,0.3295002,0.10282706,-0.35511625,-0.14369103,-0.24016148,-0.0511937,0.032679208,0.079935506,0.032369927,-0.11349321,0.08860178,0.19749194,0.40655267,-0.18037464,-0.2698332,-0.30721486,0.019235903,0.070650324,0.28968537,-0.1966793,-0.48216772,-0.027097072,0.17153724,-0.035350244,0.39394295,-0.015072603,0.06291661,-0.024184942,0.4686837,-0.033986047,0.16865776,0.27686873,0.19273789,-0.2534836,-0.04939325,0.031530656,0.088914976,-0.15416108,-0.20157954,0.5033465,0.18350303,0.09039377,0.33161783,-0.010330707,-0.06640293,-0.039550122,-0.020408995,0.05104161,0.092757076
"(114.07584104682304, 22.626002835042275)",-0.2106615,0.046348996,-0.024811786,-0.06531605,0.1741229,0.28543922,-0.26222336,0.06801067,0.12572515,0.13444039,-1.9326806e-05,-0.16937733,-0.24135187,-0.02757133,-0.10359426,-0.06735137,0.24267021,0.23322809,0.112008035,0.13240826,0.09648845,0.17379431,-0.02756152,-0.13876872,0.1277163,0.09836878,0.22433174,0.046585776,-0.2160767,-0.18107802,0.032869074,-0.1313519,0.58307457,0.006778175,0.16774446,-0.063208446,0.08208009,-0.3072353,0.07114558,-0.17546088,-0.14569938,0.1740916,-0.24483213,-0.024752192,-0.13990825,0.013408968,0.084788345,-0.13782638,-0.23376164,0.24145368,0.10441363,0.13119896,0.02694197,-0.0026269108,-0.2508825,-0.16965687,-0.19245175,0.23572055,0.065268934,-0.331557,0.012095932,-0.018947665,-0.037999447,-0.14154805,0.11905207,-0.30014795,0.032570183,0.039853718,0.19441347,-0.026333544,0.05554191,0.13376413,0.14349237,0,-0.06096279,-0.10804291,-0.13039462,-0.19807589,-0.24418417,0.06792923,0.08219896,0.12341006,0.08466376,-0.37875736,-0.052763645,-0.22294348,0.08404127,0.17916542,-0.32173005,-0.19316715,0,-0.1791968,0.0764936,0.047918923,-0.071697906,0.48661238,-0.07270672,-0.05413802,0.05780161,0.15913205,0.44222394,0.0020288378,0.09908822,-0.14975733,0.19801311,-0.030852675,0.23011574,0.28654927,0.23827443,-0.05865577,0.31017062,-0.043264057,-0.2940729,-0.05597557,-0.3138633,0.43706274,-0.22720484,0.26759145,-0.0441482,-0.31749016,0.4707811,0.18815334,0.061504465,0.37053797,0.0187291,-0.13010459,0.093912825,0.05025002,-0.033255436,-0.111112155,-0.27003643,-0.18769653,0.2857347,-0.11319769,-0.19247538,0.07349759,0.2609855,0.14575401,-0.31653327,0.09310367,0.44937477,0.104449004,0.08460365,-0.19129208,-0.086401366,-0.34800833,0.106214955,-0.201617,0.44390965,0.26561567,-0.28584966,0.073948406,0.31647968,-0.018657133,0.3579889,-0.089102544,-0.11748709,0.037972942,0.04550097,0.06683685,-0.32123944,0.5166868,-0.0775349,-0.0771306,-0.02313672,0.21727885,0.14058715,0.09018855,-0.104102045,-0.45968437,0.088431984,-0.23628296,-0.43386546,-0.1545276,-0.38242215,-0.09109233,0.059306845,0.14495823,-0.09432402,0.0035426319,0.23001008,0.05935987,0.018274013,0.0056442544,0.20416853,-0.2500414,-0.012701489,0.06810357,0.2094819,0,-0.08898121,-0.28811067,0.34208873,0.28515,0.10696658,0.09233018,0.03972707,0.30455142,0.28160894,-0.17097545,0.17788464,-0.0034744143,-0.027940674,0.18613599,-0.12840164,-0.09577131,-0.060149625,-0.15341078,0.45472634,0.20012893,0.114485815,-0.18453014,0.12232751,0.06709925,-0.15277246,-0.23117195,0.07042889,0.21340333,0.15215257,-0.3229434,-0.026938897,-0.24267203,0.4280856,0.1616588,0.24470814,-0.16686286,0.34438476,-0.09051059,0.07946023,0.18256432,-0.083918974,0.02592982,-0.08528078,0.41863292,0.34627235,-0.08640557,-0.09884046,0.22256914,-0.4459887,0.23910597,-0.27498907,-0.035698578,0.036641672,0.36542165,-0.09063029,-0.22743699,-0.25876886,0.03731521,-0.25943863,-0.45868552,-0.32622135,-0.054472998,-0.23272948,0.24292122,-0.04855632,0.15599722,0.1948346,0.21853201,-0.11657647,-0.3700295,0.011240087,0.12321239,-0.0056108832,0.15646122,0.18898252,0.16339381,0.36804974,-0.034428254,0.08044856,0,0.021612883,-0.10857118,-0.18719152,0.1606369,-0.08980414,0.16274539,0.11920008,0.09910308,0.17506108,-0.28614512,0.10408868,0.12162531,0.4179675,0.08916216,0.33245897,0.05411045,-0.35640943,0.08060217,0.43308204,-0.01960498,-0.11356482,-0.12481885,-0.2448698,-0.02111531,0.26609302,0.16825357,0.30657813,-0.25906333,-0.06416902,0.22170219,-0.033752166,0.027941711,-0.11767091,0.03660281,0.31627348,-0.022156121,-0.087643355,-0.04677747,0.029275205,-0.012668379,-0.20831949,0.45252284,0.154239,0.46482542,-0.21859233,-0.11776609,-0.030032024,-0.28080714,-0.32845277,-0.18587503,-0.06250587,-0.061276067,0.32416487,0.00812953,-0.054981135,0.19845621,0.2662445,0.1606769,-0.31192333,-0.03783542,0.22349046,0.28406653,-0.13050511,0.11293409,-0.2428473,-0.071159594,0.10853645,0.42260572,0.171969,0.1356498,0.17066014,-0.08393677,0.06018808,-0.048823684,0.0039040744,-0.123109505,-0.5464714,0.0031008315,-0.18677956,0.34726468,0.30986577,0.19079927,0.18640402,-0.23658943,-0.16317111,0.30235863,0.013259463,-0.2670791,-0.1457743,-0.12519181,-0.39813852,0.11823089,0.065402,0.16170345,-0.20186734,0.46094036,-0.107094556,0.28027079,-0.30610824,-0.3756487,-0.32178143,-0.16486765,0.012040413,0.22652698,-0.38708475,-0.55544585,-0.038520973,0.09654023,0.082500964,0.38030493,0.11229825,0.1527931,0.043229617,0.2828445,0.080875546,0.1740322,0.3971873,0.024987452,-0.3070949,-0.11260091,0.14523658,0.19114329,-0.29039562,-0.034775734,0.3365057,0.15143023,0.13754164,0.4581451,0.08940685,0.17769064,0.053659637,-0.058167443,0.24874318,0.22859436
"(114.07920241505768, 22.734848578124577)",0.017975852,-0.38194093,-0.23174347,0.104702525,0.5697049,0.5773873,0.2015538,0.18551677,0.45994934,0.25131917,-0.0074449927,-0.66267365,0.16283032,0.32483163,0.105926074,-0.18810087,-0.24479513,-0.55721927,0.22640559,-0.54577625,0.24961495,0.14306624,0.2828453,-0.6367507,0.024991538,-0.24406728,-0.002806399,0.10805486,0.10674624,0.19159852,0.13489403,-0.07334994,-0.26792735,0.5647981,-0.005791232,0.34451154,0.009183012,-0.21234126,0.14482306,-0.12169039,0.11603177,-0.71205974,-0.13067274,-0.050040703,0.13378957,-0.33053324,-0.03495817,0.23352931,0.005004108,-0.1346463,-0.02780959,0.05106462,-0.058646422,0.22284015,0.26302394,-0.23087004,-0.14945222,-0.045374364,0.27241609,-0.2847989,-0.25694272,-0.0855136,-0.22475983,0.4696735,0.103212535,-0.25244543,0.5341749,0.18696044,-0.07516271,-0.03310259,-0.22857746,0.07346079,0.08442205,0,-0.06077791,0.07529722,0.11121184,0.16465005,-0.219771,0.28029582,-0.094905004,-0.17147446,-0.39499438,0.03898996,-0.13117851,-0.22810951,0.03957952,-0.29146153,-0.1765782,-0.00073020905,0,-0.11091354,0.073077254,-0.7405528,-0.46200764,0.09173915,0.013164259,0.16944537,-0.18645929,0.15776323,0.3124764,-0.2138609,-0.30189395,-0.051259354,-0.42127955,0.21547297,-0.2356358,0.18331587,0.055205643,0.2789016,0.020206027,-0.47442767,-0.090771064,0.31413844,0.17813173,-0.16284052,0.27434072,0.16235417,0.3096654,0.1494016,0.31523556,0.3866181,0.20487165,0.31391588,0.04282856,0.1483268,-0.21842414,-0.0030206162,0.20809588,0.15178263,0.29969218,0.02856118,0.26056886,0.007160645,0.3364155,0.40889063,-0.22433251,-0.07667917,0.048393533,0.4475196,-0.2810342,-0.049468573,-0.5650345,0.262908,0.13412002,-0.41111264,-0.07696795,-0.21053433,-0.2631615,0.37753507,-0.43110928,-0.25206012,-0.09205516,-0.1062169,-0.13766587,-0.79131824,-0.50696886,0.12270915,-0.14122778,0.2097748,-0.21882194,-0.02917165,0.8258282,0.5906919,0.4837455,0.53215003,-0.09019831,0.20978162,0.31785047,-0.004194351,-0.022476746,-0.07484467,-0.1737686,-0.059041217,-0.019219793,-0.30076537,-0.06695102,-0.037176285,-0.1673037,0.16924828,-0.48585063,0.06357051,-0.1805816,0.13190827,-0.34016022,0.1548681,-0.09456258,-0.21040644,-0.4812075,0,0.17061213,0.05664336,0.022161677,-0.087149695,-0.31164914,-0.2304125,-0.46377838,-0.16809767,-0.32659477,-0.060405187,0.07297015,0.27910957,0.1471828,0.11399156,0.092253715,-0.0015981942,0.06510907,-0.118906066,0.16477478,-0.1879597,0.03444214,0.020300228,-0.16121727,0.295452,1.0892075,0.38580883,0.1042036,-0.13104317,0.027654864,-0.17606765,-0.021623466,-0.327454,-0.0026956461,-0.43277457,0.0510791,0.1444014,-0.24542545,-0.027984852,-0.13883501,-0.012653463,0.151752,0.17589852,-0.46936288,-0.05124841,-0.4338737,-0.27046806,-0.14278316,0.0557916,0.097452745,-0.034186292,0.013126172,-0.08996323,-0.16249381,-0.19414575,-0.39994374,-0.3078102,-0.4042697,-0.1878067,-0.08732947,-0.26351392,0.00084243715,-0.17309889,0.15036017,0.034785733,-0.19444913,-0.011215989,-0.08341981,0.23113886,0.26691782,0.21398968,-0.3906362,-0.41055626,0.3219586,-0.14202562,-0.038825843,-0.038815524,0.009299144,0.31780732,0.28189903,0,-0.23235193,0.38384512,-0.17469008,0.41420382,-0.20555288,0.055199914,0.2507569,-0.1980328,0.20387429,-0.10770987,0.20888253,0.28636596,-0.0707443,-0.13897091,-0.36063585,-0.20435527,-0.24382459,-0.02063082,-0.37068263,0.23070465,0.09087709,-0.8205986,0.22446127,0.72054523,-0.4440865,0.19716111,0.1676709,-0.5958282,0.21170902,-0.119550884,-0.060507208,0.031362027,0.2084041,-0.32573348,0.51576203,0.31459564,-0.29763645,-0.2550793,0.54060626,-0.44499147,-0.2639723,-0.34921467,0.2028024,0.065964386,0.042059578,-0.48204574,-0.02885595,0.21901008,-0.35707572,0.08984012,-0.24529292,0.10052356,0.22761539,-0.44420782,-0.471283,0.37108788,0.4035496,0.3648059,0.17009217,-0.1550372,0.27444878,-0.121928826,0.30510032,0.010955916,-0.1741875,0.058788173,-0.0012982003,-0.11444092,-0.21959302,0.03935756,-0.11983959,0.026381949,0.1692383,-0.22316477,0.44939393,-0.10255657,-0.024484616,0.5279005,-0.008282118,-0.17838559,-0.19758071,0.017123077,-0.48089695,0.3535817,-0.35750252,0.0685946,-0.3066709,-0.13070352,0.2861801,-0.24250089,0.14106464,0.021151083,0.26441744,0.08584865,-0.12056085,-0.3270937,-0.35606,-0.342077,0.021003038,-0.2984854,0.17239586,-0.23918319,-0.38351995,0.44720966,0.16968548,0.291434,0.51359195,0.26625976,0.11359207,-0.2920223,-0.103218794,0.27772504,0.10476686,0.28016275,-0.12188982,0.31515148,0.07637123,0.021776713,0.28755382,-0.2749654,0.26790866,-0.40068048,0.10205595,0.11001721,-0.33152404,-0.14526361,0.19660652,-0.033939883,0.37237644,0.20316288,0.068859234,0.10008622,0.17897916,-0.162029
"(114.0797627295953, 22.560962409623844)",0.17916366,-0.23368901,0.077340156,-0.024814406,0.16245821,0.3111555,-0.30989563,-0.044195373,0.098558575,0.09431761,-0.060168438,-0.16106689,0.3016464,0.32046276,-0.043437228,-0.17627357,0.04756935,0.10715134,0.51976407,0.38335177,0.51095957,0.08739213,-0.073826626,-0.003933996,0.105096176,0.1032287,0.10183988,-0.09723539,0.0016168393,-0.18671319,0.0041358136,-0.24513315,0.93441945,0.44241112,-0.06088184,0.009623492,-0.086105414,0.046963423,-0.026576016,-0.09873913,-0.39078617,-0.21118459,-0.30657473,0.15810892,-0.25316945,-0.43516985,0.28782797,0.16295727,-0.34656012,-0.04568188,0.12632468,-0.012992958,0.1624949,-0.005463302,-0.7588401,-0.66688514,-0.37261972,0.22637603,0.04797471,-0.1749084,-0.18567082,-0.11713202,-0.17189056,0.2937138,0.11016935,-0.3467014,-0.1696079,0.3745963,-0.005888235,-0.46928102,-0.001707606,-0.046687566,0.24035692,0,0.019413183,0.0019850023,-0.010738965,-0.08121345,-0.2974296,0.32081142,0.14012705,0.058125734,-0.08466114,-0.50386167,0.008256696,-0.67787397,0.105285615,-0.15683848,-0.46172565,-0.11952586,0,-0.7091107,-0.18686298,-0.1920308,-0.04106313,0.8083206,-0.20818892,-0.02861552,0.01438419,0.04069497,0.9361186,0.15971562,0.026709814,-0.17354526,-0.044587806,-0.09855066,0.14175768,0.3558143,0.18155421,-0.39094427,-0.16718267,-0.14564009,-0.13959372,0.07053879,0.09756426,0.27904794,-0.10896839,0.2519182,-0.13900308,-0.35823068,0.43377686,0.29963526,0.20515946,0.40591514,-0.08087627,-0.10363737,0.17354903,-0.04119947,0.16523917,0.20308098,-0.20996694,-0.013847122,0.2446863,-0.046087705,-0.09978609,0.67843133,0.11591806,0.057708766,-0.52688205,0.070729904,0.4016642,-0.08401607,-0.20720646,-0.2992487,-0.37490612,-0.56583226,0.044940412,-0.19017936,0.5890157,0.36342922,-0.22423764,0.09320336,0.1353353,-0.069955856,0.19951005,-0.6194926,-0.044790387,-0.0475951,-0.08181699,0.2809111,-0.46520886,0.5248605,0.17015229,-0.15684019,0.07205941,0.17324392,0.23256873,0.0020617098,0.100804135,-0.45402968,0.07510173,-0.30748805,-0.847975,-0.17232215,-0.96421814,-0.35186374,0.13576509,-0.028165303,0.0883782,-0.43181875,0.085900545,0.16255984,-0.046241615,0.109486684,0.054064117,-0.6031713,-0.07682644,-0.0036648307,-0.2716218,0,-0.13979226,0.15079087,0.21331018,0.10403958,0.0025982931,-0.11925175,-0.31231618,0.12569281,-0.054490212,-0.6391951,0.39069903,-0.024849355,0.011277859,0.18045577,0.0992623,-0.13041852,-0.37101692,0.038572267,0.4757818,0.16994032,-0.021584854,-0.5757813,-0.17263252,0.18058184,-0.12626901,-0.4921204,-0.15155883,0.37524262,-0.38849765,-0.095648944,0.04943365,-0.67052484,0.52088207,0.029517498,0.0784494,-0.24891405,0.7164803,-0.00971281,0.07287865,0.01722119,-0.53094566,-0.30423173,0.25217375,0.44046146,0.34140033,0.094247,-0.25553492,0.2481153,-0.42107832,0.4975408,-0.50229174,-0.2591994,-0.029121814,0.29374808,-0.22542718,-0.33037332,0.15704502,-0.13647656,-0.18341482,-1.0044401,-0.39585546,-0.19984469,-0.300273,-0.034732975,-0.36406466,-0.12783208,-0.051488258,0.2711277,-0.055076376,-0.83749044,0.06109955,-0.047379144,0.029576927,-0.027264126,0.23092325,0.114902586,0.27460253,-0.18531752,-0.088287294,0,0.019820258,0.16450234,-0.2354875,-0.12819427,-0.015476346,0.15400878,0.17581959,0.032543678,0.44391775,-0.6108961,-0.16146082,0.030552741,0.1373487,-0.0887346,0.3198023,0.034646604,-0.19605818,-0.021122279,-0.10344447,-0.011306709,-0.26507384,-0.30118757,-0.9288408,-0.1644246,0.5949797,-0.03095048,0.3687288,-0.6516644,0.11446114,-0.03714515,0.30466765,-0.02571173,-0.24366161,-0.25698966,0.12570676,0.014941422,-0.27966017,-0.034605917,-0.030452128,-0.0905151,-0.35530236,0.5267485,0.08476715,0.22889479,-0.029230714,-0.26101387,-0.3750034,-0.2342937,-0.26477394,-0.18842268,-0.08140546,-0.033008423,0.8876951,-0.31557125,-0.18851665,0.3093087,0.42624456,0.082305536,-0.53583956,-0.031353652,0.23607332,0.08669444,0.12381985,0.020559901,-0.274763,-0.11553603,0.22986089,0.19766095,-0.013415888,0.26583752,0.113351546,-0.05081316,0.0053076595,-0.052148208,0.21883614,-0.17048006,-0.6205663,0.23346409,-0.32282242,0.32332516,0.38850704,0.23168744,-0.075184315,-0.13587388,-0.0995348,0.57832855,-0.039958086,-0.8361551,-0.19168827,-0.33274606,-0.06005179,-0.15970941,0.15820055,0.003481118,-0.17691186,0.23855646,0.017320722,0.3940009,-0.4845382,-0.54321605,-0.49809262,-0.42714632,0.27848232,0.6173581,-0.20781817,-0.46103173,0.045218296,0.07517348,-0.014609974,0.464848,0.28831327,0.1022366,-0.06666613,0.5143009,-0.31412157,0.4944803,0.32245257,0.43632004,-0.4160563,-0.16215672,0.063588426,-0.2533671,-0.36506033,-0.19667095,0.7151727,-0.07767314,0.14971294,0.2960295,0.27647766,-0.1330555,0.015964787,-0.32505473,0.17111832,-0.080995895
"(114.08223154462397, 22.54840884612481)",0.2553459,-0.19358866,0.06602071,0.1504818,0.3685372,0.17932995,0.09105776,-0.0076582357,0.041406766,0.28544617,-0.08533285,0.020069849,0.5296807,0.21940142,0.1020348,-0.14062457,-0.047022626,0.01652471,0.35071018,0.46327204,0.3322124,-0.01553642,-0.0812448,-0.08596279,0.07586013,0.061927523,-0.12776814,0.07999202,-0.04484145,0.00910718,0.07994519,-0.10544726,0.5564885,0.41034576,0.038718503,0.035007276,-0.20131183,0.12838906,0.12043713,-0.010070525,-0.34254482,-0.25026995,-0.21322231,0.186667,-0.11075995,-0.42800632,0.2353018,0.112596095,-0.17311922,-0.21612641,0.09461482,0.02058757,0.07373477,-0.023394391,-0.5747906,-0.34195533,-0.20712915,0.07935474,0.049012117,-0.102168225,-0.25181988,-0.1802522,-0.34802747,0.2938872,0.027374163,-0.14638072,-0.20222087,0.29272458,-0.09759787,-0.37635556,0.024225645,-0.041172765,0.13705872,0,-0.09924319,0.0038065352,0.110496715,-0.05376198,-0.26701394,0.3888908,0.12125443,-0.04229361,0.012006965,-0.46919298,0.048144314,-0.27222347,0.16955803,-0.42818037,-0.31354547,-0.07402254,0,-0.5540959,-0.24069443,-0.23471324,0.028254338,0.34503898,-0.176431,-0.07803686,-0.042332195,-0.12479968,0.7122741,0.09910736,0.059685733,0.053912565,0.10379699,0.044586122,0.14984101,0.40614298,0.24269809,-0.2937214,-0.25863042,-0.14765798,-0.09173517,-0.013162874,0.3180806,0.070800774,0.3197583,0.42432037,0.0041294917,-0.21248052,0.29816478,0.19917348,0.32774144,0.43412644,-0.16194746,-0.052938387,0.124800995,-0.04019545,0.22716403,0.36164576,-0.23955315,0.07069907,-0.03440719,0.007918529,-0.22339308,0.6380628,0.14119151,0.020370733,-0.18691757,0.09459274,0.2363989,-0.12663022,-0.27295136,-0.11626848,-0.35510737,-0.34033787,-0.06837389,-0.07220814,0.29998827,0.32027984,0.08337988,0.142526,-0.18295287,-0.16500795,-0.094477266,-0.48219666,0.044809252,-0.011921197,0.14336336,0.47167248,-0.38767773,0.24805745,0.06310278,-0.11793314,0.10576019,0.272167,-0.059795722,0.12919201,0.071274474,-0.22183368,0.07205127,-0.037429348,-0.5724902,0.007562265,-0.7918422,-0.27412996,0.15999465,0.015391837,0.12957704,-0.22655717,0.072524905,0.15653962,-0.0048863217,0.27481282,-0.120280586,-0.43244213,0.050031647,-0.058291152,-0.18025246,0,-0.07416071,0.28936905,0.027171822,-0.009696262,-0.13742864,-0.17115554,-0.24571614,0.07189495,-0.22511919,-0.49174416,0.099439085,-0.05583954,0.061929155,-0.020623239,-0.07835518,-0.13895121,-0.39396363,0.12516437,0.3066033,0.16396977,-0.1668367,-0.32845977,-0.1954519,0.15894084,0.07385821,-0.24957915,-0.09240498,0.26227486,-0.27597797,0.0025107116,0.09408566,-0.47673315,0.4483019,-0.03508896,-0.022111606,-0.07143049,0.53962475,-0.25601366,0.060534045,-0.03742201,-0.46345913,-0.30084014,0.30679283,0.20948486,0.14211725,0.26041418,-0.16161144,0.057098538,-0.24777022,0.29572034,-0.425105,-0.28907073,-0.046508968,0.10354969,-0.28534934,-0.20239714,-0.029267952,-0.089187235,-0.10119911,-0.556716,-0.22399884,-0.22216004,-0.33877665,0.050712474,-0.24746397,-0.15843412,-0.040737756,0.42491698,-0.06538014,-0.582701,0.02976764,-0.101547666,0.11974548,-0.08032525,0.047295194,0.18661144,-0.055568457,-0.032984927,-0.20152691,0,0.033253707,0.18305993,-0.1558403,-0.072438985,0.045568243,0.21104062,0.29396912,-0.111518234,0.37574288,-0.5734558,-0.073943876,0.028903235,0.07191587,-0.09586948,-0.053468246,0.010917399,0.0061655096,-0.107173815,-0.21832535,0.037315622,-0.14265987,-0.18950403,-0.664221,-0.30426854,0.4396817,-0.12258429,0.10675368,-0.5123639,-0.02912219,-0.021630999,0.17102629,0.2124362,-0.085176155,-0.21671014,0.14741465,-0.02049114,-0.11736487,-0.047470823,0.08032063,-0.01793734,-0.30142584,0.24734838,0.18129522,-0.008809673,0.016448125,-0.21909393,-0.5413279,0.0064819455,-0.038546804,-0.061502926,-0.17266355,0.038628068,0.6882895,-0.3943281,0.021510221,0.29504043,0.1786541,0.15902062,-0.3483138,0.12163401,0.090904534,-0.029989166,0.047626995,0.024989905,0.091919154,-0.11814182,0.19990735,0.19703011,-0.0133335665,0.064728394,0.035474755,0.07685923,0.060512785,-0.14979959,0.10965292,-0.09423144,-0.231136,0.3383409,-0.2187612,0.20452286,0.17133299,0.2141066,-0.23340893,-0.033511467,-0.05150179,0.39890423,-0.103901505,-0.6465542,-0.06701528,-0.23233826,0.1645211,-0.15948172,0.17945182,0.06618096,-0.01237876,-0.00048784819,-0.0247453,0.12718187,-0.36006346,-0.43275455,-0.2083745,-0.33138433,0.036620058,0.6749227,-0.14369723,-0.16816555,0.19988023,0.044882286,-0.12393224,0.3009774,0.062376272,0.0682237,-0.17483297,0.43740383,-0.13860726,0.48567384,0.08203801,0.29940018,-0.32792452,-0.03550712,0.22492416,-0.39536142,-0.124509335,-0.17686722,0.51682746,-0.2699211,0.22292094,-0.025353087,0.388886,-0.31093386,0.02082676,-0.12789121,0.13487068,-0.16548282
"(114.08416502896826, 22.5636611658146)",0.11716913,-0.197952,0.06642945,-0.007720994,0.16117992,0.28832385,-0.2940516,-0.01876181,0.1285115,0.11991702,-0.023237374,-0.15993653,0.14582142,0.2542784,-0.045148946,-0.16594955,0.035874546,0.15169019,0.42449936,0.3243404,0.45859724,0.072478406,-0.10818257,-0.028602898,0.1060705,0.14032109,0.105529316,-0.089980625,-0.11726479,-0.17592385,-0.0014033355,-0.25219542,0.935991,0.3264262,-0.012633905,0.013066607,-0.10933047,-0.03134136,0.024368774,-0.1080073,-0.31039816,-0.14313039,-0.28589725,0.11841374,-0.24023303,-0.4059256,0.25501359,0.12688619,-0.33373666,-0.030979244,0.1008887,0.02372841,0.089423925,0.0025390983,-0.59444636,-0.57246995,-0.3456908,0.16157821,0.08677496,-0.2163443,-0.17407307,-0.107572645,-0.09097515,0.23586826,0.10924074,-0.2689723,-0.1656325,0.34907937,0.029289737,-0.39653486,0.053784408,-0.0031506028,0.23489018,0,-0.008823773,-0.011567671,-0.02059238,-0.13957337,-0.35043,0.29026303,0.11906548,0.072804496,-0.053083707,-0.4763745,-0.00036305934,-0.56113255,0.15101376,-0.1351808,-0.4522454,-0.092738114,0,-0.63536495,-0.17878819,-0.22429474,-0.040332902,0.66054237,-0.2116516,-0.04725392,0.0013021175,0.09282632,0.82071114,0.11671158,0.01066133,-0.14804134,-0.012828663,-0.09384267,0.17514701,0.37411192,0.25263092,-0.30680844,-0.12186537,-0.13243501,-0.16892275,0.03371388,-0.019867547,0.3136198,-0.05634764,0.29267222,-0.1025101,-0.39893484,0.402071,0.29848906,0.19716969,0.44202188,-0.08015394,-0.082915336,0.2260086,-0.027968232,0.09214007,0.18689676,-0.2416906,-0.047636993,0.25119463,-0.10866866,-0.12677956,0.6315484,0.11442999,0.01075333,-0.47721705,0.026664412,0.41414154,0.0022149011,-0.20259926,-0.25998908,-0.35861683,-0.5965287,0.035360523,-0.117650464,0.61010027,0.3411296,-0.22846715,0.091783054,0.1536187,-0.07323535,0.22869408,-0.54577273,-0.017093748,-0.060810357,-0.11464956,0.25112748,-0.46911326,0.47373798,0.15378514,-0.16832699,0.08532478,0.13181183,0.21943374,0.040565774,0.02380161,-0.4314126,0.08833646,-0.27569053,-0.74726,-0.15515092,-0.91768664,-0.3099581,0.11623339,0.008855226,0.10326732,-0.35465056,0.13206705,0.13345724,0.009448748,0.11345209,0.050789572,-0.5260889,-0.046838798,0.021627514,-0.120173454,0,-0.08987567,0.035159826,0.2461966,0.11039725,-0.0045086145,-0.05334752,-0.26039815,0.13319251,0.050983503,-0.5406808,0.36278224,-0.0005725771,0.014813617,0.13740842,0.016816825,-0.11356188,-0.35281098,-0.010852724,0.5022372,0.2031145,-0.08247644,-0.4650602,-0.12176703,0.17033774,-0.14446497,-0.4529841,-0.09088128,0.3442092,-0.2548374,-0.11622653,0.03779111,-0.54132247,0.50957936,0.02531534,0.12194297,-0.22822808,0.736126,-0.008749677,0.05661726,0.06688202,-0.500407,-0.24591804,0.17873594,0.4501701,0.28990865,0.046144977,-0.23183125,0.21874046,-0.34843826,0.4299113,-0.45225307,-0.20593745,-0.05355674,0.3535152,-0.26066417,-0.3118284,0.06133412,-0.1298746,-0.2381421,-0.87758386,-0.3899086,-0.13109493,-0.33508992,0.036713775,-0.33684945,-0.059272,-0.046761833,0.3252148,-0.06793068,-0.7408306,0.013544284,-0.078487374,0.032542024,-0.004141301,0.1992496,0.120432034,0.29304945,-0.067986906,-0.05509111,0,0.036725856,0.111533694,-0.25806263,-0.0422121,-0.06897883,0.19870147,0.11956072,0.018086854,0.3449088,-0.6187768,-0.09129736,0.0417781,0.21218866,-0.015976906,0.27689856,0.04414245,-0.2022875,-0.0046280324,-0.09247613,0.020969598,-0.24531028,-0.21163453,-0.76421964,-0.16284323,0.5465676,-0.015969917,0.31010732,-0.55672777,0.13468444,0.014709588,0.18993278,0.009211365,-0.23686978,-0.1645011,0.2224059,0.00013643317,-0.1761804,-0.089298755,0.056012157,0.04577598,-0.3255939,0.517887,0.10341032,0.19919527,-0.13038646,-0.16878507,-0.3620755,-0.28920496,-0.24780436,-0.17061132,-0.110514745,-0.01952643,0.8076982,-0.30996332,-0.19342303,0.34670246,0.38145626,0.11121689,-0.5108874,-0.0112468,0.19144838,0.104308344,0.0633981,0.018208953,-0.21965644,-0.113891296,0.22368342,0.24292238,-0.015406124,0.16894013,0.11067488,-0.10335202,0.063722916,-0.056639545,0.21459363,-0.14855681,-0.5348564,0.20410883,-0.32652262,0.35325757,0.33559006,0.19415857,-0.0016440004,-0.12898254,-0.13738194,0.5352359,-0.044316858,-0.7635635,-0.13358912,-0.3711515,-0.12007441,-0.08989725,0.17914526,0.025318863,-0.1226164,0.3025567,-0.022776835,0.37246183,-0.45673925,-0.538772,-0.38854766,-0.43417642,0.21850371,0.587585,-0.25331667,-0.45515704,0.07041141,0.041144874,-0.0010446869,0.3736722,0.19241309,0.10944638,0.00013100356,0.52666575,-0.26638147,0.4800392,0.31432983,0.28625658,-0.47602716,-0.13154414,0.1289491,-0.19038533,-0.31594044,-0.18916883,0.66487575,-0.019376017,0.19973193,0.29379833,0.27325463,-0.13449545,0.016514976,-0.2898391,0.17903453,-0.030287273
"(114.08501876745292, 22.63014981717947)",-0.1053712,0.18280861,-0.051224865,-0.016491072,-0.022339387,-0.061204854,-0.1502525,0.021293294,-0.050138965,0.122326344,-0.010501981,0.17247406,-0.39135873,-0.10532401,-0.20922416,-0.013213694,0.21480249,0.2778452,-0.0017152093,0.16034532,-0.14406782,0.079314016,-0.07279444,0.12736958,0.11497608,0.027020395,0.084822156,-0.022937186,-0.10284932,-0.13340093,0.067135215,0.014810979,0.09567175,-0.1164949,0.1948382,-0.08416426,0.19809836,-0.21470053,-0.05269717,0.0042919293,-0.0035700127,0.42701185,-0.17492011,0.043420084,-0.03203263,0.14772028,0.07685578,-0.24365167,-0.09865752,0.17991298,-0.048422635,0.1183883,0.0017360486,0.057218865,-0.106645145,0.15972139,0.051820576,0.17983684,0.05473722,-0.2614459,-0.03086793,-0.027084958,0.12498535,-0.21855924,0.022752948,-0.10260894,-0.009579152,-0.112188,0.14682455,-0.050550777,-0.014087267,0.23041314,0.06386202,0,-0.20385154,-0.1754479,0.02090222,-0.10350915,-0.04033971,0.014012642,0.20897616,0.09819253,0.30516118,-0.37018043,0.0057274736,0.07672049,0.06600781,0.046520732,-0.15483233,-0.14259824,0,0.106687,0.088455066,0.43478885,0.11016676,0.09057887,-0.08805489,0.038171515,0.12102602,0.10151155,0.102433816,0.009118654,0.19367187,0.01727257,0.1450675,-0.010459393,0.28179878,0.17849293,0.13024268,-0.028055504,0.21431926,-0.001170311,-0.121567644,-0.04772822,-0.20648834,0.50132227,0.0028449758,0.30190423,-0.10321802,-0.07631253,0.4046347,0.12163119,0.10656169,0.17996235,-0.017074546,-0.09270029,-0.039071795,0.064680345,0.017412774,0.0024992153,-0.33705422,-0.15603904,0.122494936,-0.018743277,-0.24411234,-0.17176007,0.30614597,0.2711205,-0.014016692,-0.029120395,0.2450737,0.05221784,0.44037932,-0.060835518,0.058215454,-0.13610473,0.0401543,-0.21073782,0.26110458,0.26809666,0.090792105,0.115702726,0.23539335,0.0035540313,0.47690722,0.41221827,0.25376415,0.016045056,0.29968968,0.1468836,-0.1887567,0.4305401,-0.24117495,-0.18750966,-0.06739412,-0.067200206,0.038231254,0.28235507,-0.30499256,-0.29690355,0.10058647,0.049929127,-0.05368659,0.029091239,-0.17784148,0.04492322,0.15157105,0.071240224,-0.11824068,0.07292308,0.38973242,0.0082940385,0.080167264,0.07189168,0.37094262,-0.31985903,0.105483055,0.1432,0.37411904,0,-0.11851458,-0.2634807,0.27055016,0.20422596,0.08605286,0.24930283,0.3413672,0.36529827,0.22808157,-0.103342116,-0.085864305,-0.10077867,-0.065915994,0.0006942395,-0.21330689,-0.026098236,0.11841893,0.093771204,0.26431462,0.1956971,0.13349444,-0.0060176942,0.2849946,0.12190935,-0.23441792,-0.11144221,0.09237346,0.14523566,0.11338828,-0.2831453,-0.11852375,0.059563167,0.38968247,0.32116124,0.11019759,0.03405152,0.17817116,-0.027100476,0.11554972,0.10101285,-0.018492382,-0.015760932,-0.004578653,0.13234127,0.30784392,0.024215028,0.02573904,0.038694866,-0.35884,0.27652696,-0.018578015,-0.06444051,0.13163961,0.13351648,0.10440862,0.24131483,-0.2375875,0.20935191,-0.21598381,0.09449364,-0.26272026,-0.010028958,-0.23096727,0.25599572,0.17055315,0.14531088,0.2857363,-0.009437416,-0.055962622,-0.25754082,0.13707998,0.3576104,0.046418,0.18640512,0.106350824,0.088559926,0.03648621,-0.114690125,-0.0088408515,0,0.11254304,-0.15719463,0.003448953,0.010475099,-0.024241611,0.121819384,0.12241706,0.28583968,0.026951171,-0.1832131,-0.008333168,-0.024188045,0.2721079,0.001722388,0.17194457,0.12388499,-0.041669056,0.06752515,0.5014724,-0.1179966,-0.10238447,0.19178967,-0.052348256,-0.011077173,0.15067402,-0.006891705,0.10824944,-0.038386166,-0.16327904,0.20480332,0.03170143,0.2056458,-0.017906781,0.17440511,0.08280743,-0.008730533,0.017392967,0.048846807,-0.014493328,0.11343048,0.0133061,0.33129382,0.17097698,0.4468197,-0.102242514,-0.057478733,0.039645165,-0.10359387,-0.002908919,-0.13762775,-0.036793068,-0.07862741,0.12244134,0.19153845,0.18568042,0.0149661,0.23051915,-0.04873246,-0.2909376,0.124625325,-0.03884982,0.37509683,-0.3490993,0.06420078,-0.0024081767,-0.07929433,0.16052644,0.38445243,0.25302333,-0.09796116,0.23205182,-0.03048692,0.003172338,0.007007504,-0.13457012,-0.0071210563,-0.2823759,-0.08454348,-0.19256653,0.27369314,0.17799588,0.16390899,0.28612846,-0.31861302,0.006806515,0.019574933,0.061521083,-0.054126855,-0.13106826,-0.07767965,-0.26387122,0.1294357,-0.16744542,0.14414598,-0.07203493,0.32935733,-0.04739224,0.22307716,-0.19568218,-0.22302589,-0.20219713,-0.028454682,0.08451003,0.06097102,-0.38629752,-0.5562139,-0.012702253,0.09610289,0.038803864,0.29524794,0.09370692,0.16960953,-0.0416814,0.11155021,0.34695324,0.03296228,0.32756853,-0.24512814,-0.09553817,-0.09478712,0.21918723,0.29443485,-0.27510196,-0.066128135,0.28462285,0.1236387,0.27195662,0.3283344,0.064443946,0.17092873,0.08595592,0.019510873,0.078410126,0.13320044
"(114.08557495721033, 22.542359139664327)",0.27343667,-0.19925699,0.08073476,0.18599626,0.42253152,0.21838327,0.10808556,-0.006440956,0.10167284,0.30588984,-0.07186413,-0.033115022,0.604532,0.23174238,0.18893364,-0.1690632,-0.09616944,-0.025148772,0.27577776,0.3459662,0.25872904,-0.08405114,-0.13228229,-0.116778806,0.069690496,0.07263641,-0.20874032,0.087835304,-0.038969107,0.06054472,0.07216824,-0.10010907,0.5246786,0.31019333,0.0021301657,0.10292659,-0.21732035,0.10994615,0.10606925,0.0030959994,-0.21910116,-0.35386366,-0.2281501,0.20273834,-0.04577063,-0.52823436,0.15265483,0.13439037,-0.14779073,-0.2758217,0.070441365,0.041403458,-0.0060582645,0.07842495,-0.46931085,-0.34391546,-0.1438077,0.080899365,0.11587475,0.031413097,-0.211486,-0.16040382,-0.31736133,0.32664853,-0.0042961426,-0.0012940839,-0.22085808,0.3444558,-0.14150672,-0.31140953,0.009063348,-0.014184659,0.11511711,0,-0.11666622,0.03808025,0.114520416,-0.04579881,-0.24549237,0.31014988,0.12146205,-0.051579274,-0.04772054,-0.378371,0.10075091,-0.12271639,0.16507053,-0.5085311,-0.25424695,-0.016967364,0,-0.597085,-0.24279273,-0.38887444,0.0055777356,0.15034229,-0.17446896,0.001392141,-0.008057868,-0.16341145,0.5914023,0.019967116,-0.03221513,0.029882327,-0.01018697,0.077829584,0.11285193,0.36863697,0.24577947,-0.1809895,-0.38100842,-0.11997444,-0.07386621,0.07019552,0.30622935,-0.031874314,0.41892993,0.4086664,0.06617131,-0.20655653,0.11030908,0.23090845,0.3088303,0.45481414,-0.24294658,-0.050572693,0.21807683,-0.048701428,0.21518102,0.33552822,-0.13279283,0.13443302,-0.1689889,-0.06742882,-0.18956527,0.720025,-0.04782115,-0.06920907,-0.044526484,0.06998768,0.1712096,-0.036166947,-0.35739812,-0.023259617,-0.43365753,-0.343445,-0.0953943,0.021187652,0.24628402,0.1890289,0.19370241,0.10686088,-0.2867521,-0.1398393,-0.20233549,-0.55101043,0.07675622,-0.124269366,0.073552825,0.4450224,-0.28886673,0.085335135,0.1910002,-0.034194227,0.12724228,0.33633927,-0.12711877,0.19560333,0.10374768,-0.12813005,0.06680501,0.06647994,-0.4977965,0.059755243,-0.7822175,-0.26331717,0.10953274,-0.04578676,0.2060115,-0.16190046,-0.056469947,0.11196152,0.055748146,0.3235373,-0.18233031,-0.2982724,0.0066804104,-0.091970734,-0.18390135,0,0.03433637,0.25046045,-0.03360585,-0.053206924,-0.2703748,-0.06782295,-0.34084374,0.018368073,-0.19185933,-0.45143422,0.077134535,-0.0151076615,0.08591217,-0.04939674,-0.09264663,-0.18583867,-0.3703351,0.11452613,0.24177125,0.17533322,-0.24286221,-0.23619273,-0.19248994,0.20168465,0.21486923,-0.17212556,-0.07846249,0.14846075,-0.2669222,0.049762487,0.07002175,-0.36676994,0.28415442,-0.019034836,-0.049434748,0.012705632,0.45928103,-0.23465207,0.047360048,-0.008059137,-0.42794722,-0.22959623,0.23936553,0.20111719,-0.040359497,0.13027965,-0.1742992,-0.033205856,-0.052817598,0.15740845,-0.36708444,-0.24985765,-0.042442225,0.13471086,-0.362983,-0.19745535,-0.12745488,-0.13187513,-0.08584223,-0.46004552,-0.14999488,-0.17333604,-0.31699246,0.029414969,-0.30668163,-0.14305255,-0.047355466,0.48973295,-0.03755878,-0.45488328,-0.07157132,-0.2119048,0.1056259,-0.13578263,-0.031537134,0.18329011,-0.11014581,0.1399518,-0.11389531,0,0.08014015,0.27264038,-0.11370261,-0.123325765,0.06210377,0.21799228,0.26157066,-0.30559382,0.3146092,-0.589363,-0.042335454,-0.022756,0.04834747,0.0058689117,-0.20367377,-0.031906687,0.01003999,-0.105986014,-0.47723916,0.12761347,-0.12599629,-0.19522044,-0.5297613,-0.21766996,0.36541817,-0.0064799786,0.04099737,-0.40480554,0.027177466,-0.062061843,0.054287434,0.16675179,-0.07920006,-0.13191354,0.27347916,-0.014852317,-0.030007925,-0.21930575,0.23428904,0.046254642,-0.32665667,0.16514006,0.15636173,-0.20669475,0.10966331,-0.14375746,-0.48442376,0.008923888,0.02570073,0.0011319891,-0.32150793,0.0827084,0.6499846,-0.4481142,-0.03531822,0.3546883,0.17726296,0.12265001,-0.25163907,0.1247904,-0.018686611,-0.059151866,0.097087495,0.02643879,0.19628601,-0.052559294,0.17040136,0.13093121,-0.12039009,-0.056356985,0.008255728,0.020965597,0.10491961,-0.115976416,0.12878253,-0.03242158,-0.06406301,0.4222933,-0.16048312,0.13626833,0.07145643,0.1522245,-0.22036982,0.015986718,-0.01404497,0.30499038,-0.113611765,-0.6184102,0.067662425,-0.35302746,0.25150064,-0.13030042,0.28935307,0.0036070608,0.027110558,-0.1495348,0.015016094,0.045259994,-0.23414566,-0.40301144,-0.08490769,-0.29718274,-0.078919135,0.6962346,-0.030965323,-0.02710142,0.30744737,0.115256146,-0.15941942,0.13034901,-0.086330995,0.059460122,-0.09145864,0.5041369,-0.19498253,0.47909552,0.04165286,0.23391378,-0.33245066,-0.030083004,0.26236275,-0.4966671,-0.012039766,-0.21998666,0.46826887,-0.27438292,0.23560794,-0.12756826,0.3812604,-0.40138647,-0.023812465,-0.12401507,0.14712167,-0.19418937
"(114.08593001713056, 22.73098221647577)",0.1881504,-0.30609637,-0.16836977,0.15462498,0.55252,0.35193676,0.24259506,0.15415972,0.38322145,0.18651439,0.033455156,-0.4260257,0.23345229,0.26566726,0.18262497,-0.11099352,-0.28254175,-0.56864697,0.10282472,-0.56142247,-0.0688624,-0.03502403,0.22127008,-0.44521382,0.049558785,-0.23466259,-0.17939347,0.05735857,0.24567652,0.20919429,0.09971212,0.058931857,-0.44449174,0.39640668,-0.07751305,0.29535624,0.049600225,-0.19762827,-0.048242625,0.031070083,0.18648595,-0.61994714,-0.09075335,-0.004197523,0.23688945,-0.28790224,-0.16897264,0.20206979,0.10317191,-0.15329206,-0.050527506,0.09897113,-0.0780759,0.31736362,0.22764441,-0.12025592,0.06679225,-0.035987154,0.23134309,-0.04308456,-0.21864474,-0.052661285,-0.1359003,0.43238604,0.056770783,-0.14685231,0.43930233,0.17336103,-0.09609389,-0.06891792,-0.28225976,0.14314851,0.05068913,0,-0.017551688,0.0041425265,0.22886793,0.3099698,0.0020504966,0.09954453,0.040793072,-0.13944358,-0.20765747,0.03384871,-0.011995323,0.10907222,-0.028603368,-0.45690775,0.0060320646,0.17364106,0,-0.06397679,0.05297499,-0.5226371,-0.33668414,-0.18627523,-0.038874783,0.29036325,-0.05398795,0.09722285,0.097160414,-0.26662865,-0.24425434,-0.02552775,-0.5100001,0.24097145,-0.23214416,0.1387977,-0.07334634,0.37757275,-0.19866195,-0.3130948,0.08604664,0.44964144,0.2845884,-0.27440318,0.38596025,0.1783988,0.27652228,0.25749093,0.037856326,0.30286762,0.1565663,0.18801041,-0.08300264,0.20256375,-0.18215549,0.00688483,0.27757084,0.22229871,0.23552184,0.06954233,-0.061324608,-0.013721667,0.28200066,0.34145874,-0.24732071,-0.064165786,0.3640606,0.3897406,-0.27484903,-0.03358003,-0.28522858,0.2937093,0.052098874,-0.23149425,-0.16659623,-0.11210513,-0.35375,0.18042308,-0.102127135,-0.20131862,-0.093834564,-0.00284826,-0.18920523,-0.4492933,-0.17128702,0.047718607,-0.053379815,0.23857369,0.010202222,-0.11867839,0.76701546,0.51115704,0.42788622,0.4430087,-0.13332401,0.3372854,0.33937597,0.1329574,0.029247733,0.06823387,0.010638371,0.09186478,-0.0063709766,-0.12791443,-0.077610195,-0.109011084,-0.010711506,0.15460151,-0.47624058,-0.049778946,-0.04840687,0.33219096,-0.2333093,0.14322889,-0.06987395,-0.1367489,-0.36383614,0,0.22914487,0.16651079,-0.11620016,-0.15703504,-0.34498566,0.09288514,-0.29160893,-0.14373997,-0.1947499,-0.11551992,-0.15593177,0.14341542,0.1592037,-0.07863653,0.07711141,-0.013602525,0.21478978,0.0037575848,-0.013115145,-0.06373974,-0.02360788,0.16334625,-0.10543823,0.29057455,1.1295639,0.42423493,0.109703496,-0.30828777,-0.07991009,-0.0428642,-0.03613695,-0.04929305,-0.103653416,-0.23093876,-0.062708616,0.23263426,-0.44511095,-0.012388647,-0.053823493,0.0048136413,0.11274975,0.29084668,-0.33730057,-0.15193106,-0.49249017,-0.291467,-0.065220386,-0.11275874,0.2085317,0.0041622445,0.32271162,-0.068107724,-0.03483656,-0.22387163,-0.28567225,-0.015582252,-0.422875,-0.11796576,-0.037906848,0.090396024,0.063256726,-0.19826631,0.1527379,-0.0022157524,-0.15398881,-0.032514833,0.018333957,0.16100276,0.30086118,0.2683466,-0.28975776,-0.29806265,0.2517549,-0.16387805,-0.1569329,0.028384816,-0.25694686,0.23208268,0.19111565,0,-0.031570736,0.3836887,-0.09348559,0.15735173,-0.12348162,0.014001735,0.31613833,-0.24208947,0.14194635,-0.1247727,0.11425842,0.124707825,-0.13575497,-0.06944595,-0.5980686,-0.15606931,-0.12483237,0.017557722,-0.593604,0.19887161,0.11105655,-0.6821596,0.315427,0.67697686,-0.39311785,0.20977992,-0.100472435,-0.33838207,0.15130721,-0.21082817,-0.0985522,-0.008730322,0.3051858,-0.15899022,0.37260562,0.25571728,-0.12578006,-0.28821078,0.5694892,-0.3451528,-0.106231436,-0.2878062,0.17176971,-0.13672695,0.3299929,-0.42506132,0.020990714,0.32405823,-0.028679376,0.10566091,-0.39550906,0.10831405,0.12736882,-0.3159177,-0.32623503,0.24408542,0.354478,0.10405882,0.23680083,-0.035925448,-0.012736436,-0.16612296,0.25879142,-0.06392684,0.019333417,0.19649309,-0.007929029,-0.1830304,-0.2201676,-0.19751953,-0.1005835,0.021240057,0.15737443,-0.09579543,0.3724572,0.012246937,0.12141791,0.48028967,0.038654737,-0.34290144,-0.2955923,-0.053246073,-0.40971386,0.3381811,-0.19519082,-0.11198516,-0.2286306,-0.08571993,0.34457338,-0.24049039,0.33689314,0.01286565,0.26100257,-0.0027753087,-0.011939421,-0.5538166,-0.16929466,-0.41107953,0.16742669,-0.12692402,0.28225124,-0.053617746,-0.36294013,0.35095364,0.21122955,0.38330507,0.5472281,0.3741806,0.026570875,-0.36991996,-0.2769787,0.28332627,0.10412581,0.3131253,0.008456718,0.11584397,0.013990499,-0.011514314,0.46440682,-0.24192078,0.25587648,-0.42550904,0.2811622,0.029051833,-0.28277224,-0.09890289,0.2413458,-0.23897573,0.34916303,0.07569224,-0.024738077,0.17094675,0.058468558,-0.28110304
"(114.0864006349911, 22.54329472477305)",0.28339568,-0.15366237,0.10333946,0.17484546,0.35660654,0.1464841,0.085078776,-0.0337093,0.02320169,0.32455707,-0.10535653,0.060985904,0.58690345,0.18879434,0.13076687,-0.16428779,-0.045498565,0.068249054,0.28735715,0.4805516,0.2961036,-0.07647546,-0.16386765,-0.041615516,0.06625779,0.08322668,-0.19610104,0.07765562,-0.07472567,0.03954325,0.089505985,-0.097687095,0.5687887,0.30673867,0.04852901,0.06804291,-0.2095724,0.1552709,0.12084171,0.024634652,-0.26532263,-0.24080098,-0.25213793,0.21362352,-0.08452916,-0.5041364,0.21627632,0.09607078,-0.18643838,-0.28364873,0.06759581,0.022179188,0.021623008,0.030596588,-0.5248821,-0.3148009,-0.15113342,0.09435844,0.08615045,0.0056309737,-0.20741507,-0.17856121,-0.33262822,0.28413695,-0.021198884,-0.001981333,-0.28904063,0.30669114,-0.14163731,-0.35067624,0.04163433,-0.033593632,0.11362841,0,-0.15626039,0.031216744,0.11493775,-0.099728115,-0.26967415,0.34353855,0.12590691,-0.05155693,-0.0052377023,-0.4345348,0.103146926,-0.17418021,0.17530476,-0.4825376,-0.27897924,-0.08419696,0,-0.58494717,-0.24975643,-0.29024222,0.077237256,0.17562842,-0.18460372,-0.034104183,-0.012565007,-0.20987605,0.60954523,0.094067656,-0.003307525,0.061638698,0.07437828,0.06447819,0.1762079,0.38189378,0.28146306,-0.278558,-0.35046697,-0.10360699,-0.07915335,-0.012363054,0.29230118,0.042863667,0.4117882,0.42251143,-0.0026891828,-0.23554951,0.17463209,0.20049858,0.3284105,0.4344711,-0.23775186,-0.08372262,0.21638471,-0.048990406,0.20218056,0.35965058,-0.20013809,0.13196142,-0.12614955,-0.058723845,-0.25882488,0.67769593,0.039019756,-0.02392203,-0.08659467,0.02314279,0.21459705,-0.06326641,-0.31207058,-0.05112768,-0.44087756,-0.3125018,-0.0783475,0.009853477,0.3116408,0.23194659,0.24331044,0.14196306,-0.27633822,-0.16209783,-0.13904095,-0.48966762,0.1050287,-0.104355395,0.13529563,0.47446543,-0.32400817,0.13963722,0.07301733,-0.13630502,0.0760643,0.2716827,-0.11325137,0.17586024,0.048095897,-0.17913294,0.07091998,0.086723685,-0.48927715,0.05457311,-0.8030905,-0.25783345,0.15854223,-0.03000348,0.18669882,-0.20939541,0.06238036,0.12989867,0.053929176,0.2753339,-0.12580907,-0.37499633,0.031061932,-0.068919204,-0.14552844,0,-0.035853155,0.25714427,-0.0035953913,-0.027858626,-0.2144844,-0.119845904,-0.2818224,0.057956435,-0.21134607,-0.45743698,0.0868468,-0.05995983,0.05465464,-0.039892063,-0.10463345,-0.18943089,-0.42641962,0.17066757,0.2590963,0.18339162,-0.21596937,-0.27204955,-0.19271857,0.18726479,0.06622591,-0.22710334,-0.106058,0.22829106,-0.27747774,0.022165596,0.07501903,-0.3906485,0.3815179,0.024802204,-0.040950086,0.0026797242,0.5532453,-0.24406871,0.053831026,-0.029033229,-0.45156902,-0.32400304,0.3110717,0.21582258,0.05943711,0.21084358,-0.16524462,-0.00885538,-0.13247217,0.20178083,-0.4316729,-0.27782568,-0.031245707,0.14311208,-0.31086934,-0.17927596,-0.07708947,-0.08756153,-0.06746552,-0.46757954,-0.18358904,-0.1803741,-0.36073005,0.04215566,-0.2759441,-0.15334141,-0.023610137,0.47157398,-0.078398734,-0.5437923,-0.022623152,-0.1170407,0.08895461,-0.115484856,0.0072044395,0.17229903,-0.09110567,0.09914602,-0.17684871,0,0.08544668,0.23072034,-0.08705683,-0.14394626,0.12433462,0.21558324,0.26436794,-0.25607365,0.30920556,-0.6000059,-0.07214414,-0.033761706,0.054060806,-0.023109354,-0.12704018,0.01501458,0.056021668,-0.12537092,-0.35090667,0.072591834,-0.1444571,-0.10504488,-0.6358082,-0.3219051,0.4333383,-0.070565194,0.09895402,-0.40888366,-0.019593673,-0.01650836,0.11347175,0.20989871,-0.11676872,-0.1317424,0.20709597,-0.04567291,-0.048255604,-0.14235604,0.13371655,0.08907595,-0.3191715,0.20475908,0.1500305,-0.15191726,0.047999576,-0.11140842,-0.5131488,-0.0140947625,0.026570689,-0.036793463,-0.23560707,0.062978886,0.66330296,-0.41485325,0.04861618,0.33274582,0.1525813,0.11520487,-0.3160759,0.1500549,-0.01706906,-0.016358538,0.041214697,0.03247582,0.2084704,-0.11325797,0.2004915,0.18371002,-0.056697335,-0.02427871,0.059593372,0.054536574,0.08112465,-0.113402694,0.07363118,-0.04279746,-0.08823164,0.37313285,-0.19249693,0.21483172,0.12020594,0.2019753,-0.15841556,-0.050384305,0.023446254,0.34093732,-0.094917476,-0.62854,0.015623815,-0.3464901,0.21917462,-0.13368475,0.22249122,0.036395736,0.034860536,-0.07522918,0.021956153,0.13585724,-0.30625883,-0.43523392,-0.17534783,-0.30380663,-0.009453535,0.714175,-0.09314708,-0.12257765,0.25570235,0.06416486,-0.17258643,0.23343308,-0.004682023,0.03431153,-0.148913,0.48231903,-0.16930826,0.51295847,0.050549455,0.23464927,-0.40252754,0.0075213825,0.24151596,-0.43883234,-0.09212583,-0.22557451,0.523551,-0.2856547,0.24710323,-0.075552225,0.35475257,-0.41567293,0.013453525,-0.13836321,0.12754634,-0.1540133
"(114.08715552275986, 22.536033714777165)",0.21648088,-0.15123944,0.10449721,0.1414645,0.3716826,0.24869438,0.044000566,-0.0021628924,0.15521067,0.34281123,-0.11113262,-0.052642178,0.5291962,0.15381101,0.083397456,-0.20967536,-0.027845427,0.047673926,0.30533072,0.41716504,0.4598605,-0.03420458,-0.12933701,-0.16754183,-0.018936928,0.060491707,-0.09975549,0.101270765,-0.16658771,0.01994098,0.07951434,-0.12219642,0.6427941,0.30466813,0.055221908,0.08194149,-0.22916105,0.16244262,0.17396152,-0.043180708,-0.28537497,-0.26579797,-0.27260977,0.11609369,-0.14511396,-0.5436561,0.23124278,0.14337589,-0.29860952,-0.3235425,0.08635031,-0.0051504243,0.027626071,-0.016268529,-0.40508333,-0.38814795,-0.21866849,0.08706587,0.05797155,-0.025927193,-0.13760592,-0.16107838,-0.3506492,0.32065755,-0.014531316,-0.022532564,-0.2628126,0.30259305,-0.124094635,-0.2777131,0.07620315,-0.07104713,0.12150529,0,-0.12140707,0.091340706,0.019579496,-0.17635614,-0.41043696,0.34651747,0.013970997,-0.061527647,-0.13890381,-0.29920438,0.060552586,-0.32458037,0.15069656,-0.3538253,-0.34129083,-0.12256118,0,-0.55779403,-0.19548392,-0.50619555,0.0031100418,0.1973723,-0.13607103,-0.06236668,-0.079005025,-0.20257483,0.58353066,0.14995266,-0.1227469,-0.01083184,0.03910847,0.06588925,0.17468882,0.38301352,0.3046335,-0.29685673,-0.26118404,-0.15192911,-0.073692806,-0.0940974,0.15832454,-0.013022154,0.3423611,0.29540595,-0.016093604,-0.31265685,0.1876124,0.20226075,0.27667728,0.43411037,-0.13199036,-0.059883922,0.25177404,-0.0459895,0.102610424,0.33418715,-0.11457115,0.1358399,0.043194458,-0.10157219,-0.17793804,0.6612099,0.013214916,-0.13655375,-0.16314238,0.04323834,0.2303941,-0.02251701,-0.48431405,-0.05566629,-0.4098779,-0.42673665,-0.044483162,0.07802287,0.40684187,0.25384715,0.07226579,0.082786895,-0.2062831,-0.18599844,-0.17060761,-0.6669326,-0.115967125,-0.051914144,-0.0066521093,0.36910886,-0.38397843,0.12875423,0.1560515,-0.10494122,0.1392099,0.3093892,-0.0137945805,0.045392513,0.09863593,-0.20884123,0.03722816,0.053004168,-0.5083976,0.0093102455,-0.66572475,-0.28520763,0.11010902,-0.0030091265,0.14491013,-0.26663572,0.061598875,0.1398358,0.031408083,0.09371655,-0.18879667,-0.26674315,-0.013008893,-0.10220647,-0.19456723,0,-0.027449286,0.2088387,0.033499535,0.019135436,-0.14682205,-0.25540408,-0.41890204,-0.053181447,-0.22647259,-0.3616451,0.2325155,0.023151882,0.051114883,-0.0018462222,0.025618374,-0.14807467,-0.45615476,0.124000676,0.26424667,0.09964924,-0.19262947,-0.21370313,-0.24748963,0.13985378,0.11693666,-0.22675358,-0.120402925,0.25503507,-0.19064713,-0.022537,0.11859648,-0.43106553,0.31886274,-0.08580372,0.076185256,-0.014554784,0.5941016,-0.20641541,0.04214423,-0.04540377,-0.33987105,-0.34415013,0.21495582,0.24438685,-0.0153143555,0.17938365,-0.20947766,0.106232986,-0.09749058,0.086222716,-0.517036,-0.25973782,-0.09957024,0.2214744,-0.34946167,-0.34243757,-0.065637946,-0.12345524,0.020717572,-0.59021264,-0.16211954,-0.16335995,-0.24089979,0.0021153279,-0.3541673,-0.1288054,-0.07312509,0.50377476,-0.07893808,-0.4406121,-0.13695852,-0.1599212,0.090373114,-0.13624567,0.07409866,0.08116485,0.12991387,0.2557844,-0.108402416,0,0.00060853735,0.26104704,-0.08414509,-0.036205277,0.18347815,0.14700386,0.1816557,-0.35415027,0.29489735,-0.51166314,0.035878725,0.07691952,0.052439325,-0.0024574548,-0.033732187,-0.012993726,-0.033155095,-0.1348735,-0.3235591,0.0855336,-0.12853938,-0.19529416,-0.64767325,-0.20322537,0.3489332,0.006815441,0.24373044,-0.41806108,0.09207238,0.017047245,0.10825223,0.124345034,-0.1401023,-0.15237741,0.3365255,-0.0322984,-0.1381505,-0.11160743,0.15575477,0.1412813,-0.30786783,0.18356633,0.08863467,-0.17747921,-0.08527447,-0.052232265,-0.48188835,-0.12040176,-0.1424669,-0.07619153,-0.106107414,0.05792138,0.61140215,-0.4505614,-0.017659731,0.42100567,0.07791322,0.2524885,-0.22587645,0.019966535,0.071905434,-0.073537745,0.16154647,0.05786045,0.1285613,-0.13352808,0.17026867,0.118900925,-0.081912644,0.08672704,0.08073317,0.060691692,0.17348011,-0.13431041,0.19452086,-0.082230784,-0.09226799,0.3751761,-0.16108263,0.27971965,0.15569793,0.2296382,-0.12451008,0.047894634,-0.04647597,0.41073272,-0.1008067,-0.5971217,0.049173944,-0.38742948,0.15382284,-0.08623951,0.28104925,0.059773028,-0.01664742,-0.016953006,-0.026079874,0.17587267,-0.28241816,-0.45028502,-0.15043634,-0.31974974,-0.08702053,0.7445787,-0.009351054,-0.06916803,0.27763575,0.028715048,-0.10519235,0.18876477,-0.054465163,0.024725962,-0.05323694,0.5523702,-0.32106686,0.58730763,0.03670618,0.26490715,-0.5285398,0.012029967,0.19108507,-0.3786111,-0.11251205,-0.21143873,0.3885349,-0.21572582,0.14156105,0.026862921,0.28498957,-0.37198314,0.058356915,-0.15974787,0.15962285,-0.11373587
"(114.0883197451718, 22.54490822353699)",0.29413313,-0.14438036,0.07764372,0.20181207,0.37979382,0.096196115,0.17091353,-0.007555004,0.022369698,0.36628878,-0.09657851,0.09416126,0.5211728,0.14264643,0.09583967,-0.1315103,-0.072695136,0.054462604,0.24794723,0.48130244,0.27266464,-0.1054551,-0.14788997,-0.044292107,0.05165771,0.08571835,-0.22205338,0.102951266,-0.14104477,0.07492238,0.09661813,-0.053574443,0.4875384,0.2849918,0.09601362,0.032719128,-0.24920157,0.16007271,0.14573826,0.033451237,-0.2700538,-0.16775051,-0.21541268,0.15392664,-0.076855846,-0.44608876,0.22080638,0.07455003,-0.16052058,-0.3107156,0.03348513,0.04329121,-0.009616289,-0.0108523,-0.4218892,-0.20973635,-0.13992587,0.022775166,0.06025659,-0.03490144,-0.2382913,-0.19361559,-0.31638426,0.2655924,-0.018026456,0.013812378,-0.2709394,0.26124933,-0.124158084,-0.3502097,0.07331965,-0.014458885,0.094720334,0,-0.19536127,0.027678136,0.1601114,-0.08837638,-0.29574874,0.3579337,0.10912293,-0.06731723,0.048365455,-0.42599368,0.0836668,-0.096678324,0.18348353,-0.5099394,-0.24991757,-0.049538575,0,-0.4847303,-0.26317763,-0.27636403,0.0815697,0.050932374,-0.1677751,-0.05928029,-0.037792243,-0.20693822,0.5271313,0.08625112,0.005576078,0.13927536,0.13440327,0.07057363,0.19696216,0.41693956,0.3035685,-0.25588116,-0.31819862,-0.11751592,-0.0507707,-0.06597939,0.2779277,0.024432272,0.50462055,0.46626434,0.013070174,-0.21495955,0.18670504,0.15669174,0.33686146,0.4329056,-0.19674483,-0.04225868,0.17933877,-0.037524085,0.18370041,0.43244708,-0.26077473,0.09416846,-0.111299545,-0.045684665,-0.2603568,0.6003484,0.12586802,-0.045035187,-0.036345508,-0.003815392,0.18707441,-0.06295653,-0.2905724,-0.020845063,-0.38947192,-0.27914673,-0.116791256,0.082780406,0.2765755,0.27692294,0.26673,0.15944484,-0.27147323,-0.16737226,-0.13388994,-0.4066692,0.119397074,-0.03736147,0.17188278,0.5014323,-0.34263146,0.10604167,0.038082913,-0.15793899,0.11150557,0.21951877,-0.12120836,0.1754544,0.012638971,-0.12460648,0.069299564,0.13147955,-0.39288333,0.08104273,-0.7165467,-0.20054284,0.17816825,0.0077733686,0.17128733,-0.17353922,0.12177521,0.13461721,0.07597409,0.29390842,-0.14623892,-0.35152286,0.07731002,-0.058261745,-0.08751482,0,-0.02074449,0.28171888,-0.024066104,-0.051478256,-0.18149391,-0.14861467,-0.20880765,0.032703288,-0.21811904,-0.37827274,0.02137777,-0.06682342,0.05519122,-0.104577124,-0.11800337,-0.13783503,-0.42611957,0.18247873,0.23822728,0.17878537,-0.27097052,-0.17318726,-0.19034606,0.1648846,0.069899864,-0.18395875,-0.070672356,0.21613258,-0.22117466,0.027537964,0.10257268,-0.33011666,0.40519822,-0.016836677,-0.04727256,0.026954785,0.5514929,-0.26047707,0.05361814,-0.0388385,-0.39136636,-0.339497,0.31185564,0.16784099,0.025816113,0.27672648,-0.12804538,-0.029340662,-0.118521824,0.18118325,-0.37124243,-0.27323094,-0.052068412,0.086186096,-0.28891507,-0.14807642,-0.123989224,-0.064639196,-0.06279794,-0.3461045,-0.15777358,-0.20659214,-0.37286413,0.08225623,-0.22602043,-0.14772758,-0.02553244,0.47069776,-0.09427855,-0.46728492,-0.03450332,-0.097735174,0.11697061,-0.11522823,-0.034594018,0.14243789,-0.13379395,0.12937476,-0.24003032,0,0.08829541,0.17575839,-0.113279805,-0.07712704,0.12941542,0.24309412,0.25730848,-0.21796086,0.2661123,-0.5622369,-0.022731308,0.008429778,0.06133558,-0.04895568,-0.18473594,0.024062846,0.10276121,-0.13190228,-0.32019466,0.06499186,-0.12296268,-0.06637816,-0.5636041,-0.3178821,0.38943443,-0.1450612,0.01976453,-0.375451,-0.02839549,0.021837935,0.08548642,0.28065675,-0.06011379,-0.08133434,0.2056542,-0.08116311,-0.021362793,-0.09208229,0.15109096,0.15311,-0.25787586,0.17202176,0.1673007,-0.14567311,-0.019461304,-0.08672347,-0.55538,0.0011953413,0.06401527,-0.03784492,-0.1884252,0.06433201,0.584964,-0.40650117,0.1075419,0.3489171,0.08683228,0.13768336,-0.25988623,0.19854978,-0.06560074,-0.04848741,0.0008847639,0.015576618,0.26859596,-0.14978576,0.20936793,0.20288526,-0.014731005,-0.06676973,0.06590905,0.086796395,0.12449028,-0.14300205,0.065429226,-0.03016638,-0.013243508,0.35193574,-0.198735,0.1911467,0.07294044,0.18377502,-0.15397179,0.008927822,0.0026033744,0.33793053,-0.11748831,-0.54435617,0.018600054,-0.32525504,0.24509165,-0.12380981,0.1860563,0.07720311,0.0895837,-0.08988198,-0.018091734,0.11411719,-0.2972671,-0.42276296,-0.08847841,-0.28848383,-0.05082062,0.71302176,-0.119085796,-0.094770715,0.26994178,0.015488055,-0.17198691,0.19273178,-0.04080032,0.030299108,-0.16831422,0.4760637,-0.11541583,0.5148774,-0.0038183553,0.152331,-0.37019792,0.041632306,0.28797424,-0.4082675,-0.049713567,-0.20230022,0.44684422,-0.27616242,0.27912837,-0.09459731,0.3714035,-0.4038345,0.020989735,-0.05355727,0.09098402,-0.1356543
"(114.08878652595835, 22.54304010490633)",0.28564197,-0.12551257,0.088013396,0.18352413,0.32793355,0.08537659,0.11684725,-0.02446213,0.010554597,0.35558772,-0.10800967,0.102472216,0.49613684,0.13946629,0.06572636,-0.14456718,-0.049977496,0.093409635,0.25439164,0.49275327,0.3020088,-0.097977266,-0.16440341,-0.012753174,0.045025375,0.087732226,-0.19913083,0.07854202,-0.13970657,0.053419836,0.09857794,-0.06571995,0.5177384,0.26975256,0.09939534,0.036759585,-0.22042626,0.16801628,0.13584782,0.03737066,-0.25544447,-0.13725743,-0.23711005,0.16267991,-0.09074044,-0.456171,0.23726901,0.06647363,-0.19024935,-0.31082666,0.027095735,0.029908733,-0.0052128695,-0.002682224,-0.42642364,-0.2265473,-0.14260578,0.046400063,0.06380358,-0.026166268,-0.21323927,-0.18780072,-0.29291254,0.25687832,-0.027878825,0.030163005,-0.29216868,0.2566005,-0.12720779,-0.35322922,0.07620869,-0.018430835,0.09620687,0,-0.20697768,0.03694238,0.14238437,-0.11548614,-0.3058385,0.34905374,0.106561825,-0.05966316,0.034931418,-0.4182595,0.09014489,-0.135539,0.17723343,-0.47384694,-0.26118633,-0.083826505,0,-0.48909992,-0.24835181,-0.26021862,0.10093708,0.069503844,-0.16985223,-0.050899014,-0.029845914,-0.21459047,0.5205467,0.11271482,-0.012103554,0.12116322,0.11920993,0.061592266,0.21350046,0.39622992,0.3093873,-0.28477314,-0.31259567,-0.112184875,-0.05034756,-0.07638296,0.24576175,0.063334815,0.47283393,0.43747404,-0.020584784,-0.23076761,0.19449346,0.16677442,0.3270525,0.41611207,-0.19584,-0.062956065,0.19572541,-0.03871858,0.16464254,0.41023642,-0.24538556,0.10492068,-0.07662013,-0.05530066,-0.26154828,0.59134793,0.10998871,-0.035341118,-0.057184722,-0.026954273,0.1927748,-0.05253605,-0.28274783,-0.019955136,-0.39633277,-0.288792,-0.09566215,0.07352544,0.31584525,0.2752695,0.27464297,0.15208018,-0.2547258,-0.16772714,-0.09300515,-0.40512764,0.1183961,-0.05596345,0.16203746,0.48128027,-0.3410081,0.122630715,0.029691987,-0.17900428,0.09381205,0.19284968,-0.097483635,0.1657745,-0.0022996813,-0.15028292,0.06767557,0.14004819,-0.38973597,0.06874955,-0.7213885,-0.20721689,0.1818919,-0.006619365,0.16450584,-0.19757521,0.14804573,0.13282275,0.07859358,0.24733508,-0.11421219,-0.3663536,0.061139923,-0.05068098,-0.087392986,0,-0.03845678,0.25166306,0.002186371,-0.035152446,-0.17008716,-0.15083894,-0.2122705,0.04107315,-0.21300331,-0.37625447,0.059808373,-0.06721109,0.03909747,-0.07693089,-0.10399631,-0.14046948,-0.4326486,0.20067665,0.24454111,0.17393117,-0.24412666,-0.19090018,-0.17682801,0.17305057,0.019710831,-0.20724471,-0.08609015,0.24136037,-0.23307288,0.0088535845,0.0887972,-0.3347055,0.4114593,0.009177055,-0.034145813,0.033027723,0.5824029,-0.22569309,0.051340453,-0.04153674,-0.38949096,-0.3658768,0.30999207,0.18504506,0.045441017,0.26138145,-0.13542458,-0.013855077,-0.12334056,0.18716311,-0.39768568,-0.27198908,-0.04585047,0.10890402,-0.27245486,-0.14634347,-0.09640938,-0.053611558,-0.054965295,-0.3687961,-0.17114124,-0.18502286,-0.36965913,0.0696735,-0.23262158,-0.13916785,-0.017666638,0.44308272,-0.09457376,-0.4912764,-0.034474447,-0.069684364,0.10266167,-0.11000591,-0.0064112283,0.11828557,-0.09858377,0.13691203,-0.22186884,0,0.09063684,0.18449476,-0.08551816,-0.09668043,0.15403184,0.22506809,0.23420462,-0.21691717,0.25247714,-0.5596797,-0.038740136,-0.0072162403,0.05572494,-0.044825107,-0.13632718,0.03595086,0.10683915,-0.1312217,-0.2946714,0.051082566,-0.13937934,-0.036517315,-0.5990454,-0.31277743,0.39929944,-0.13536358,0.078030884,-0.3659089,-0.018232303,0.033925965,0.10830729,0.26430917,-0.09228845,-0.07461555,0.19805425,-0.07672152,-0.03465807,-0.08903753,0.12649459,0.17039424,-0.2602214,0.18564849,0.14539507,-0.1323373,-0.033223584,-0.059528165,-0.52298033,-0.028339773,0.045795124,-0.0501327,-0.16314466,0.05532605,0.58963794,-0.38470432,0.103274174,0.34414095,0.10482792,0.12160958,-0.283015,0.18250951,-0.064457536,-0.012888445,-0.006259978,0.021696756,0.25257322,-0.16164082,0.21796797,0.20364971,-0.010264002,-0.05114496,0.09048224,0.07674753,0.11325558,-0.12119998,0.05959122,-0.029864259,-0.022044342,0.33594388,-0.20587909,0.22826953,0.09706466,0.19917996,-0.10621707,-0.022475325,0.023181997,0.34054726,-0.10383706,-0.5503518,0.017303713,-0.35539156,0.21720532,-0.110557996,0.1702271,0.072529376,0.0786118,-0.061789744,-0.006807737,0.16246904,-0.30836076,-0.43676335,-0.13292074,-0.29342943,-0.018848866,0.707494,-0.11778905,-0.13700749,0.2546691,0.011003379,-0.1643502,0.21343847,-0.011054743,0.023606379,-0.16162673,0.47190112,-0.13351843,0.53048366,0.019661285,0.14643805,-0.40758505,0.040883664,0.26453978,-0.37754375,-0.09220363,-0.21049422,0.46845073,-0.2607536,0.2763327,-0.051764235,0.33716285,-0.3976717,0.038604457,-0.08456925,0.086551376,-0.11677499
"(114.09408806420524, 22.54460722047272)",0.20691523,-0.11130653,0.053546194,0.12582937,0.19905572,0.09179671,0.013417095,-0.022112895,0.041875526,0.31443673,-0.0992482,0.079769075,0.27106223,0.14702299,-0.073253304,-0.17882974,-0.025542632,0.13643986,0.32095975,0.4651127,0.44515252,-0.016983608,-0.13942778,-0.008724928,0.0068689547,0.06589301,-0.06794243,0.018636756,-0.17860886,-0.02447299,0.0856968,-0.115306586,0.5464905,0.2991169,0.10483414,0.02756765,-0.16828552,0.15788673,0.13515037,-0.003927015,-0.26617607,-0.051564716,-0.24187753,0.1298325,-0.16301252,-0.4281251,0.3073941,0.0697815,-0.26878077,-0.28238407,-0.002969116,-0.007051328,0.021755733,-0.040710285,-0.37468544,-0.26060584,-0.20365036,0.040903307,0.06377487,-0.16118172,-0.2162736,-0.17985064,-0.19382878,0.25554854,-0.013303462,-0.017099746,-0.25575733,0.22830355,-0.08623913,-0.35748386,0.07916931,-0.00776962,0.1219704,0,-0.2158212,0.035264123,0.07955636,-0.16920668,-0.38982436,0.39515442,0.08138354,-0.039192736,0.008289766,-0.39464933,0.031409558,-0.31668037,0.18628363,-0.33605185,-0.35614657,-0.13557631,0,-0.42179143,-0.20967564,-0.23491158,0.07974296,0.18313888,-0.16619101,-0.08154689,-0.07117634,-0.11699127,0.5460278,0.17303923,-0.01957884,0.081065424,0.07829581,0.009928405,0.24335101,0.38127238,0.30694303,-0.34618226,-0.19964859,-0.18470532,-0.053474374,-0.14010978,0.13104066,0.1959657,0.37469572,0.37118813,-0.076514855,-0.25928944,0.3469829,0.20906453,0.31648704,0.39907506,-0.084117465,-0.054609925,0.15721333,-0.032240096,0.09646768,0.38845396,-0.24811897,0.05734583,0.13819425,-0.04014436,-0.21061867,0.5258968,0.15213215,-0.023319755,-0.19849631,-0.04596868,0.18815482,-0.05432302,-0.25831595,-0.056392588,-0.28969008,-0.43094516,-0.047885507,0.00934365,0.42999375,0.3986228,0.10957052,0.12302,-0.1310779,-0.19001967,0.06829244,-0.39862815,0.05979824,-0.01367674,0.11453708,0.41383487,-0.45997742,0.24170503,0.025835082,-0.21632028,0.12600613,0.07275547,0.022464229,0.11457905,-0.08747704,-0.23209313,0.053790025,0.07994446,-0.4243819,0.019246712,-0.6771234,-0.25514525,0.19115339,0.0067288307,0.07499514,-0.25976485,0.25024986,0.15844992,0.04117688,0.09645036,-0.050283678,-0.43485457,0.06771534,-0.024097098,-0.066725954,0,-0.0915678,0.15033701,0.11347768,0.016412502,-0.07592651,-0.21929847,-0.20005617,0.039535947,-0.21287854,-0.3633474,0.17852375,-0.01732479,0.008985613,-0.03865031,-0.051133767,-0.06369832,-0.41408026,0.20056342,0.3181585,0.116674624,-0.17653836,-0.2193551,-0.12187459,0.174291,-0.0860708,-0.27181143,-0.08791228,0.3350008,-0.19577473,-0.069612436,0.06282523,-0.3800519,0.4606349,-0.032267336,0.04756138,0.003096804,0.6880698,-0.13173693,0.044948407,-0.067521594,-0.3704072,-0.4198536,0.24839237,0.17827137,0.11350824,0.27590173,-0.15866747,0.08721255,-0.18756339,0.24112546,-0.46163908,-0.28433448,-0.08574444,0.12929331,-0.24393448,-0.1395739,-0.0108172,-0.035283845,-0.07945303,-0.4613034,-0.24108914,-0.13281417,-0.33027762,0.062227458,-0.22337478,-0.10514929,-0.050970785,0.3505895,-0.07433966,-0.52534074,-0.031791277,-0.01501251,0.13964991,-0.06368665,0.096581206,0.025582392,0.05022858,0.12477031,-0.17293906,0,0.01416336,0.15046093,-0.08346984,-0.019179493,0.10740492,0.18809104,0.14289355,-0.0681728,0.24203888,-0.5226333,-0.032834772,0.04375,0.06250993,-0.10163143,0.04432259,0.046614707,0.09075884,-0.11934647,-0.10773273,0.0021923576,-0.18359084,-0.006940767,-0.63948864,-0.23216787,0.3687408,-0.17842525,0.20699543,-0.42601228,0.056856707,0.06869673,0.18754405,0.2649852,-0.13887168,-0.10960701,0.1978549,-0.02607173,-0.12417868,-0.0030314922,0.08280012,0.21114826,-0.21625164,0.23391934,0.1290187,0.019068567,-0.18049227,-0.054647006,-0.49391526,-0.11907681,-0.06960848,-0.0933196,-0.02255264,0.013659256,0.60450685,-0.34214285,0.056127854,0.34647697,0.14661554,0.17672005,-0.35570967,0.10704069,0.02572162,0.053985484,-0.030806407,0.035509765,0.12990098,-0.21572095,0.24896045,0.20154944,0.022123046,0.033865076,0.13098356,0.055364065,0.1260328,-0.13473879,0.1320542,-0.07451691,-0.1135422,0.2702102,-0.26802638,0.34369555,0.17764194,0.2360221,-0.040678233,-0.046866424,-0.04040458,0.3862318,-0.09038128,-0.55993146,-0.04015451,-0.36178088,0.07765091,-0.07953072,0.09006782,0.09277199,0.02130545,0.11369227,-0.06828205,0.25944734,-0.3635997,-0.47860348,-0.17675039,-0.36763793,0.05738716,0.66364443,-0.1501067,-0.26635158,0.20909035,-0.047813322,-0.07424678,0.24267222,0.080152094,0.055429,-0.11454638,0.45115238,-0.16507028,0.57851636,0.09325659,0.09198968,-0.48381957,-0.015842691,0.253587,-0.23401107,-0.23237415,-0.19823357,0.4684533,-0.18595932,0.26959687,0.11111125,0.30097157,-0.27807724,0.10217282,-0.1597355,0.08500682,-0.08992147
"(114.09522188570764, 22.546124440222204)",0.1605272,-0.11268026,0.03995942,0.10569585,0.2151748,0.16557148,-0.032273177,-0.009191502,0.096116126,0.29576182,-0.08059238,0.013316136,0.21754417,0.15771842,-0.06657311,-0.20988195,-0.02157925,0.108857356,0.31860495,0.3728387,0.42710948,0.0037834747,-0.1437825,-0.06352091,0.008657072,0.04701111,-0.045669653,0.008797438,-0.17455849,-0.04436031,0.06626864,-0.14158732,0.5476292,0.26526105,0.06748779,0.057748474,-0.14484522,0.09919098,0.101569906,-0.03314299,-0.230816,-0.09565782,-0.27013847,0.123641275,-0.16035026,-0.45745248,0.27070656,0.08118892,-0.29140067,-0.2551225,-0.0040613264,-0.0006018039,0.011934474,0.002476953,-0.3453625,-0.30697682,-0.19730473,0.08147638,0.10959707,-0.17301661,-0.1982527,-0.15901753,-0.15895636,0.2593252,-0.007615082,-0.028489657,-0.22310562,0.2501367,-0.073868066,-0.31393355,0.03878092,0.028542707,0.13302696,0,-0.20273505,0.019003626,0.034229632,-0.16895586,-0.39034104,0.36340898,0.09451154,-0.027270064,-0.034351666,-0.36772084,0.027320828,-0.32891104,0.17732097,-0.31372002,-0.39270955,-0.12128181,0,-0.438387,-0.18172473,-0.3006396,0.022567276,0.1893233,-0.16870236,-0.040100217,-0.05729077,-0.08168429,0.5422847,0.13059631,-0.050646123,0.010267392,-0.008990601,0.004969418,0.21857713,0.367451,0.2781135,-0.29032835,-0.19436495,-0.20156598,-0.068999924,-0.091558315,0.070096366,0.19705553,0.33740073,0.33861005,-0.05557017,-0.2713894,0.3419143,0.25327045,0.2943953,0.418414,-0.08554332,-0.055839404,0.17489582,-0.032805294,0.0814039,0.33609504,-0.2072647,0.047570445,0.14120898,-0.093046166,-0.17687505,0.5440779,0.0780257,-0.047218863,-0.19911538,-0.023811454,0.19172947,-0.015409328,-0.2733914,-0.058491327,-0.28525147,-0.5217944,-0.04043322,-0.02110029,0.45567656,0.38439307,0.048713136,0.09190429,-0.109105214,-0.16756698,0.0834095,-0.4473826,0.036088973,-0.053078264,0.058924057,0.3631941,-0.4712104,0.2590079,0.10450516,-0.16560508,0.14335573,0.106138,0.039584756,0.14599365,-0.09217352,-0.25695738,0.047708504,0.06504245,-0.46036318,0.020930782,-0.66478574,-0.28589326,0.15722595,-0.016964395,0.06282457,-0.2463836,0.19271088,0.1429793,0.039411362,0.07686746,-0.038817115,-0.40442973,0.042334292,-0.034915425,-0.065198615,0,-0.059542187,0.075821556,0.13330503,0.04032692,-0.10613747,-0.1598905,-0.25338602,0.041446365,-0.16570954,-0.3795978,0.20419875,0.018281415,0.014963207,-0.031209102,-0.03426005,-0.08298884,-0.36804175,0.16482663,0.33729887,0.10526361,-0.16312431,-0.20777562,-0.09733834,0.19817753,-0.009127609,-0.2647959,-0.07753619,0.28798702,-0.16955173,-0.10116348,0.028675362,-0.36274946,0.39501616,-0.02344874,0.07904938,0.0050206706,0.64543235,-0.10266245,0.048291206,-0.049692623,-0.34323892,-0.3570513,0.1655974,0.18849692,0.082476184,0.18409489,-0.19145359,0.09946214,-0.16034307,0.20753264,-0.4539148,-0.2746729,-0.08294012,0.17300616,-0.27767783,-0.1454305,-0.059745237,-0.059471812,-0.095974006,-0.49216712,-0.25553298,-0.10870147,-0.29343247,0.054392375,-0.2595924,-0.08655756,-0.046318285,0.36351937,-0.051255822,-0.49377123,-0.073657155,-0.045067348,0.1440902,-0.065488555,0.106872186,0.022974338,0.10240317,0.17472501,-0.085209094,0,-0.0012100935,0.17356253,-0.08113962,-0.020920426,0.074138924,0.1718919,0.11665,-0.10981545,0.24581772,-0.522863,-0.00889344,0.049166504,0.07917085,-0.06463549,0.051978562,0.017759342,0.0226976,-0.098929495,-0.14090994,0.03376314,-0.18870316,-0.0656232,-0.58281714,-0.13196751,0.32466117,-0.08698397,0.22354181,-0.42377934,0.10295077,0.043205857,0.14688694,0.2078887,-0.14836723,-0.09669256,0.2922794,0.008157117,-0.14123687,-0.0713902,0.1517794,0.21004334,-0.23056844,0.2502559,0.123763636,0.015674738,-0.15530917,-0.06736814,-0.4394399,-0.15363991,-0.1096078,-0.09335754,-0.0783215,0.01348491,0.6154476,-0.35437188,-0.006432228,0.37750268,0.19085145,0.18640444,-0.34471536,0.062216043,0.03460778,0.06390068,0.002372615,0.05379708,0.087775916,-0.17586365,0.23173806,0.17614193,-0.019210592,0.021820348,0.13486704,0.01761592,0.15033367,-0.13285373,0.18186867,-0.07706768,-0.14021853,0.29322624,-0.2597654,0.34670842,0.17679803,0.22493593,-0.02718462,-0.04635147,-0.0717409,0.35944024,-0.082225226,-0.5721359,-0.016430907,-0.4060601,0.04426796,-0.060105063,0.13180207,0.064639196,-0.029530205,0.11841729,-0.070882335,0.24308948,-0.31991225,-0.4843706,-0.15068895,-0.36445397,0.0086789,0.65275884,-0.12320093,-0.26753044,0.24634857,0.01320878,-0.051297974,0.18766116,0.053504657,0.09201664,-0.03886491,0.5062498,-0.19565867,0.55916625,0.14014786,0.068069614,-0.49220404,-0.07316324,0.2689311,-0.22862776,-0.2441128,-0.21582799,0.45193923,-0.14472432,0.25898802,0.13929652,0.29541185,-0.2475015,0.08300559,-0.1936619,0.123828225,-0.09370935
"(114.098265929954, 22.56860781891971)",0.00036341697,-0.15549828,0.04546884,0.030290535,0.3374352,0.46283433,-0.20150152,0.0052826293,0.15435083,0.16781496,-0.010611407,-0.2209973,0.30878168,0.26578584,0.13467136,-0.20400181,0.078881994,0.11338728,0.33227092,0.27192608,0.21604812,0.08248462,-0.17732471,-0.1407001,0.16697875,0.14517166,0.0026871338,0.04137685,-0.08654742,-0.12677681,-0.018100139,-0.25738323,0.8668961,0.1593122,-0.06590961,0.059761077,-0.12832335,-0.11536662,0.012382712,-0.18111825,-0.24942768,-0.2790199,-0.3192202,0.20525447,-0.14732844,-0.44383687,0.12793556,0.06407924,-0.23909065,0.033488035,0.12180062,0.084059715,0.027054425,0.10875036,-0.650819,-0.53201354,-0.26226762,0.30366927,0.18925539,-0.12950507,-0.1469691,-0.083258584,-0.16642928,0.14306366,0.086097926,-0.173879,-0.17486341,0.39132473,0.0134404935,-0.21617095,-0.033536203,0.09189742,0.19615093,0,-0.05856531,-0.059932586,-0.09737767,-0.11816215,-0.21904916,0.20590973,0.22101818,0.08419542,-0.0513517,-0.50270844,0.051916074,-0.29459655,0.16941923,-0.229983,-0.44135326,-0.055364944,0,-0.7239595,-0.17896196,-0.2845622,-0.11679698,0.5644617,-0.1840519,0.020591035,0.10387603,0.032331575,0.8084918,-0.0775379,0.08422236,-0.20824617,-0.017721742,-0.07172857,0.131989,0.35549244,0.20818533,-0.1372865,-0.18274722,-0.07931221,-0.29554385,0.13897383,0.0061615035,0.24156219,0.01044221,0.3765553,0.062453873,-0.37353593,0.28811514,0.34079605,0.21292086,0.5813254,-0.21287802,-0.17592612,0.28252378,-0.036192615,0.14526829,0.031266473,-0.18536288,-0.026827523,-0.06823532,-0.16399616,-0.19503528,0.7036192,-0.08205982,0.011667471,-0.3624309,0.06870284,0.39588758,0.07792458,-0.20621696,-0.24324483,-0.42663103,-0.594257,0.024963258,-0.18181853,0.49470842,0.19139098,-0.10654269,0.12377042,-0.074641466,-0.034537718,0.06292614,-0.57112634,0.05603327,-0.23880628,-0.035698064,0.24811156,-0.41426757,0.3940133,0.16260192,-0.015154522,0.012029946,0.36936677,9.40077e-06,0.21487758,-0.036119506,-0.39062148,0.066701144,-0.18423939,-0.8439958,-0.06487122,-0.9460615,-0.3544441,0.07713063,-0.03546727,0.11729836,-0.12517518,-0.08367332,0.13513815,0.021998573,0.25651264,0.0042636767,-0.40139365,-0.05314298,-0.06056072,-0.06322153,0,0.023181457,-0.0828793,0.17369966,0.14165336,-0.22841379,0.12566975,-0.35034478,0.22776872,0.09986763,-0.5827517,0.24342445,0.044250436,0.05190366,0.127288,-0.13238774,-0.27486658,-0.28025723,-0.10116927,0.48423326,0.23743618,-0.13750072,-0.4420292,-0.031734996,0.22101106,-0.004907571,-0.3873942,-0.04767815,0.1871094,-0.18240696,-0.11040174,-0.043127026,-0.47683123,0.28465086,0.13191679,0.06833811,-0.1805362,0.5570035,-0.15830263,0.098003745,0.12490885,-0.45190334,-0.09628864,0.09632664,0.44738403,0.19941534,-0.07682901,-0.26993233,0.095984414,-0.26362166,0.23800197,-0.5076299,-0.19968976,0.010472165,0.38083476,-0.3725074,-0.28344536,-0.17911091,-0.17580162,-0.29611257,-0.8179307,-0.3376895,-0.09241848,-0.36894524,0.09526974,-0.33032534,-0.04838925,0.01145494,0.4784607,-0.10241912,-0.6437286,-0.026622169,-0.1959796,0.041261304,-0.008811161,0.090439364,0.2575827,0.1894033,0.023350284,0.096222214,0,0.049119055,0.14322488,-0.21511534,-0.13670662,-0.13950655,0.27859083,0.14895277,-0.1764598,0.40273723,-0.641168,-0.03698283,-0.022405434,0.29424563,0.11606417,0.16375206,-0.06897246,-0.28648308,0.00084775314,-0.22101125,0.15894015,-0.23431948,-0.25201106,-0.55378467,-0.1402672,0.4953135,0.20352152,0.16219182,-0.46809095,0.056438014,-0.02896753,-0.009154318,0.019591805,-0.23404363,-0.07537626,0.43636894,0.0042541754,-0.086596414,-0.34526035,0.22003655,-0.019490197,-0.4520664,0.47342163,0.17726108,0.10794118,0.07304396,-0.20172498,-0.32397723,-0.24075526,-0.18729961,-0.072000526,-0.42507172,0.02232468,0.81921095,-0.3658722,-0.18296748,0.38240814,0.3927979,0.117791384,-0.45157856,0.028240263,0.13900201,0.14424102,0.04608827,0.12401071,-0.105817765,-0.017528348,0.16222101,0.28600323,-0.10700549,0.0628313,0.054235153,-0.14941663,0.05793965,-0.10472173,0.11288686,-0.09588267,-0.4937199,0.3307545,-0.23558775,0.28631374,0.28463784,0.1517985,-0.07218081,-0.19523567,-0.10980483,0.3832558,-0.02590419,-0.7345143,-0.10784013,-0.3541392,-0.08804578,-0.10643216,0.30786675,-0.04585029,-0.21128729,0.19554183,0.023424715,0.18886627,-0.29510915,-0.4961636,-0.26450622,-0.34784657,-0.018662285,0.5569979,-0.19252422,-0.3784566,0.15099949,0.22086115,-0.0733362,0.2711193,0.06137247,0.13157244,0.054703765,0.5633844,-0.2180165,0.37541226,0.3496509,0.23304647,-0.45399335,-0.20359407,0.26993716,-0.328486,-0.25180608,-0.25953525,0.69054407,-0.10669965,0.17078966,0.18604526,0.3280844,-0.19694228,-0.100375295,-0.29120293,0.34006065,-0.049119733
"(114.09848400478371, 22.677806322264367)",0.13876298,0.051117852,0.09904724,-0.013796905,-0.02999608,-0.20614225,-0.31594503,-0.009292576,-0.018313617,-0.022737496,0.074054055,0.19889152,-0.32138517,-0.07428181,-0.09679843,0.065838546,0.09655945,0.2733583,0.037663344,0.1483498,-0.08502912,-0.059064627,-0.06816592,0.21583627,0.14953965,0.13926359,0.087638326,-0.19297843,-0.06623216,-0.20473936,0.008867409,-0.022469528,0.4970327,0.004946107,0.11726534,-0.10785605,0.1353935,-0.26260275,-0.10833864,0.12514403,-0.058460616,0.33375758,-0.1374076,0.02687753,-0.07975628,0.045705445,0.028665707,-0.08176695,-0.15775186,0.17547712,0.080113605,0.13522206,0.0498348,0.057175387,-0.2580753,-0.09991431,0.007871048,0.03533844,-0.012521859,-0.134121,-0.017432656,-0.010739925,0.17292988,-0.06021543,0.090126246,-0.2372132,-0.08223952,0.040314887,0.1688862,-0.27819353,0.09882479,0.11028998,0.17616323,0,0.09265757,-0.17484523,0.121303946,-0.059776597,-0.09718099,-0.041148074,0.16273145,0.16034932,0.32352132,-0.41481495,0.055195834,-0.04457795,0.06068708,0.006187789,-0.1086993,0.012950011,0,-0.1179268,0.011502296,0.37296054,0.18840247,0.2621867,-0.23845255,0.011183634,0.09985938,0.21526779,0.24877968,0.10356536,0.11462884,-0.05279307,0.067520276,-0.0032774955,0.25921032,0.26081255,0.18192321,-0.06543344,0.03643863,0.114392005,0.007790737,0.06905068,-0.15885967,0.4077084,-0.14159057,0.272333,-0.21703124,-0.2279695,0.20759605,0.09303893,0.03470678,0.10838872,-0.09550663,0.04745704,0.14046812,0.060903654,0.026183017,0.1263344,-0.41233894,-0.1320872,0.15322071,-0.11389137,-0.24099511,0.048962787,0.37018007,0.17126781,-0.03438588,0.0026486572,0.4987416,0.06186803,0.41690427,-0.1664027,-0.17820814,-0.15635513,0.0044505876,-0.058004174,0.43859845,0.12782449,-0.011704218,0.0983438,0.5218143,0.043441698,0.44766504,0.33938476,0.30633503,0.059350513,0.034512706,0.14753775,-0.07367772,0.45752206,-0.13047294,-0.33381832,-0.024261013,-0.13428952,0.26405326,0.14482974,-0.015231207,-0.3415081,0.21775831,-0.21139722,-0.119922206,-0.06427637,-0.50821906,0.12475345,0.067339435,0.10303546,0.16402823,-0.23693973,0.42557433,-0.1186854,0.1823917,0.20929527,0.36747703,-0.41429615,0.042386197,0.2701314,0.34877357,0,-0.117187485,-0.06404888,0.26517886,0.12910047,0.22287846,0.40059477,0.34823018,0.27943614,0.45745713,-0.26965484,-0.000114770606,-0.2243183,-0.020758042,-0.051272318,-0.12018478,0.014927849,0.03942871,0.0488334,0.31009495,0.38908064,0.0717908,-0.095329374,0.09571217,0.038192496,-0.22809362,-0.24529962,0.051413737,0.14987478,-0.052686892,-0.13076253,0.0116204955,0.06427958,0.5857785,0.3071055,0.14834581,-0.13338245,0.310939,0.059363842,0.100849815,0.19493054,-0.3624736,0.0911657,0.16606542,0.32539934,0.37748665,-0.050831348,0.041230675,0.089194015,-0.35226965,0.5443107,0.19684708,0.0067542363,0.11773774,0.36354995,0.07958005,0.13061813,-0.023277566,0.13987772,-0.24023655,-0.06894599,-0.33695933,-0.055906743,-0.27442616,0.16627003,-0.023737006,0.13910586,0.23341572,0.053398214,-0.0044457316,-0.47431213,0.20337576,0.29063207,-0.1054797,0.14825839,0.1404244,0.21194893,0.08115139,-0.25152847,-0.16423783,0,0.28601503,-0.1207348,-0.17128323,-0.051048815,-0.03840433,0.077176295,0.20332861,0.25512207,0.016197436,-0.42467356,-0.12442625,-0.078643106,0.28442287,0.093045466,0.080232576,0.25399673,-0.11716813,0.13203481,0.2003137,-0.16947754,-0.088066034,0.124197796,-0.296041,-0.20815468,0.43744585,-0.047259204,0.074541405,-0.056760408,-0.06449707,0.10770197,0.07872134,-0.020698197,-0.027226742,0.09528212,-0.08900366,-0.052969635,0.14206487,0.08535306,-0.045848843,0.18717104,0.06533769,0.5773723,0.08829475,0.24520436,-0.060859546,-0.025527887,-0.046435118,-0.17484805,0.0698009,-0.2190299,-0.04633923,-0.06319897,0.2710918,0.1643298,0.036798872,-0.016339049,0.24843171,-0.18683606,-0.39288035,0.08936435,-0.057168204,0.19423887,-0.19828117,-0.12495569,-0.1079089,0.056079127,0.16436167,0.3131343,0.20244211,-0.13721189,0.18395373,-0.11920711,0.020279191,0.17180716,0.02255164,-0.036219835,-0.39906743,-0.1656063,-0.2519652,0.21732618,0.19778669,0.115037754,0.30353466,-0.2430203,-0.015215836,0.20235437,0.07901783,-0.3447947,-0.04092195,-0.16094697,-0.2045244,0.13488497,-0.015849443,0.102734365,0.08515187,0.33175594,0.0713364,0.32767534,-0.33481753,-0.21682315,-0.30227304,-0.10190614,0.3429581,0.15146457,-0.45614985,-0.49842197,-0.05865727,0.039687987,0.029497284,0.3612404,-0.00073950365,0.15723792,0.006296836,0.26740456,0.23083434,0.021311369,0.2938072,0.03132517,-0.13237631,0.0125766015,0.011785142,0.23774762,-0.07885738,-0.06339258,0.46089363,0.27179515,0.30494335,0.21203631,0.07917498,0.01311845,0.04397175,-0.022317566,-0.055052526,0.05193065
"(114.10008975393733, 22.606487599187705)",0.118650936,-0.053075373,0.053046208,0.027798636,0.23427732,0.037029322,-0.07571882,0.07211297,0.11850962,0.15329188,0.034626402,0.0071195588,-0.13508654,-0.069272324,-0.047747508,0.044438135,0.0544689,0.118845284,0.100979574,0.20224029,0.08249248,-0.010103179,-0.004185077,-0.056469664,0.10709745,0.09570499,0.052135773,-0.016731359,-0.24363244,-0.06741881,0.04122572,-0.04079786,0.5124838,0.13397926,0.15998942,-0.07553453,-0.0837281,-0.19955285,0.05004778,0.0245637,-0.21132377,0.15841937,-0.15267736,-0.094472855,-0.122356035,-0.023753522,0.10054338,0.0049137436,-0.18371749,0.074417084,0.10548288,0.12525044,0.055836786,-0.077748954,-0.17131516,-0.12942423,-0.12865816,-0.015202172,-0.038749956,-0.26716104,-0.11163661,-0.073709376,-0.057110533,0.038705736,0.12487733,-0.3241356,-0.014945336,0.0756107,0.14407216,-0.24742548,0.12782496,0.054734588,0.16799176,0,0.052015044,-0.1158295,0.116677925,-0.07590673,-0.25418136,0.12327532,0.048726123,0.050650835,0.15926844,-0.37834358,-0.027094357,-0.17181557,0.09948459,-0.07537354,-0.2048442,0.002787806,0,-0.15836936,-0.05130612,0.0024013612,0.01820413,0.22661164,-0.15405592,-0.066278294,-0.035915174,0.107228234,0.37244496,0.08917881,0.02773225,0.016416974,0.19466622,0.02961737,0.18818174,0.387801,0.25373316,-0.08158022,0.114784695,-0.005922906,-0.060972624,-0.050079413,-0.13556038,0.21041003,-0.011891479,0.30700266,-0.09081842,-0.264756,0.31128561,0.06369855,0.10442786,0.23274952,-0.010933926,0.07198827,0.08924158,0.04576238,0.03168083,0.24723974,-0.39877954,-0.15975904,0.22348826,-0.12590295,-0.18569389,0.15167552,0.43575495,0.046786245,-0.1329576,0.07364649,0.46654698,0.015753765,0.038320303,-0.17274374,-0.15900022,-0.24305356,-0.042906076,0.046701342,0.39266682,0.2623716,-0.16829853,0.10121197,0.35029602,-0.0042143017,0.2558916,-0.05917832,-0.003755033,0.20099774,-0.012806796,0.22327788,-0.24749532,0.37074754,-0.012727939,-0.22066629,0.090204164,0.045294136,0.20201997,0.05303292,0.056544974,-0.30366182,0.14081685,-0.21328606,-0.21276072,-0.07783741,-0.38821578,0.026927881,0.09059636,0.17320278,0.08037027,-0.1915119,0.30291903,0.0028140768,0.08910665,0.16472343,0.12423695,-0.2805314,0.07055643,0.13137472,0.17656204,0,-0.07877332,0.06534735,0.18102424,0.10698764,0.20160156,0.06345134,0.13551383,0.15244457,0.2606777,-0.18028253,0.02142465,-0.13929555,0.019239558,-0.04357753,-0.04117635,-0.0074947327,-0.13215984,-0.023067743,0.32858348,0.24626578,-0.047246605,-0.06663648,-0.1204141,0.01615116,0.0011918768,-0.16625156,0.04939729,0.14310467,0.045314208,-0.14266652,0.10962966,-0.12642905,0.567884,0.046531197,0.16956028,-0.18100718,0.3572729,-0.07122016,0.062695935,0.1292441,-0.21453105,-0.004746263,0.10552513,0.32078668,0.23604433,0.06344895,-0.02679402,0.16562,-0.34605646,0.36512974,0.029150378,-0.048380904,-0.00058798306,0.2826358,-0.04920766,-0.16383898,-0.14247872,0.030313026,-0.14634609,-0.25187725,-0.27143672,-0.19444305,-0.24352174,0.18767865,-0.092797585,0.03696484,0.12468563,0.27861974,-0.06805506,-0.34379134,0.04614269,0.13340735,-0.01555251,0.053791717,0.093896076,0.175029,0.18238455,-0.063925326,-0.2006559,0,0.12556693,-0.11516422,-0.28401273,0.16087171,0.009163961,0.14360815,0.2201889,0.07918191,0.10795241,-0.3526177,0.06414076,0.14192495,0.27450892,0.029545762,0.029885892,0.16929652,-0.18570217,0.05317929,0.1417833,-0.064465456,-0.01489703,-0.13890266,-0.30596548,-0.1347282,0.34152028,-0.055133037,0.074440226,-0.24508536,-0.023281055,0.12913123,0.033813298,0.030361935,0.018418893,0.0051674545,0.13247071,-0.08629891,-0.003133025,0.10225074,0.02600516,0.13947451,-0.046063382,0.42384222,0.12699674,0.20590946,-0.20778291,-0.08882352,-0.2307015,-0.15241218,-0.09637037,-0.21846962,0.02820959,-0.016673494,0.3042711,-0.09068588,0.031690188,0.20514983,0.120212846,0.081235185,-0.22757614,0.0874681,0.056915905,-0.0098314565,-0.031987257,-0.09349817,-0.104050405,-0.049500197,0.13206059,0.29806602,0.18214345,-0.0015840568,0.14166865,-0.006566534,0.13675454,-0.020832727,0.11946942,-0.101531565,-0.3764353,-0.003185335,-0.20676753,0.18475686,0.1331542,0.12786369,0.10568076,-0.020248346,-0.16059753,0.34349424,-0.026626416,-0.30450723,-0.0446127,-0.14707789,-0.10850089,0.050203986,0.07915807,0.18910046,0.051948562,0.2491988,-0.06910022,0.22883777,-0.34795228,-0.30532664,-0.19554299,-0.14241163,0.108649135,0.38211992,-0.38795993,-0.30579722,0.052023955,-0.004012298,0.013329629,0.3004091,-0.035174955,0.13363221,-0.021218278,0.40316257,0.089126706,0.16983041,0.17127512,0.095527634,-0.18249968,0.047589682,0.08575809,0.072521046,-0.047866687,-0.021050364,0.25156888,0.15125196,0.216895,0.18147624,0.19146311,-0.008175287,0.038841244,0.08043875,0.04345226,0.074723355
"(114.1085944707546, 22.5395235013194)",0.13880664,-0.19030306,0.020605583,0.15614419,0.5532405,0.42049313,0.02636619,0.045512997,0.21133274,0.28443134,-0.014710825,-0.28098044,0.46013838,0.20979494,0.29393652,-0.19658197,-0.08887994,-0.12662724,0.10207163,-0.0541203,-0.047194786,-0.092868194,-0.15874588,-0.27205023,0.15534228,0.038179915,-0.24735698,0.0880064,-0.022198495,0.095629655,0.048736744,-0.11661595,0.38788676,0.09793722,-0.047050618,0.22006665,-0.117918216,-0.18058498,0.0065118633,-0.0429042,0.042399116,-0.485762,-0.3144414,0.16532505,0.0839948,-0.5370302,-0.076655895,0.09055756,-0.0924478,-0.13998945,0.041183263,0.13986796,-0.12869947,0.30416948,-0.24948287,-0.32961008,-0.030137721,0.19044292,0.31406328,0.07795027,-0.13454822,-0.08325495,-0.20416605,0.24798204,0.011734061,0.029274732,-0.051832303,0.36075944,-0.10132782,-0.11915457,-0.11390815,0.14291683,0.10606779,0,-0.1284864,-0.02295271,0.067116216,-0.0001186952,-0.13428451,0.09477221,0.17383888,-0.029609978,-0.12929414,-0.299807,0.12666446,0.115745455,0.11669424,-0.50802124,-0.21031582,0.053206176,0,-0.57809436,-0.1269984,-0.5399998,-0.16425705,-0.041029748,-0.16608126,0.20732754,0.09486324,-0.09300327,0.40666106,-0.23424321,-0.14874531,-0.11995329,-0.23836866,0.12470567,0.008291349,0.29613683,0.19024386,0.16355662,-0.3710996,-0.09848934,-0.16556156,0.3153303,0.11045455,-0.0662276,0.37504873,0.39069813,0.19662592,-0.18093295,-0.035557464,0.33474264,0.21285042,0.49965036,-0.35567033,-0.06929843,0.2670436,-0.03597477,0.20008406,0.12012455,0.0043523586,0.09685766,-0.31150207,-0.2774321,-0.10900518,0.69614697,-0.3131167,-0.104484186,0.15102994,0.13478962,0.14186789,0.1482363,-0.34306583,0.08798214,-0.44486773,-0.40406406,-0.109293066,-0.019390691,0.13695775,0.020165512,0.1669252,0.0008382946,-0.2721088,-0.012188643,-0.18752107,-0.58620304,0.06245341,-0.28320858,-0.04460863,0.3077122,-0.13435975,-0.0048400313,0.4621601,0.20815736,0.14098172,0.51936483,-0.20753822,0.40191978,0.12851955,-0.11606271,0.071480736,0.099512056,-0.40454742,0.08572981,-0.6712664,-0.23810011,-0.006999567,-0.12197075,0.20084277,0.065644726,-0.32772258,-0.0021358952,0.10652077,0.40918726,-0.14827603,-0.06508203,-0.090120114,-0.12312691,-0.11601384,0,0.20905872,-0.010593474,-0.028768824,-0.022802489,-0.46372837,0.25544426,-0.40412492,0.07925556,0.043865673,-0.38054827,-0.013182284,0.05181496,0.112645596,-0.014469935,-0.15676616,-0.31294644,-0.16325928,-0.03785129,0.23787966,0.20462039,-0.2265938,-0.096549325,-0.09541536,0.30456913,0.57033217,0.013643403,0.021167831,-0.1353519,-0.12520143,-0.049512886,-0.05958582,-0.1628648,0.047469415,0.08533995,-0.031259146,0.09572115,0.12612706,-0.16845879,0.016139045,0.13410914,-0.24185444,0.09848423,-0.08449041,0.25883064,-0.21753833,-0.28679645,-0.19962144,-0.13659933,0.10848074,-0.015030276,-0.15367144,-0.12821376,0.024523268,0.22565807,-0.44973373,-0.183694,-0.48359817,-0.18389562,-0.18197641,-0.3014037,-0.116523676,-0.11808276,-0.25317258,0.08723589,-0.33673,-0.038728982,0.06836657,0.54596806,0.024070762,-0.22786328,-0.24307138,-0.3270901,0.06920475,-0.15039104,-0.13345702,0.23719558,-0.11151667,0.34147385,0.15961921,0,0.13396564,0.32200962,-0.1201122,-0.121477425,-0.036720425,0.23140907,0.25140345,-0.5275422,0.21771756,-0.5630826,0.055509474,-0.061148178,0.14793792,0.20425247,-0.38887903,-0.1105041,-0.20576663,-0.01611181,-0.68029916,0.27944824,-0.06968722,-0.37800646,-0.116589814,0.12018216,0.1497851,0.3408266,-0.035575822,-0.27707955,0.06706306,-0.11103413,-0.23470731,0.004420921,-0.032584514,0.030819908,0.58754206,0.043877773,0.056169648,-0.560962,0.5284945,-0.013078116,-0.40344855,0.10953829,0.16972974,-0.2715647,0.28019816,-0.16961545,-0.18862563,-0.014530659,0.0022282898,0.05085346,-0.6465288,0.121750325,0.5354486,-0.44737467,-0.21299544,0.43159214,0.34824076,0.052393332,-0.10850366,0.086604536,-0.11637564,-0.0024346765,0.13443188,0.059619837,0.16798726,0.11592477,0.074297026,0.11819319,-0.24483809,-0.2501502,0.0050739497,-0.11350454,0.15075637,-0.06594164,0.15074825,0.031135373,-0.012820732,0.5077775,-0.07275387,-0.0010709912,-0.07878217,0.03253789,-0.14930123,0.008381888,-0.055570595,0.10177835,-0.12664694,-0.4881968,0.24708515,-0.5163906,0.21003616,-0.022180473,0.44175446,-0.06834678,-0.041927814,-0.29170668,0.011605706,-0.102355376,-0.025316533,-0.38645682,0.03959378,-0.17918098,-0.3163822,0.61164296,0.010438731,0.042588025,0.45832738,0.37021264,-0.15589665,-0.11514957,-0.22210804,0.15830818,0.1097494,0.61098933,-0.14192125,0.30721697,0.1567012,0.04976714,-0.17689148,-0.14757831,0.33897957,-0.5305298,0.0937403,-0.21596794,0.31865892,-0.15571013,0.28724092,-0.14388606,0.3509379,-0.30862728,-0.13035524,-0.071770206,0.24980909,-0.1136787
"(114.11280594130156, 22.544439072681737)",0.101607606,0.0006292034,0.020628314,0.15512908,0.47494873,0.22753109,0.12954848,0.051711842,0.08157642,0.4125896,-0.0766274,-0.021386791,0.25103208,-0.042401657,0.102601014,-0.14785428,0.038154468,0.052280582,0.0008670129,0.19807203,-0.07939083,-0.09566694,-0.20828465,-0.17997533,0.099801555,0.016276736,-0.25005782,0.1520329,-0.24445371,0.109804906,0.09545865,-0.017800778,0.25060835,-0.051414035,0.1348921,0.09533213,-0.1370168,-0.11675222,0.058919426,-0.0011717007,-0.04390899,-0.07599204,-0.3381193,0.053306587,0.02052173,-0.35132012,0.026791088,-0.062297065,-0.1597322,-0.17203577,-0.01867105,0.13723364,-0.11388685,0.13725002,-0.116964184,-0.040308375,0.030166648,0.1661987,0.21198326,-0.055414014,-0.1170727,-0.122698784,-0.22006786,0.05977319,-0.03811976,0.0557938,-0.15336277,0.14910431,-0.053280387,-0.0896195,-0.028342955,0.1753006,0.052026056,0,-0.2894626,-0.075308874,0.07777147,-0.1238702,-0.21289447,0.13409859,0.158392,-0.0600601,0.03173953,-0.35108316,0.096293375,0.17343467,0.12507586,-0.44139138,-0.23134428,-0.054635994,0,-0.30529556,-0.09748363,-0.32645866,-0.036491547,-0.2805104,-0.12586994,0.12227656,0.054839678,-0.22382386,0.2123549,-0.10422083,-0.093235746,0.025910795,0.028454348,0.123564616,0.18028396,0.35848364,0.26469076,0.043628182,-0.181733,-0.07236098,-0.13824525,0.024814466,-0.03852322,0.04173106,0.4848924,0.43304577,0.08264556,-0.20086858,0.11815475,0.17876133,0.23677255,0.4296259,-0.25674307,-0.08568367,0.19409986,-0.008379355,0.10451849,0.23092395,-0.21886933,0.01888067,-0.21313123,-0.29071417,-0.26952398,0.37692192,-0.00036727637,-0.052286778,0.19765636,0.0075269844,0.2042207,0.121103495,-0.19644439,0.07771651,-0.32956216,-0.3019415,-0.12519445,0.062711865,0.22596817,0.15945558,0.30224615,0.091969095,-0.24057569,-0.045723557,-0.045168605,-0.28892097,0.1004315,-0.13245654,0.15540004,0.35249764,-0.23252547,0.060764432,0.13857202,-0.025437977,0.0695311,0.33375996,-0.203547,0.38363808,-0.088159844,-0.15520969,0.056799285,0.26830032,-0.17743191,0.15826301,-0.40353376,-0.12080178,0.1116827,-0.025471717,0.080215134,0.06784005,0.020082882,0.029608302,0.13228568,0.25955266,-0.02506148,-0.10576832,0.04172592,-0.07271942,0.11679927,0,0.08941649,-0.037618894,0.0026339013,0.05148951,-0.2808336,0.12361611,-0.16654317,0.13751605,0.028550126,-0.20052966,-0.12856,-0.042212263,0.037343234,-0.11894084,-0.18163632,-0.26546,-0.21325164,0.097832695,0.20324111,0.17318712,-0.21239375,0.07456712,-0.06613221,0.22335058,0.3197037,0.015356675,0.029420977,-0.048308663,0.044639602,-0.15992668,-0.03133129,-0.036741026,0.20645572,0.14935747,0.030067611,0.14013009,0.21699578,-0.23176144,0.05504013,0.07026657,-0.061781462,-0.07650441,-0.012200705,0.17736995,-0.08810999,-0.053832456,-0.13115093,-0.0972496,-0.032546,-0.063848116,-0.18406275,-0.17076406,0.0382791,0.18121731,-0.2798654,-0.07662643,-0.54170877,-0.028080892,-0.07398636,-0.04303308,-0.1260378,-0.16371799,-0.28889662,0.19232891,-0.1699273,-0.033547245,0.16867214,0.523998,-0.09742735,-0.1783056,-0.19500107,-0.038063325,0.07609525,-0.09845223,-0.10746023,0.1553025,-0.07216239,0.3864268,-0.0075039715,0,0.11992921,0.122432254,-0.04703153,-0.050311476,0.15815209,0.22224063,0.22613266,-0.433784,0.11350509,-0.42786193,0.14206366,0.016478997,0.18782908,0.14148092,-0.3039842,-0.0106505,-0.085139036,-0.06343779,-0.2805643,0.15671021,-0.038081065,-0.1431342,-0.116788805,-0.0060170293,0.13172281,0.19304153,-0.021200968,-0.15176162,-0.055241257,0.062391654,-0.20479782,0.17142093,-0.0069953427,0.16420576,0.5456615,-0.07134425,0.033106897,-0.32622442,0.36378723,0.2137286,-0.25954995,0.12378959,0.17343006,-0.14461607,0.04360187,-0.035095997,-0.238698,-0.056316838,0.031716656,-0.051968046,-0.37637568,0.075335845,0.33879983,-0.3311324,0.111149706,0.4221411,0.13295338,0.11190094,-0.07615404,0.1821746,-0.1992497,0.03932409,-0.032480903,0.08488306,0.2974516,-0.049623735,0.114461936,0.24994846,-0.028201804,-0.25240314,0.1676611,0.028261742,0.2109756,-0.122564614,0.02069521,0.03353019,0.06596151,0.35792828,-0.0980128,0.14600638,-0.061059177,0.1268169,0.04552801,-0.044158533,-0.013858952,0.098299325,-0.08939929,-0.2712807,0.15051872,-0.45434004,0.14734605,0.023026327,0.24674784,0.07746386,0.0032503158,-0.14968508,-0.03779766,0.030053858,-0.08449761,-0.39271522,0.027773447,-0.07694847,-0.34312454,0.6075475,-0.13504386,-0.10042542,0.40030208,0.24117099,-0.16884041,0.0033413358,-0.1623467,0.12155414,0.015529089,0.5884757,0.018828109,0.317691,0.103905365,-0.13626075,-0.28673342,-0.030584324,0.37735608,-0.28566206,-0.025751546,-0.20083836,0.20364833,-0.12062148,0.3047424,-0.027899025,0.27001888,-0.2785544,-0.038963325,0.05371221,0.19204453,0.02929908
"(114.117214106129, 22.550204465676792)",0.033314314,-0.022196641,0.0050756223,0.088490434,0.37965462,0.19685765,0.005303301,0.06350325,0.11870219,0.23613618,0.0009553507,-0.09525895,0.025642782,-0.028527873,0.15206888,-0.08984187,0.033232123,-0.00016596168,-0.04894894,-0.05472591,-0.20505579,-0.0048461687,-0.10138933,-0.21095794,0.16507831,-0.03081622,-0.12701881,0.047055803,-0.10381201,0.05891011,0.09456977,-0.05591418,0.1244913,0.0076960195,0.09598549,0.17425695,0.027924314,-0.31736124,0.028138172,0.044830628,0.10308378,-0.13769647,-0.26541185,0.080419384,0.08515886,-0.21269064,-0.07561893,-0.03736301,-0.066437624,0.037631266,0.04109381,0.14131041,-0.05977967,0.22040084,-0.024562396,-0.045818035,0.09192332,0.12829009,0.2541576,-0.12930182,-0.08984865,-0.05537645,-0.10666937,0.041314393,0.017069178,-0.084658556,0.052952666,0.10777339,0.01055181,-0.028115537,-0.08000187,0.17693616,0.099624164,0,-0.098298974,-0.1480323,0.07825552,-0.06400491,-0.08659582,0.04396615,0.14530903,-0.018769689,0.019939523,-0.3036222,0.059935857,0.13824154,0.116598174,-0.28515032,-0.163048,-0.03724306,0,-0.20360333,0.025360122,-0.18054311,-0.06937715,-0.110550314,-0.15855892,0.1593205,0.04409013,-0.008575197,0.18811056,-0.1430684,-0.07676862,-0.063725255,-0.0898321,0.15953568,0.07413173,0.25007668,0.19484492,0.19278607,-0.05263422,-0.047985908,-0.16133866,0.18646148,-0.06755182,0.12507397,0.20613442,0.33903903,0.09066639,-0.108417705,0.13689527,0.225673,0.17352547,0.29499778,-0.25719798,-0.024088338,0.11609639,0.015750162,0.123385765,0.0659848,-0.13391775,-0.008662919,-0.12413185,-0.26695368,-0.1989125,0.2801618,-0.02848775,0.063600734,0.19719754,0.15962547,0.22465897,0.110154614,-0.05913517,0.06435185,-0.20076865,-0.25008327,-0.06055145,-0.12645225,0.12058635,0.08715818,0.07564245,-0.0029983968,-0.01940316,-0.0025814325,0.07959886,-0.17627582,0.072021574,-0.10337345,0.05791039,0.24109186,-0.088518456,0.13007525,0.22703265,0.06855081,0.06558953,0.3186527,-0.13746803,0.4119684,0.0045668185,-0.21421766,0.111365564,0.055196464,-0.08700326,0.07700131,-0.32200456,-0.09837061,0.025713012,-0.0029365038,0.062191762,0.10441805,-0.05321935,-0.0700171,0.07853782,0.26770148,0.07624651,-0.055548813,0.015123136,0.0054844636,0.14836153,0,0.06371738,-0.14639553,0.09490567,0.073433675,-0.22357026,0.28851506,-0.05407612,0.21844828,0.19765437,-0.18937004,-0.13887307,-0.048991233,0.058442634,-0.037059188,-0.22438447,-0.23855378,0.014504105,-0.011626229,0.22676215,0.194097,-0.012742162,0.019736772,-0.013294315,0.21922316,0.44016233,0.11317095,0.0823797,-0.118730314,0.10667537,-0.20313066,-0.09507488,0.049679004,0.23184647,0.16842455,0.08429812,0.0696869,-0.023615437,-0.13818052,0.004327737,0.15529573,-0.10998303,0.19654346,-0.15765887,0.1830219,-0.028975628,-0.26526457,-0.07728748,-0.062606394,-0.0691645,0.07487204,0.05664118,-0.049049124,0.073841654,0.229046,-0.22825684,-0.013728954,-0.48163766,-0.0055903234,-0.16675326,0.02591452,-0.16632679,-0.07151644,-0.19287641,0.2035402,-0.10225678,0.060442843,0.212051,0.39761332,0.035827592,-0.12762976,-0.12098506,-0.02744203,0.042211305,-0.0113540515,-0.038452137,0.25220197,-0.039371848,0.2170775,0.11971862,0,0.11445809,0.10539111,-0.0790622,0.03754443,-0.028180078,0.13918409,0.277889,-0.26374075,0.05316945,-0.37430334,0.075927496,-0.010711643,0.21090278,0.1735779,-0.28380793,0.04173296,-0.1992124,0.030520882,-0.15719853,0.118566945,0.04432221,-0.22771533,0.102179416,0.09776877,0.047117442,0.2736386,0.01937029,-0.15091795,-0.06610461,0.0033417754,-0.20085002,0.029334407,0.030754669,0.04623358,0.43194088,0.0709306,0.07564506,-0.31948897,0.34419638,0.02901087,-0.2157372,0.121799156,0.1943601,-0.020766022,0.09510934,-0.14341167,-0.021232843,0.015007295,-0.01015332,-0.04157526,-0.40281707,0.06727743,0.2511807,-0.20740491,-0.05751004,0.24364328,0.2683235,0.04871598,-0.12297828,0.08526766,-0.0553508,0.08677643,-0.027659312,0.010425145,0.08292082,0.10308918,0.048979953,0.21790957,-0.037634343,-0.25458694,0.09448036,-0.0699325,0.11168763,-0.03565914,0.06924264,-0.002082117,-0.09437756,0.2519726,-0.07343133,0.07728255,-0.08721826,0.07765652,0.029592395,-0.11634264,-0.086404584,-0.027526809,-0.060408026,-0.21770655,0.19821167,-0.3203256,-0.002061978,0.10255321,0.22455128,0.07487293,-0.0122017935,-0.04340425,-0.06091956,-0.056567904,-0.08472909,-0.27837393,-0.03901521,-0.050674416,-0.19824532,0.38618812,-0.2071388,-0.10665691,0.3312818,0.2924477,-0.07431613,0.0051177926,-0.15938894,0.21298513,0.08716438,0.4138831,0.15687972,0.09346902,0.20473514,-0.1091446,-0.070781484,-0.08011973,0.25592664,-0.15559897,0.025474206,-0.08490482,0.1303514,0.0004185075,0.30805272,-0.02888207,0.2401996,-0.091046676,-0.01928714,0.03717854,0.17772222,0.0053661233
"(114.12032161863262, 22.603781236831946)",0,0,0,0,0,0,0,0,0,0,0,0,0,0,0,0,0,0,0,0,0,0,0,0,0,0,0,0,0,0,0,0,0,0,0,0,0,0,0,0,0,0,0,0,0,0,0,0,0,0,0,0,0,0,0,0,0,0,0,0,0,0,0,0,0,0,0,0,0,0,0,0,0,0,0,0,0,0,0,0,0,0,0,0,0,0,0,0,0,0,0,0,0,0,0,0,0,0,0,0,0,0,0,0,0,0,0,0,0,0,0,0,0,0,0,0,0,0,0,0,0,0,0,0,0,0,0,0,0,0,0,0,0,0,0,0,0,0,0,0,0,0,0,0,0,0,0,0,0,0,0,0,0,0,0,0,0,0,0,0,0,0,0,0,0,0,0,0,0,0,0,0,0,0,0,0,0,0,0,0,0,0,0,0,0,0,0,0,0,0,0,0,0,0,0,0,0,0,0,0,0,0,0,0,0,0,0,0,0,0,0,0,0,0,0,0,0,0,0,0,0,0,0,0,0,0,0,0,0,0,0,0,0,0,0,0,0,0,0,0,0,0,0,0,0,0,0,0,0,0,0,0,0,0,0,0,0,0,0,0,0,0,0,0,0,0,0,0,0,0,0,0,0,0,0,0,0,0,0,0,0,0,0,0,0,0,0,0,0,0,0,0,0,0,0,0,0,0,0,0,0,0,0,0,0,0,0,0,0,0,0,0,0,0,0,0,0,0,0,0,0,0,0,0,0,0,0,0,0,0,0,0,0,0,0,0,0,0,0,0,0,0,0,0,0,0,0,0,0,0,0,0,0,0,0,0,0,0,0,0,0,0,0,0,0,0,0,0,0,0,0,0,0,0,0,0,0,0,0,0,0,0,0,0,0,0,0,0,0,0,0,0,0,0,0,0,0,0,0,0,0,0,0,0
"(114.12073531686966, 22.58603698251593)",-0.030998312,-0.030817023,-0.066639096,0.10524597,0.29305866,0.10902865,0.088027716,0.093035504,0.13368925,0.25896144,0.0040654913,-0.09524265,-0.19502911,-0.05344867,0.061310433,-0.08880241,-0.025214195,-0.026664749,-0.07130948,-0.14266913,-0.088547595,0.072005495,-0.009863738,-0.27282628,0.10943231,-0.09154004,-0.04258459,0.03726714,-0.15454327,0.09373504,0.15118715,-0.053486317,-0.11173889,0.11764687,0.19104728,0.22440103,0.066268824,-0.31819838,0.17729019,0.05707141,0.19073313,-0.103678636,-0.16936292,0.04352597,0.09971937,-0.13078335,-0.019961275,-0.037811343,-0.021884896,0.0057875235,-0.0134521425,0.1025821,-0.07742654,0.17442487,0.24634054,0.11588025,0.08730997,-0.051301457,0.26857126,-0.29960713,-0.14509511,-0.077116996,-0.062710926,0.0679584,0.010428989,-0.05540841,0.18620104,0.0010218732,0.012839777,0.020204056,-0.03565617,0.14602423,0.08346247,0,-0.13470829,-0.117773846,0.10280661,-0.116352834,-0.18195663,0.15441588,0.030833464,-0.0671131,-0.006127935,-0.20570974,-0.02757673,0.08943421,0.17460886,-0.20757484,-0.14672822,-0.100726075,0,0.027468294,0.078825586,-0.1779066,-0.067262016,-0.18306261,-0.12945883,0.07682367,-0.09414413,0.09487635,0.07013863,-0.0906565,-0.103501454,0.0415503,-0.06978091,0.20222324,0.07442422,0.21737686,0.25838643,0.2056379,0.10210295,-0.17041524,-0.15918025,0.08293675,-0.07683052,0.19367206,0.26580608,0.32555255,0.11117718,-0.021986337,0.27054417,0.23539099,0.22489989,0.23765898,-0.13946114,0.05067937,-0.008515645,0.030218618,0.070804745,0.100673124,-0.08676328,-0.013836363,0.09546365,-0.17165253,-0.1444687,0.15159817,0.034043446,0.08242774,0.19061583,0.19737917,0.06740317,0.068402775,-0.105161235,0.16920385,0.012993991,-0.23265067,-0.039136477,-0.17046574,0.011106245,0.22453779,-0.056039136,-0.0691568,0.011994824,-0.10799655,0.13816686,-0.11807829,-0.034070663,0.01519078,0.072117664,0.24208488,-0.14017108,0.07891703,0.22366165,0.09996389,0.1562729,0.21280882,-0.14116268,0.38279653,-0.056172118,-0.16883373,0.10371197,0.058243148,0.11503026,0.052476406,-0.11832465,-0.10705541,0.033645317,0.06422176,-0.047819965,0.16865769,0.036952488,-0.06250243,0.016682636,0.15208223,0.028400667,0.0063940175,0.080469325,0.019570382,0.18533227,0,0.021162879,-0.20590892,0.16342969,0.043017555,-0.16986075,0.116629384,0.018062815,0.16297877,0.0866224,-0.017488487,-0.12768546,0.022975363,0.056936074,-0.034859836,-0.2728492,-0.109171465,0.053411968,-0.0071030855,0.22724158,0.09413036,0.052105762,0.104398616,0.020823896,0.20594975,0.46300122,0.24762999,0.13450262,-0.04285226,0.24841452,-0.25568998,-0.09630735,0.09131113,0.2954865,0.002372142,0.13813579,0.12505811,-0.039574116,-0.11687213,-0.0801173,0.112949684,-0.04979145,0.17673776,-0.26535487,0.045062788,-0.07721907,-0.20426403,-0.013761129,-0.034382492,-0.03807731,0.061319835,0.0852461,-0.025955187,-0.019525236,0.11535871,-0.22742245,0.02452705,-0.43821794,0.04263439,-0.17892003,0.18946755,-0.13712013,0.012385771,-0.13305502,0.2504395,0.011776105,0.12315315,0.1514561,0.3159443,0.104383916,0.015337303,-0.149253,-0.03634485,0.14308813,0.034596164,0.00081440434,0.16702817,-0.030506909,0.2655548,0.13386238,0,-0.0028701946,0.08294342,-0.06143841,0.2776203,-0.11490673,0.11376852,0.24258877,-0.08845517,-0.054810487,-0.26939124,0.12030923,0.06973722,0.16676679,0.07656719,-0.2799938,0.06276929,-0.10616963,0.005938705,0.04755675,0.07536519,0.10166985,-0.16287804,0.2829259,0.15069583,-0.14889953,0.13043557,0.08362532,-0.1921872,-0.046583273,0.06323377,-0.16515732,0.15936273,0.08091774,-0.053292125,0.37651327,0.16508178,0.06414041,-0.19486967,0.3374487,0.032302275,-0.1356597,-0.07001406,0.23667589,0.075882286,-0.12882009,-0.14446977,-0.013859957,0.07760003,-0.07850002,-0.00081157684,-0.22565918,0.067347884,0.10114817,-0.18997678,-0.08708451,0.19437212,0.22320047,0.18245462,-0.102502935,0.04160741,0.05999608,0.10899754,-0.09546263,-0.0110892,0.0651897,0.038245447,0.052861355,0.20125322,-0.006398998,-0.2380343,0.052704915,-0.04508269,0.121946484,-0.09307377,0.11930047,-0.033264495,0.02085713,0.20438682,-0.09028022,0.120080456,-0.1515016,0.08591795,-0.01312992,-0.07015835,-0.17652917,-0.08246749,-0.12124857,-0.06978913,0.24479946,-0.23476481,-0.089660875,0.17647311,0.11520173,0.16608685,0.055504143,0.06682257,-0.22590822,-0.120143175,-0.11796956,-0.25393355,0.042447157,-0.12944174,-0.17377755,0.30928686,-0.22982201,-0.059649765,0.33790204,0.14872095,0.013561327,-0.063121036,-0.1375801,0.23256204,0.07351305,0.21926303,0.24432495,0.13596913,0.14686139,-0.25368813,-0.031462952,-0.053074185,0.2831704,-0.038220786,0.02050209,0.030781426,-0.067477256,-0.010664879,0.3614827,-0.015405392,0.25021014,0.02970643,0.10947846,0.08019869,0.12429715,0.011421899
"(114.12596428212449, 22.64469785379508)",-0.19923592,0.06556082,-0.008333832,-0.07143282,0.15095967,0.2811423,-0.2962572,0.081560895,0.24908404,0.0724985,0.034784324,-0.11594692,-0.26428875,-0.011774406,-0.14233345,-0.13904303,0.20827846,0.15866132,0.1887747,0.077048,0.21136707,0.17550592,0.0073577575,-0.19515607,0.0063955523,0.03613596,0.28503668,0.023276053,-0.14820968,-0.27088878,-0.029646914,-0.116238356,0.5531092,0.025356645,0.05324296,-0.083423086,0.10549699,-0.23669465,-0.007859159,-0.19700357,-0.21282738,0.13431418,-0.2191093,-0.037835717,-0.19077155,-0.06928848,0.06753504,-0.057515938,-0.33544672,0.1585093,0.12087771,0.084144115,0.07753133,-0.016911246,-0.27232087,-0.28266758,-0.17435956,0.24549988,0.01157482,-0.28701967,0.060761604,0.008944084,-0.008726511,-0.042271405,0.09611918,-0.3101899,-0.0013999194,0.07194434,0.19060996,-0.0024425797,0.0025923327,0.13455246,0.15721266,0,0.034910508,-0.10357785,-0.22819622,-0.17693469,-0.29974553,0.06292323,0.07630423,0.15007314,0.04939014,-0.25568503,-0.055016566,-0.31702626,0.035478234,0.21760085,-0.3897878,-0.12351898,0,-0.16772628,0.10444379,-0.052294336,-0.09955416,0.51659685,-0.078678764,-0.056497008,0.036974438,0.20956588,0.4284214,0.06489115,0.07394354,-0.2707625,0.017044902,-0.04651755,0.2328235,0.273757,0.11652256,-0.09751293,0.24735352,-0.09208191,-0.15236874,-0.069509305,-0.3062603,0.34370658,-0.24036063,0.12633434,-0.08216101,-0.32102296,0.42855716,0.20473698,0.022800107,0.3357494,0.11876389,-0.05072573,0.11251597,0.047545332,-0.07303659,-0.0724939,-0.21024813,-0.14788865,0.3249659,-0.0991858,-0.11697161,0.09172644,0.20121938,0.03380687,-0.30795994,0.1366581,0.43914768,0.08779049,0.08362074,-0.23712814,-0.049664564,-0.5401881,0.10281738,-0.19954251,0.5531981,0.2767135,-0.38653433,0.037173666,0.40353948,-0.045275033,0.28731793,-0.10238929,-0.13937968,0.045859702,-0.036228873,-0.01772748,-0.38839266,0.5707984,-0.026990421,-0.095753446,0.06173551,0.18815868,0.26613173,0.0152395815,-0.07739279,-0.45439923,0.075642355,-0.2450744,-0.5268619,-0.101626486,-0.32057166,-0.12821268,-0.0075430125,0.11626036,-0.077170275,-0.15157957,0.25617427,0.039116524,0.01953357,-0.103976935,0.1939092,-0.27001488,-0.021073341,0.07055364,0.18156442,0,-0.08383615,-0.26357532,0.3321669,0.30917224,0.17041421,0.102581896,-0.06933524,0.17791793,0.24963239,-0.25008395,0.27436954,0.052654184,-0.012033442,0.07379414,0.034026325,-0.0015306771,0.010821283,-0.10556489,0.4021339,0.14965777,0.13595042,-0.114472054,0.15127116,0.017535672,-0.08869647,-0.29911476,0.032700583,0.21152163,0.11725318,-0.28235412,-0.0023732781,-0.22064348,0.2936246,0.112128764,0.33181486,-0.15372425,0.33904812,-0.06303336,0.15438658,0.11050175,-0.1038892,0.031034436,-0.07873235,0.30582586,0.2915874,-0.04409521,-0.14876603,0.30405444,-0.39511567,0.21422458,-0.29895088,-0.09251917,0.0069632847,0.41047108,-0.10794316,-0.16521558,-0.13586253,0.02721214,-0.15511441,-0.51469064,-0.32634196,-0.022237837,-0.06536776,0.12445242,-0.14615801,0.14909378,0.13208961,0.17298996,-0.048896804,-0.32714468,0.0042040646,0.12905529,0.035139065,0.14384018,0.2683282,0.095407695,0.4680613,-0.005554326,0.1275549,0,-0.029479474,-0.028928196,-0.11325676,0.09787515,-0.06470309,0.02262383,0.05648236,0.090146035,0.23832014,-0.25493503,0.11816423,0.15231754,0.33479604,0.06948294,0.38656834,0.00934639,-0.36836398,0.081420064,0.39121896,-0.06019839,-0.15096453,-0.1510332,-0.31714433,0.0761049,0.2259138,0.2113038,0.34024265,-0.22686362,0.0733234,0.1412034,0.044361636,-0.055302426,-0.10476811,-0.0093188435,0.33885756,0.039832927,-0.16810305,0.029088315,0.062621266,0.0723268,-0.07527287,0.52442735,0.09390452,0.37586167,-0.17953296,-0.10996155,-0.06889677,-0.3289781,-0.3505926,-0.2114718,0.01018317,-0.0925134,0.3324576,0.028951459,-0.075569026,0.18441339,0.1790658,0.21723822,-0.28017712,-0.18323226,0.2473173,0.20775802,-0.017294124,0.13229617,-0.27356493,-0.00050032884,0.10246526,0.25324625,0.11417527,0.18457453,0.17629954,-0.0718847,0.1525065,-0.041657135,0.18654823,-0.14269431,-0.5503426,-0.0041824016,-0.17606634,0.39144114,0.38987932,0.23502724,0.16733319,-0.15414701,-0.1930244,0.30327347,0.0689718,-0.35817942,-0.15201741,-0.10829823,-0.38971123,0.12701692,0.10801776,0.09777673,-0.27725336,0.47344005,-0.06141589,0.27495784,-0.2168585,-0.2945208,-0.21292567,-0.16672373,-0.018604875,0.19598165,-0.2310341,-0.49013132,0.0052603595,0.119526386,0.15828915,0.30855918,-0.008227725,0.1962421,0.16552305,0.37888643,-0.054921046,0.1933781,0.3845271,0.103471726,-0.39564663,-0.1972974,0.11831186,0.24595131,-0.28857,-0.11227125,0.31730807,0.22669394,0.028929185,0.47367337,0.05988431,0.16763142,0.06815405,-0.16668752,0.2321687,0.07414106
"(114.13285139020364, 22.60923375457916)",-0.07155091,-0.051970474,-0.021298457,0.042815857,0.28258657,0.211691,-0.046794318,0.09075277,0.17169096,0.20923348,0.025479674,-0.13276598,-0.19497171,-0.023323175,0.028433643,-0.0920313,0.047470525,0.06841575,0.061392136,0.02347358,0.06866815,0.12147447,-0.031933025,-0.2630743,0.117102295,0.0030406974,0.07214124,0.03075298,-0.23933747,-0.027847879,0.082883984,-0.14046454,0.31495103,0.13337126,0.15056497,0.119125724,-0.015371494,-0.30789733,0.162471,-0.0436842,-0.023068987,-0.05440747,-0.20150927,0.015319422,-0.05025027,-0.14544722,0.05859258,-0.006774429,-0.14965913,0.08280504,0.07265918,0.10071097,-0.0044182055,0.058386277,-0.012774281,-0.098498404,-0.07961244,0.0226828,0.1870613,-0.36856264,-0.13336034,-0.072486,-0.07800813,0.04881242,0.076904714,-0.20909005,0.089865625,0.08732414,0.08869481,-0.05286299,0.029983297,0.111109875,0.15436468,0,-0.04209993,-0.12906812,0.0018943734,-0.17195979,-0.27895215,0.18760744,0.04274207,0.006451763,0.0024120994,-0.31789505,-0.05480938,-0.14528082,0.1880083,-0.088267736,-0.29819694,-0.099936984,0,-0.15856251,0.018629145,-0.1873502,-0.090185426,0.15894689,-0.15027873,-0.020397946,-0.08148002,0.1481597,0.3470867,-0.026285157,-0.027541671,-0.054838233,0.04193656,0.092167705,0.1285424,0.3143227,0.2839835,0.05954438,0.15517384,-0.13569608,-0.22102988,0.008902203,-0.16743742,0.26803166,0.061039343,0.31986544,0.051755376,-0.21418932,0.37682784,0.23007375,0.19125777,0.3368929,-0.077129714,0.011931315,0.08196682,0.02651268,0.028449804,0.08074972,-0.20923643,-0.094106406,0.19792935,-0.18941364,-0.18071944,0.24767892,0.1529684,0.054675993,-0.098425016,0.16967358,0.3010157,0.07078822,-0.12230256,-0.050237633,-0.081807084,-0.4032088,0.00573699,-0.16193204,0.28370804,0.27391,-0.24516757,0.0029429346,0.14952439,-0.08861184,0.20267217,-0.23583907,-0.0892064,0.04199092,-0.018307306,0.19865693,-0.30319795,0.28970978,0.13373676,-0.016787414,0.11501512,0.2061842,0.017738199,0.23789485,-0.05741051,-0.32831302,0.10748254,-0.14217992,-0.21451065,-0.04265008,-0.34186602,-0.1622591,0.04277061,0.119951375,-0.02281122,0.011581492,0.120167226,0.0023362786,0.008379344,0.107261635,0.058176957,-0.14635321,0.06497137,0.04134313,0.18580458,0,-0.029312372,-0.19753265,0.24175602,0.13322122,-0.036115207,0.07116675,-0.036790997,0.19577351,0.18293938,-0.16189894,0.042448893,0.01397334,0.04474639,0.021557858,-0.20161183,-0.111697465,-0.066934556,-0.09323373,0.38197324,0.15104872,0.022172019,-0.069876626,-0.0218165,0.13623857,0.22263119,-0.0119519085,0.091301605,0.08924824,0.20243058,-0.25813055,-0.036177147,-0.10540985,0.40947726,0.0052434765,0.215407,-0.07409243,0.2322425,-0.12619261,-0.018075727,0.13877255,-0.1807044,0.10091003,-0.15624267,0.23531684,0.11492135,-0.1263214,-0.08906524,0.11629954,-0.22005653,0.17658532,-0.106200285,-0.056459837,-0.039741352,0.28778738,-0.23980804,-0.14719552,-0.31583405,-0.01343191,-0.2262932,-0.2052993,-0.26117945,-0.028291047,-0.20286529,0.23711725,-0.089053,0.10039625,0.10503817,0.38203222,0.008939609,-0.22211456,-0.083528884,-0.030748554,0.09005882,0.06746533,0.10120699,0.20549637,0.19343689,0.15008442,0.08315421,0,-0.015585452,0.0011432637,-0.18578619,0.2583619,-0.14306962,0.15361914,0.19290292,-0.027043391,0.08131147,-0.36861947,0.11755423,0.12478293,0.28437892,0.08766586,-0.018418726,0.06997001,-0.23945186,0.027024034,0.14853825,0.052248515,0.012198392,-0.19507842,-0.018553145,0.012874991,0.10318323,0.123091266,0.16279273,-0.3021598,-0.0020130444,0.09067199,-0.097282335,0.0834361,-0.027980264,-0.08116655,0.38988206,0.09319816,-0.007849824,-0.12879346,0.22839934,0.06764647,-0.1900988,0.2081006,0.21398115,0.19122833,-0.22041334,-0.14569984,-0.13629815,-0.107958004,-0.20507368,-0.09734535,-0.15541185,0.026290692,0.31014696,-0.21160421,-0.11154025,0.25596935,0.22226778,0.23169431,-0.24640992,-0.0029440671,0.17460203,0.09864345,-0.049197674,0.01217526,-0.09482083,-0.0042452365,0.08561004,0.27901155,0.035442255,-0.06509999,0.07814153,-0.07699741,0.13566045,-0.10910143,0.15883036,-0.10907166,-0.27309737,0.14525583,-0.16865413,0.25133395,0.05191381,0.13416936,0.02201794,-0.10411774,-0.2371769,0.1572615,-0.07167799,-0.27961957,0.076129146,-0.21210295,-0.21212098,0.117839076,0.15308127,0.16262652,-0.04064592,0.2852209,-0.18928507,0.05353893,-0.25795552,-0.3439709,-0.09862041,-0.21835132,-0.071426064,0.3700701,-0.31964526,-0.24192275,0.20421878,0.09694712,0.041598413,0.12565209,-0.057257507,0.21184033,0.091058604,0.34696183,0.106003284,0.19984509,0.23907068,-0.07423828,-0.23798582,-0.07189146,0.23166542,0.007027477,-0.10313006,-0.02038169,0.15343732,0.055487424,0.26698565,0.15062943,0.2515745,0.028471693,0.073087424,-0.027076922,0.19565082,0.05263882
"(114.13366415905504, 22.566266301836325)",-0.028981991,0.040746078,0.029133346,0.107557274,0.37565574,0.15278472,0.061752893,0.07351436,0.118187696,0.24778543,0.014525808,-0.006381225,-4.887581e-06,-0.099955834,0.1945894,-0.08377972,0.066583544,0.06728375,-0.10110848,0.027485657,-0.2280407,0.023391772,-0.12507609,-0.23337772,0.14187536,-0.008697391,-0.10886832,0.10023142,-0.1722069,0.052970476,0.093375444,-0.057921663,0.13190839,-0.054745838,0.12487179,0.15858012,-0.0054854043,-0.30804026,0.11474234,0.030685753,0.08265238,-0.09036412,-0.2157465,0.09810146,0.07238078,-0.17227776,-0.077469796,-0.06455608,-0.05408922,0.054805897,0.07711744,0.13797373,-0.05013257,0.1693056,-0.009328373,0.02961478,0.11733526,0.08812337,0.2278239,-0.14910269,-0.06803897,-0.05252945,-0.13953988,-0.02457647,0.0010398254,-0.037617076,0.0034912005,0.07254298,0.02741002,0.059986595,-0.022976033,0.15779516,0.09517432,0,-0.0689171,-0.16534396,0.02541205,-0.13969973,-0.10718107,0.051619314,0.12483072,-0.008390002,0.061205424,-0.2957698,0.052839044,0.1949043,0.16752288,-0.24004221,-0.16526741,-0.04576961,0,-0.16357103,0.026987948,-0.15124236,-0.025182504,-0.13556254,-0.15450975,0.078876,0.015991235,-0.0013389103,0.15735164,-0.1185993,-0.010263976,-0.049477294,0.01687567,0.16604368,0.118711606,0.25821766,0.23459227,0.19005008,-0.0010578064,-0.007864237,-0.20189407,0.09521633,-0.085748814,0.12872715,0.20350204,0.35128778,0.1115082,-0.13959107,0.11946003,0.18379338,0.19081216,0.310925,-0.2501784,-0.023373157,0.15240748,0.021391913,0.084588684,0.03548326,-0.16706884,0.00041569583,-0.16512145,-0.24967012,-0.28246772,0.24820338,0.0030494332,0.050578054,0.19375445,0.16208473,0.2703121,0.118701965,-0.05101317,0.025914721,-0.18379262,-0.23081699,-0.039927855,-0.119956076,0.1369905,0.04607334,0.068324074,0.030923747,-0.0454403,-0.048071697,0.017401952,-0.1074857,0.08520907,-0.10595159,0.08204237,0.22486354,-0.102206185,0.111394584,0.09157468,0.015884679,0.021862723,0.32261384,-0.18107863,0.39628446,-0.05856636,-0.21545804,0.11868251,0.050665885,-0.073536515,0.10473575,-0.28574467,-0.092570335,0.021123677,0.05674548,0.07298989,0.13726446,0.009268163,-0.07258215,0.079580545,0.2473363,0.06038209,-0.016025584,0.072540164,0.016093379,0.27265388,0,0.045095664,-0.19582167,0.10644946,0.104810104,-0.20307007,0.2785541,-0.026054531,0.23733526,0.22914864,-0.15456408,-0.15449563,-0.039276063,0.066980556,-0.07737543,-0.3037026,-0.2442021,0.01641734,-0.042317748,0.22600356,0.21159473,-0.014040798,0.048303984,0.010476112,0.1539323,0.3429825,0.10653684,0.096379906,-0.08592602,0.21835606,-0.19051707,-0.079515815,0.106170945,0.22424181,0.1683034,0.13308387,0.044244695,0.0012413226,-0.23322773,0.020174816,0.16684383,-0.1484804,0.21678045,-0.13036753,0.1615656,-0.0065174177,-0.20707966,-0.056395505,-0.05745574,-0.07210414,0.013618514,0.0020874739,-0.037143685,0.05851545,0.29229158,-0.25038785,-0.0027638748,-0.47037065,0.013543826,-0.16161516,0.088260256,-0.15247762,-0.0057262927,-0.1968561,0.24540456,-0.058846377,0.09194451,0.20357504,0.4711858,0.0017304346,-0.09640562,-0.08694095,-0.03341294,0.04063451,0.033268236,-0.024905045,0.31511793,-0.007419303,0.23805973,0.11400128,0,0.08953083,0.05204814,-0.05827958,0.07647677,-0.052488834,0.14699957,0.26408726,-0.25635493,0.03283102,-0.36403066,0.1076504,-0.0054202965,0.2617425,0.21942298,-0.25337645,0.052030765,-0.18724912,0.015102532,-0.04871665,0.11050607,0.07218434,-0.11969082,0.16643941,-0.04242512,0.062184602,0.27008927,-0.010944208,-0.081042096,-0.10649265,0.032049417,-0.23897934,0.076152414,0.016852334,0.040053904,0.43715897,0.064886816,0.1447242,-0.29129535,0.3175194,0.102033235,-0.19442403,0.12239233,0.22472978,-0.04993205,0.022344992,-0.087105684,-0.06904343,0.0021829307,0.0021086074,-0.024606489,-0.3776948,0.074294254,0.20527843,-0.19850174,0.010646202,0.20844965,0.14290169,0.12731479,-0.13840304,0.073382825,-0.008636985,0.081510864,-0.06561752,0.033968143,0.13218531,0.11173508,0.028813472,0.2513968,-0.027112752,-0.25763854,0.06640684,-0.07439984,0.12817445,-0.0650323,0.037001222,-0.010208204,-0.07365048,0.20619099,-0.055216752,0.1412628,-0.07042149,0.09411006,0.03507434,-0.15551856,-0.09618337,-0.05992898,-0.029182859,-0.1922355,0.18185252,-0.22102207,-0.061424695,0.12762913,0.23658764,0.097260565,0.00459639,0.070021704,-0.06784654,-0.09902097,-0.08226901,-0.21828274,0.013278849,-0.0468146,-0.21920347,0.33167595,-0.23426777,-0.07989527,0.29535133,0.2361906,-0.0736749,0.021869171,-0.2395954,0.1938804,0.10283483,0.35708,0.19564472,0.058091763,0.17131764,-0.12082064,-0.16983193,-0.030282822,0.27669778,-0.10244601,0.04910001,-0.09084089,0.12252536,-0.011250026,0.2636818,-0.0646538,0.23821664,-0.13030623,-0.0044142343,0.024129324,0.21399018,-0.0046479637
"(114.1365544576452, 22.630888685387617)",-0.21790692,0.0483886,-0.12065743,0.041402295,0.28714868,0.3768888,0.06620169,0.098672695,0.23324905,0.28260773,-0.0392939,-0.20106043,-0.12652078,0.009217881,0.0070673674,-0.19665118,0.10415064,-0.0203714,0.016844485,-0.10811141,-0.03038717,0.18332918,-0.053848363,-0.33479264,0.053996574,-0.1334103,0.0067809448,0.14463927,-0.14222147,0.059866957,0.10900678,-0.09296255,-0.116459146,-0.025636004,0.09843339,0.22069818,0.0717681,-0.22444488,0.10448845,-0.111330554,0.12519965,-0.121827655,-0.24671605,0.066676356,0.050182357,-0.17080088,0.018212818,-0.07043818,-0.088525444,0.025119448,-0.05161427,0.063533604,-0.05577716,0.17611597,0.1559399,0.040295478,0.03774255,0.20269349,0.26867914,-0.2819339,-0.08171274,-0.044507526,-0.08101912,0.00096331537,-0.01755506,0.011818446,0.14439273,0.024031904,0.0039902516,0.18308587,-0.14885035,0.22070105,0.042771824,0,-0.24831347,-0.08809869,-0.08845197,-0.13446625,-0.13229558,0.12600246,0.10270774,-0.057308435,-0.11628778,-0.1337407,-0.033002444,0.013193861,0.12949185,-0.110417895,-0.26552188,-0.1590164,0,-0.02282586,0.10631675,-0.26196784,-0.18729201,-0.10522288,-0.009410224,0.13444546,-0.009250348,-0.0009918027,0.11818504,-0.14899597,-0.06405929,-0.07858763,-0.11599409,0.10640907,0.059716806,0.14090043,0.12945087,0.1705002,0.14098497,-0.20007049,-0.2393252,0.051028755,-0.16473916,0.19769177,0.19417466,0.21248284,0.17099664,-0.017567977,0.32890505,0.28865835,0.20286624,0.3274348,-0.0679853,-0.09422815,-0.01592971,0.015127819,0.04377477,-0.059922554,0.03652593,-0.014633821,0.0372426,-0.13704413,-0.07580897,0.14127134,-0.13792579,0.06642632,0.04957996,0.14616114,-0.0126779135,0.1036697,-0.15960714,0.09909361,0.06456714,-0.38827813,0.024715202,-0.24248987,0.06710413,0.23942605,-0.06333394,-0.04075893,-0.17274432,-0.06325297,0.11826521,-0.2695367,-0.10911672,-0.10886403,0.10976144,0.1297448,-0.26052773,0.12867826,0.22062103,0.20973846,0.100427635,0.3064086,-0.18653391,0.38612115,-0.212815,-0.1910437,-0.014829276,0.16783144,-0.11415148,0.09436635,-0.0005724281,-0.23857865,0.055811003,-0.022634132,-0.19615644,0.25728923,-0.09041835,0.06615683,-0.05560176,-0.009188455,0.03230717,0.04368787,0.04336424,-0.10881973,0.09137248,0,0.054570947,-0.34194776,0.15816468,0.15221174,-0.2609798,0.042389333,-0.18168224,0.18438762,-0.025989108,-0.03594908,-0.016513469,0.1585796,0.027517552,0.051189825,-0.17642425,-0.18154483,0.08817963,-0.014223538,0.21244603,-0.054717258,0.07182321,0.050558142,0.12080285,0.25646266,0.3974644,0.16114357,0.08938403,-0.04412342,0.25442532,-0.31192228,-0.18054883,-0.034394287,0.005087035,0.04641631,0.13935797,0.14582062,-0.032871842,-0.111150585,0.009403914,0.040849295,0.16035129,0.076445095,-0.3463277,0.015285147,-0.14018688,-0.20003442,-0.1348542,0.015582144,-0.03167984,-0.15898722,-0.20339641,-0.0969216,0.0042450745,0.0887273,-0.2386435,-0.01184278,-0.4817052,0.002777487,-0.11273479,-0.025500119,-0.11166426,0.04278323,-0.041435927,0.19774733,-0.008130945,0.07481346,0.13244867,0.29902273,0.04158154,0.08692581,-0.2084406,-0.042576425,0.19848424,0.027463011,0.03395204,0.058211643,0.11951897,0.36551037,0.3270515,0,-0.13240793,0.113112055,0.060177762,0.1685983,-0.06897186,0.11101299,0.08826341,-0.18140702,0.07671329,-0.11233139,0.19137007,0.10334254,0.15453675,0.07059138,-0.041883018,-0.092049636,-0.16323102,-0.022100715,0.11238316,0.15787202,0.009906754,-0.20461328,0.2522291,0.35595545,-0.22550777,0.2996783,0.16826059,-0.19182912,0.0078121554,0.060684398,-0.15041474,0.14284483,-0.014827654,0.018501267,0.584849,0.17822011,-0.11085786,-0.2856402,0.35428646,-0.004193343,-0.22379129,-0.08029531,0.21080416,0.1569455,-0.0544409,-0.14033672,0.051264986,-0.011889301,-0.20104986,0.019641653,-0.2539525,0.04228805,0.16244452,-0.21074206,-0.05655139,0.29061198,0.23315749,0.262905,-0.046517335,-0.02236367,0.09657821,0.19662195,-0.047045358,0.16037805,0.035265334,-0.015059181,0.043736286,0.1690339,-0.048811678,-0.086663775,0.09746384,-0.043376982,0.13275023,-0.18074386,0.09306857,-0.027363382,-0.06371626,0.29705772,-0.035077803,0.19090106,-0.035067063,0.123260245,-0.002025172,-0.10574523,-0.14438805,-0.11721598,-0.05923666,-0.022782508,0.10829387,-0.2309081,-0.1278303,0.10183746,0.1138123,0.08638725,-0.18732744,0.0756937,-0.19115004,-0.11411671,0.027408458,-0.25955522,0.065059625,-0.079140685,-0.34993765,0.27497563,-0.055120178,-0.11778714,0.3378886,0.26298797,0.032696236,-0.08755502,-0.10789123,0.22348534,0.14476173,0.27351105,0.08887686,0.1572618,0.23776893,-0.27735847,-0.14036573,-0.20127971,0.36429247,-0.051372096,-0.18536572,-0.087532125,-0.050944686,-0.06627533,0.17150846,0.15157396,0.19509736,0.100255,0.061023634,-0.03877397,0.29966512,0.012653018
"(114.14720925599568, 22.58853150557559)",-0.09553144,-0.0049593914,-0.03871022,0.07585504,0.2868627,0.105866715,0.018077508,0.090784505,0.099371776,0.2090912,0.024396405,-0.10041599,-0.24520926,-0.09808536,0.12358939,-0.05298705,0.038007647,0.041519895,-0.12433337,-0.1405328,-0.17762879,0.1168428,-0.010133553,-0.28203148,0.1694533,-0.057964478,0.010967322,0.032324895,-0.15749517,0.057119735,0.15371573,-0.08529593,-0.021938793,0.09189517,0.21616432,0.22425354,0.11002877,-0.43030816,0.21154255,0.05399687,0.20817563,-0.08618843,-0.16601491,0.06876651,0.10527795,-0.055464298,-0.06340407,-0.07575099,-3.4965575e-05,0.1398031,0.060335085,0.12710074,-0.052057575,0.18106753,0.19153386,0.11477506,0.095713854,-0.03248992,0.28059766,-0.3289416,-0.10396807,-0.0526932,-0.07731132,-0.019855246,0.03774591,-0.1285072,0.2090407,-0.019916777,0.06154643,0.06619018,-0.007007681,0.13163564,0.11022886,0,-0.05214902,-0.16565882,0.06818797,-0.15915214,-0.14573759,0.10665733,0.029263776,-0.028377563,0.025599811,-0.26434028,-0.03025689,0.09766835,0.19415529,-0.11468927,-0.13769424,-0.13670394,0,0.008471824,0.11999953,-0.08118261,-0.046544556,-0.05153381,-0.15460573,0.046226814,-0.079730816,0.15268552,0.11807215,-0.09985573,-0.049649823,-0.0039348975,0.007921711,0.21420631,0.0810938,0.21108098,0.29367828,0.24179809,0.19121046,-0.101347655,-0.24986684,0.103432454,-0.12396507,0.2660939,0.106438965,0.34062415,0.10629683,-0.066837296,0.28372133,0.22749768,0.19952315,0.23475505,-0.18411724,0.023908548,0.019574892,0.041410983,0.06668322,-0.016438715,-0.11800103,-0.03775519,0.089632854,-0.19722098,-0.21802902,0.12326402,0.06922259,0.15045935,0.1500555,0.25207108,0.19122635,0.084197484,-0.03972569,0.111360215,-0.006670378,-0.1746862,0.008424869,-0.2518961,0.025941584,0.15357268,-0.13069043,-0.06510237,0.100726895,-0.09888241,0.17244813,-0.061216258,-0.043758005,0.0052991733,0.059308715,0.20523857,-0.08466542,0.14267549,0.15078706,0.08539949,0.07775584,0.2680409,-0.14537482,0.38567585,-0.031909183,-0.25732872,0.14412634,-0.06529066,0.08937016,-0.0015938058,-0.17014767,-0.08888787,0.0060908943,0.115206905,-0.030704051,0.20011732,0.04580596,-0.10378078,0.008534949,0.17838167,0.085103564,0.014699105,0.07401505,0.060828924,0.27126986,0,-0.013554936,-0.28361118,0.22386979,0.09713744,-0.13818884,0.20171806,0.08360125,0.26262927,0.22225253,-0.031249903,-0.13370217,-0.014496833,0.058878835,0.028296327,-0.36214453,-0.16207048,0.087853655,-0.0973038,0.28703088,0.16697529,0.13237473,0.035873614,0.037716016,0.16907968,0.4046893,0.23663223,0.15498139,-0.036564834,0.3147259,-0.29242823,-0.10761498,0.10519164,0.3712615,0.06978363,0.18250471,0.04560464,-0.07925393,-0.16007528,-0.092372306,0.19490746,-0.11893964,0.29231218,-0.27976957,0.14294589,0.042158157,-0.28337938,0.009079095,-0.012799464,-0.12712385,0.11626562,0.107688665,0.034113504,0.013592074,0.22733329,-0.22099158,-0.013061769,-0.45135176,0.05588032,-0.24591362,0.1664553,-0.18121094,0.048968002,-0.1671469,0.30489397,0.042919196,0.1803745,0.20878127,0.3493169,0.08890912,-0.046403237,-0.09082027,-0.02185107,0.077440456,0.097244814,0.03537349,0.29032737,0.019052036,0.17841119,0.15868983,0,0.022178933,0.02638943,-0.09954693,0.304473,-0.17913121,0.12134312,0.29407024,-0.056456644,-0.06535237,-0.30365962,0.1000056,0.04475492,0.26849568,0.14867058,-0.23016079,0.10546589,-0.20472795,0.043816585,0.16954404,0.05879716,0.13484007,-0.15889093,0.32375637,0.041798837,-0.08316927,0.19507885,0.11448088,-0.1767835,-0.12378976,0.08437917,-0.2101323,0.10626277,0.055146277,-0.083875,0.34731272,0.17103152,0.12660988,-0.21188395,0.28476122,-0.033443086,-0.17780916,0.0016622394,0.2641478,0.14218716,-0.1353577,-0.16463658,0.049592018,0.062296793,-0.11339401,-0.015905574,-0.2652554,0.0650451,0.09439239,-0.13631684,-0.11232903,0.1227864,0.24809074,0.17281216,-0.17348944,0.020136125,0.14411412,0.15769677,-0.129147,-0.014831917,-0.01458551,0.09313111,0.018240804,0.28448227,0.019369744,-0.22517395,0.033306085,-0.09048779,0.06592795,-0.05864224,0.06192404,-0.05888533,-0.1046492,0.13488138,-0.08292571,0.14680505,-0.11556287,0.0896097,0.016699217,-0.1757688,-0.19280034,-0.08945142,-0.093028605,-0.08292051,0.2318112,-0.15891531,-0.20913944,0.21811989,0.13640429,0.18824635,0.04261964,0.19068423,-0.21830535,-0.11671202,-0.17252873,-0.23659053,-0.056803174,-0.115323775,-0.113190435,0.23380232,-0.34138355,-0.12744486,0.2567916,0.15934916,0.018696133,0.03455283,-0.11848307,0.24185973,0.0774195,0.1534764,0.3252863,0.039096367,0.2112107,-0.20133868,-0.032508135,-0.029097818,0.22821859,0.025076605,0.027793154,0.07410385,-0.020343281,0.030195974,0.35386103,0.0026543606,0.22885516,0.063917235,0.10426465,0.07194729,0.16566597,0.070234224
"(114.15462849100828, 22.630435495528936)",0.11080925,0.19388902,0.009116713,0.058328405,-0.12609197,-0.32523966,0.03251317,-0.032928843,-0.1956676,0.2720396,-0.10053052,0.40730307,-0.30641717,-0.19290978,-0.29435077,0.04423883,0.1573673,0.39314124,-0.017254855,0.47373235,-0.009722911,-0.03142186,-0.15930344,0.32486203,0.06886254,0.053993236,-0.063315,-0.03510143,-0.27733693,0.016541675,0.1554575,0.069051765,0.046803467,-0.07299866,0.3381251,-0.0874638,0.036098704,0.038648136,0.07193975,0.16242883,-0.041100048,0.5999813,-0.15496477,0.01714535,-0.06540128,0.11804933,0.26799536,-0.22657676,-0.09741487,-0.04883325,-0.14090195,0.05347547,-0.004289996,-0.074695885,0.019043468,0.34236816,0.060505897,-0.014241539,-0.028191686,-0.25233582,-0.13599613,-0.12703215,0.0802374,-0.16617058,-0.04530249,0.07325677,-0.17882143,-0.16842704,0.045834947,-0.22148876,0.1379174,0.12313538,0.028534718,0,-0.3536158,-0.09777327,0.2180512,-0.18104824,-0.1314252,0.16324311,0.13759331,-0.020321757,0.3429424,-0.3921396,0.02204122,0.058415398,0.14267814,-0.121594615,-0.08300289,-0.19052804,0,0.17972028,-0.042445533,0.45991242,0.30030358,-0.23510411,-0.09690889,-0.03004016,0.0120883975,-0.11575101,-0.019225374,0.1890924,0.12451342,0.30124402,0.34133375,0.010881156,0.3637975,0.22737843,0.29204193,-0.22128284,0.12565795,0.014801212,-0.02498705,-0.26260737,-0.1214425,0.4681298,0.2908489,0.36696082,-0.19928479,-0.061683036,0.3847648,-0.00781042,0.22596604,0.07736226,-0.033948116,-0.06331432,-0.039467182,0.047075737,0.0071765557,0.30533406,-0.44906765,-0.09112058,0.16147971,0.015851952,-0.32977355,-0.17159157,0.48066598,0.24780965,0.04571253,-0.22664018,0.16170679,-0.019678544,0.3200742,0.019103639,0.019271746,0.05156,-0.027490245,0.033569273,0.2484806,0.3567763,0.37785488,0.19066572,0.056543216,-0.06263064,0.47767758,0.4206936,0.3339901,0.11595128,0.38681653,0.33407736,-0.2045478,0.2364318,-0.37529302,-0.41018078,-0.07485968,-0.3219841,-0.013734939,0.2385076,-0.38134444,-0.17320831,0.085567534,0.26697657,0.24159323,0.09089142,-0.12462595,0.10127008,0.31584722,0.090988986,-0.082373194,-0.024791263,0.60178125,0.06619487,0.11187142,0.036257707,0.31720433,-0.365608,0.215437,0.15203997,0.37389237,0,-0.19622432,-0.047025725,0.18400466,0.07483985,0.13698924,-0.02694914,0.43805897,0.28315136,0.032661546,0.034687974,-0.16034368,-0.19234502,-0.10235658,-0.08525437,-0.21829383,0.0062663406,-0.115698084,0.31358135,0.16497427,0.14672256,-0.0031977445,0.049178384,0.09820643,0.11966717,-0.4234801,-0.07673037,0.029408855,0.26837197,0.07152901,-0.20558196,-0.03631304,0.0886937,0.5767839,0.24499777,0.016403783,0.10113351,0.41903296,-0.010440545,0.05154311,-0.01020886,-0.032880437,-0.33667293,0.20420429,0.051344164,0.24694847,0.29382145,0.09312171,-0.024026476,-0.28885645,0.26758346,-0.030119583,-0.11683026,0.07323991,-0.0076853186,0.18023765,0.26724523,-0.11678748,0.26523888,-0.07868936,0.29212627,-0.19202423,-0.0703502,-0.34418017,0.26263404,0.23618191,0.028050937,0.22087213,0.030704664,-0.1267538,-0.27241609,0.13976645,0.44879293,0.057656843,0.109722994,0.04625125,-0.029117132,-0.088367864,-0.012649596,-0.27957675,0,0.13831505,-0.20572156,0.037860133,0.041321695,0.19837421,0.17733032,0.10781384,0.27431536,-0.11287477,-0.17478263,-0.038432878,-0.020110276,0.13295119,-0.103318214,0.0699476,0.24918462,0.27907392,-0.050921615,0.45954666,-0.1694757,-0.059408713,0.42202622,-0.18921831,-0.23014465,0.20918664,-0.32095918,0.06920807,-0.023496062,-0.19921245,0.27785382,0.14622891,0.40296927,-0.026456561,0.20192014,-0.08259668,-0.11891806,0.05355862,0.2152856,-0.14949588,0.34951252,0.06466836,0.1623811,0.14361672,0.30418488,-0.3075379,0.11761146,-0.1456388,-0.04361913,0.15048465,-0.15091842,0.2033427,-0.040483538,0.08236596,0.0895595,0.40969798,0.075316936,0.058311276,-0.05593455,-0.27228513,0.31333852,-0.18954323,0.27417028,-0.40916649,-0.038073853,0.23497134,-0.28569874,0.24424809,0.39693046,0.33503157,-0.15325318,0.2914697,0.08596457,0.020923153,-0.025773538,-0.21441843,0.030065969,-0.0016367398,-0.093943894,-0.24038914,0.30735457,0.046049703,0.17706868,0.3438352,-0.25008637,0.11280925,0.0666536,0.008947492,0.03381907,-0.0954855,-0.16268744,-0.06329989,0.06727827,-0.30052152,0.23751336,0.17629513,0.24878581,-0.07402145,0.31574836,-0.31626,-0.2717257,-0.20831713,-0.060527973,0.19495323,0.2532905,-0.4239433,-0.4653591,0.011606496,-0.13421777,-0.06806944,0.31821448,0.14361377,0.04002108,-0.21967971,0.08734797,0.35185394,0.19739586,0.10721613,-0.3433916,-0.18255523,0.1423778,0.2177684,0.23420726,-0.27108312,-0.060798675,0.2246789,-0.011832244,0.36632773,0.20719054,0.085448,-0.022487093,0.17620818,0.11852546,-0.08077714,0.15055326
"(114.20600779910328, 22.67020641766292)",0.1425257,0.13232982,0.014693867,0.09005385,0.10281163,-0.41960138,0.14034528,0.05707547,-0.17238787,0.16738115,0.018595897,0.32534534,-0.42940396,-0.34604168,0.005834453,0.22019215,0.071245,0.17493498,-0.31122255,0.06055339,-0.5084365,-0.049645104,0.008688372,0.10650982,0.22083998,-0.033029657,-0.11826258,-0.04737418,-0.16484675,0.12952414,0.20501097,0.14709097,-0.3253546,-0.008757269,0.37504256,0.042581856,0.14404798,-0.37063706,0.11483513,0.32090408,0.19441816,0.4033305,-0.037465185,-0.034671374,0.16046417,0.34315026,-0.055019543,-0.20725591,0.15315795,0.20235872,0.0073361844,0.16963482,0.0058889203,0.05717081,0.28704777,0.5212336,0.28991792,-0.20638877,0.057665583,-0.28745002,-0.13296032,-0.06776535,0.020041492,-0.20833255,0.033677418,-0.16894132,0.1721995,-0.27269936,0.123338446,-0.096451,0.09673198,0.121534936,0.06571836,0,-0.0399571,-0.2642086,0.36881164,-0.03890603,0.07829757,-0.013678126,0.07796423,-0.043122306,0.39674386,-0.3669629,0.0022345595,0.3648233,0.13025105,-0.1522061,0.16174048,-0.050758205,0,0.37521762,0.11533484,0.5277684,0.23629186,-0.35844478,-0.17415935,0.03922783,-0.043574266,0.07542069,-0.20982192,0.024542503,0.09467405,0.28209746,0.28798354,0.23516199,0.17401055,0.20203003,0.26829064,0.20574334,0.25251427,0.113281325,-0.05073651,0.013934389,-0.06656135,0.30379426,0.14519778,0.40207458,-0.07683317,0.09778501,0.21651925,-0.067536555,0.1577234,-0.09863179,-0.18000314,0.13233984,-0.14554763,0.09286133,0.11211734,0.20465168,-0.4310594,-0.126514,0.023455039,-0.09081674,-0.3482552,-0.31270358,0.53568715,0.33679786,0.40089524,0.117247604,0.26018482,-0.029524412,0.43576506,0.103256814,0.10150061,0.35169286,-0.08149665,-0.08592127,-0.124546945,0.123445205,0.19912075,0.058827907,0.29882348,0.0040761232,0.37109318,0.60586727,0.27564704,0.24440211,0.2973336,0.30944675,0.16717562,0.12304674,-0.20646952,-0.22604989,-0.04430963,-0.10868605,-0.10897952,0.3815971,-0.062198445,-0.13927451,0.22328714,0.023007987,0.6047944,0.07290387,0.0890722,0.28397673,0.15043415,0.20953444,0.011173554,0.15238085,0.39692172,-0.19367048,0.102579266,0.3121428,0.31954646,-0.08570275,0.22736645,0.25015348,0.507824,0,-0.14492486,-0.0409144,0.13646542,0.016973825,0.13748324,0.29926684,0.6568857,0.359594,0.3503283,0.14135408,-0.49194956,-0.31311095,0.0009326752,-0.14607804,-0.39369524,-0.054535016,0.19701773,0.10442671,0.08925737,0.2807634,0.16688731,0.20440607,0.0018987134,0.050141737,0.1432018,0.32255867,0.18132302,-0.061093844,0.30101576,-0.22079682,-0.028750084,0.41048595,0.65401906,0.24202347,0.057101328,0.05232939,-0.21452837,-0.11529643,-0.05953356,0.19118622,-0.057199594,0.2645739,-0.011807754,0.035785966,0.20604555,-0.054626375,0.25772706,-0.12031002,-0.2715808,0.34895226,0.58818895,0.10570709,0.14261317,0.049774006,0.17584018,0.30857423,-0.355505,0.28801668,-0.15543482,0.7489572,-0.13174355,-0.09613618,-0.23279728,0.3849907,0.34580377,0.1521419,0.38341752,0.1173179,0.037700728,-0.022098415,0.16308239,0.38380212,-0.03475953,0.1598873,-0.055405874,0.30467692,-0.261569,-0.13341388,-0.24789599,0,0.23626593,-0.25344667,-0.10516117,0.24647641,0.008856863,0.10347564,0.42296532,0.24173893,-0.2709678,-0.14771393,-0.013306319,-0.019170035,0.22162575,0.054381788,-0.37514675,0.35505852,0.060261518,0.069592744,0.4174856,-0.16303308,0.25311995,0.13872604,0.38346708,-0.19399399,0.015021689,-0.13720328,-0.14548366,0.0707068,-0.3637407,0.17097956,-0.10285188,0.21449603,0.23034887,0.08001125,-0.14918359,-0.006004067,0.28541294,0.14198078,-0.022672337,0.073289365,0.12622851,0.036309104,0.2506655,0.2218485,-0.14353405,-0.08402122,0.09434423,0.22892106,0.23680061,-0.11912287,-0.008318655,0.031612225,-0.21922106,0.15628687,0.27277315,-0.13688618,0.08579012,-0.11244789,-0.120669805,0.2856442,-0.115281776,0.113835804,-0.346089,-0.21428867,0.13851887,0.041731782,0.053695716,0.3812561,0.31168985,-0.37992862,0.13943994,0.042486094,-0.021127611,0.06479096,-0.17876245,0.017661318,-0.013838466,-0.16850023,-0.10192434,-0.009742934,-0.23877084,0.0413989,0.20435229,-0.21283641,-0.018412806,-0.18669084,-0.03689594,0.22432026,0.15980974,0.04710187,-0.07197001,0.21603797,-0.1676143,0.312993,0.3222675,0.12812917,-0.13153061,-0.040785607,-0.24954742,-0.048451535,-0.12865746,0.12955758,0.1545752,0.056382135,-0.5847338,-0.17304392,0.079275675,0.012392189,-0.06327902,0.20903453,-0.072168425,0.17720306,-0.1604721,-0.057129204,0.712428,-0.23158155,0.06516006,-0.29527006,0.30366597,0.2183709,0.09688802,0.25055605,0.14954688,0.17977117,-0.11788785,0.11527121,0.45535406,-0.113839105,0.14158157,0.08820425,0.13159193,0.3758645,-0.12822258,0.13576451
"(114.21771814969618, 22.60473312755612)",0.14691553,-0.02606189,-0.021591246,0.1468437,0.10952698,-0.13583082,0.15806897,0.040704735,0.052341834,0.35604858,-0.06795195,0.11096881,-0.19853535,-0.08748717,-0.138758,-0.073069386,-0.084411934,0.09968768,0.012364088,0.15034597,0.23311394,-0.014271734,-0.054276943,-0.06801076,-0.00754394,-0.04645338,-0.068060584,-0.015449955,-0.3123695,0.13198379,0.19381809,-0.0172759,-0.031548835,0.19883022,0.30124357,0.15220395,-0.059315227,-0.02620472,0.26933053,0.14663762,0.08649229,0.11618877,-0.1346973,-0.016569033,-0.011236884,-0.1788623,0.21458587,-0.0011734404,-0.11802037,-0.2461129,-0.11086112,0.01710138,-0.074586555,0.0024237335,0.32548872,0.19017771,0.00587966,-0.23141459,0.13168935,-0.3123976,-0.21059166,-0.16028406,-0.034690876,0.16146494,-0.040646434,0.08783681,0.0032944605,-0.03443458,-0.052893866,-0.17856707,0.13062294,0.03440909,0.06328692,0,-0.2622373,0.0028711222,0.21960032,-0.20746335,-0.37674782,0.32279435,-0.06840621,-0.13046148,0.021886636,-0.17935714,-0.038131006,-0.07082875,0.21769337,-0.2561182,-0.14672074,-0.15507615,0,0.09885061,-0.037296884,-0.17155905,0.10524697,-0.34360662,-0.12463924,-0.04017076,-0.2077961,-0.03120156,0.009478837,0.14868921,-0.17155725,0.2586698,0.07233408,0.1623401,0.20159897,0.27346972,0.39227107,-0.07715504,0.04435024,-0.21142952,-0.00898014,-0.18296418,-0.043862693,0.21752894,0.47923777,0.323044,-0.040115826,-0.06577281,0.3208272,0.13796267,0.2985907,0.16050287,-0.031106042,0.09477025,0.0013859235,0.018571516,-0.005641125,0.39758348,-0.18642792,0.027817046,0.30152848,-0.0846856,-0.15684645,0.13647503,0.22810936,0.011846911,0.120673835,-0.018379645,-0.005388912,0.002196174,-0.2054871,0.20815003,0.01083491,-0.18969047,-0.072448686,0.0757238,0.13918057,0.39408773,0.09837116,-0.009277575,-0.031618938,-0.20150627,0.20185627,-0.10783149,-0.007714905,0.14702848,0.104018874,0.3573165,-0.25963396,0.0014533922,0.08545328,-0.15080503,0.2060123,-0.10293021,-0.040796816,0.21815328,-0.1390132,-0.08812445,0.07909936,0.21033333,0.27586818,0.061135314,-0.10305078,-0.068018675,0.16860439,0.090135045,-0.03342583,-0.034304716,0.33666313,0.021800958,0.054521818,0.0043071583,-0.013545252,-0.11775862,0.15588808,0.04876487,0.15711567,0,-0.07205987,-0.012801744,0.1484268,-0.045203615,-0.019655876,-0.2076127,0.076086015,0.015664391,-0.1244757,0.089796595,-0.041783392,-0.014055386,0.0032042246,-0.10452316,-0.16822569,0.04126954,-0.18934147,0.20873885,0.18016446,0.02866027,-0.071480796,0.14632131,-0.094927385,0.16849397,0.1563263,0.1535405,0.05762022,0.18087421,0.15911737,-0.18327755,0.014412891,0.039082505,0.4800065,-0.12173273,0.11202735,0.168605,0.33912668,-0.03169567,-0.10480494,-0.0274989,-0.07706654,-0.21458331,-0.044963226,-0.021246152,-0.09199677,0.12239353,0.022151541,0.0039891973,-0.0066427886,0.107925616,-0.025040649,-0.103373826,-0.119629756,0.0067941807,-0.14105469,0.023534901,-0.19568186,0.096384674,-0.046669707,0.21535525,-0.11349293,-0.021112114,-0.20058472,0.2015294,0.022316255,0.03989917,0.03192105,0.25214964,0.045109004,-0.05298572,-0.1412782,0.069310404,0.17727235,-0.018452838,0.030346151,-0.04978566,-0.026501313,0.33506423,-0.12064409,0,-0.010961764,0.05197472,-0.02910848,0.31904092,0.08631465,0.12224043,0.1374717,0.0048026294,-0.14266531,-0.25649697,0.09505975,0.11390997,0.027822303,-0.07874583,-0.21199034,0.16036703,0.19076677,-0.09521423,0.07939349,-0.025209023,0.053324006,0.089983895,-0.003763035,-0.015000381,-0.060158066,-0.22193682,0.15153074,-0.20986322,0.020598112,0.16453673,0.037130557,0.33473033,0.038149852,-0.03829342,0.19232476,0.063876204,0.02298193,0.059811834,0.17178035,0.30787107,-0.019791946,-0.1258078,0.15965247,0.017677872,-0.40654063,0.050485842,-0.22819439,0.025977239,-0.019432094,-0.050696597,0.12662534,0.054822374,0.10287203,-0.22787091,0.07885677,0.25681618,0.055348672,0.20954132,-0.12619884,0.13362423,-0.032249365,0.046902895,-0.14210576,-0.08305315,0.20885657,-0.19814274,0.17373754,0.18063404,0.08997876,-0.18541884,0.13248649,0.058996163,0.17405398,-0.11113076,0.12690832,-0.026714034,0.21999212,0.1460358,-0.18558002,0.24333833,-0.14429112,0.1414016,0.078228995,0.03025829,-0.106107526,0.07691583,-0.15359993,-0.062000614,0.21276084,-0.3226546,0.020728573,0.13324535,-0.04203581,0.24385491,0.23713619,0.09719387,-0.25585377,0.083722204,-0.26200807,-0.32903677,0.025061034,-0.23686552,-0.0106987655,0.4698436,-0.22546923,-0.074028075,0.304282,-0.1356368,-0.0051509105,-0.007836815,-0.05763327,0.10770102,-0.06022414,0.21335202,0.14115277,0.3926051,-0.024630614,-0.30898502,-0.22340328,0.1206332,0.2551616,0.0021039248,-0.055801332,0.014996611,-0.057973914,-0.06744995,0.40815192,0.016153472,0.2240018,-0.09597467,0.23592547,0.09832711,-0.052195348,0.018596068
"(114.29984787350897, 22.604421016746404)",0.22548929,-0.13616693,-0.05774837,0.17524213,0.30312756,-0.036973786,0.2845419,0.10621162,0.17435054,0.33118963,-0.020325381,0.012202304,-0.052146003,-0.014299989,-0.066575885,-0.036062203,-0.18005882,-0.13768727,0.07880418,0.03535782,0.20418829,-0.048749436,0.07545725,-0.20006919,-0.023722421,-0.091463044,-0.107214205,0.040506326,-0.21147232,0.16173957,0.15052748,0.04538228,-0.11548575,0.32325524,0.20460036,0.110839136,-0.12870768,-0.02203606,0.1943166,0.11651195,-0.031021573,-0.050973393,-0.06702678,-0.08984881,0.012819458,-0.16698535,0.14279705,0.09476037,-0.06673073,-0.258634,-0.06741206,0.046859488,-0.039734904,-0.02737546,0.2707874,0.10891269,-0.021719862,-0.25645298,0.055982392,-0.28894326,-0.26494008,-0.15632005,-0.11628972,0.27797478,0.018701514,-0.07278886,0.11610504,0.019791853,-0.036906604,-0.21610709,0.059938528,0.03662871,0.070674315,0,-0.14205149,-0.005994823,0.2647461,-0.019682474,-0.32713923,0.3208335,-0.062901035,-0.14234304,0.015256304,-0.14320213,-0.062566146,-0.05394306,0.14855126,-0.3478677,-0.11699105,0.00861714,0,0.082134,-0.065581135,-0.281603,-0.023522388,-0.28600398,-0.09703975,-0.026646674,-0.21672451,0.010822345,0.08727661,0.07873443,-0.15349646,0.23759224,0.0047571063,0.17521122,0.092087686,0.33095098,0.25933266,-0.0047581866,-0.006661783,-0.25258872,0.086176775,-0.0843906,0.09670744,-0.00028903317,0.4977675,0.31319198,0.041028865,0.008753505,0.28117275,0.10822773,0.26786235,0.17172754,0.034314126,0.20213696,-0.088254645,0.023004213,0.078646354,0.4905561,-0.18223703,-0.00997358,0.23845175,-0.022694089,-0.03571538,0.17454585,0.27236348,-0.055542056,0.15849887,0.110693015,-0.02285793,-0.06859203,-0.23896036,0.16736442,0.041289646,-0.21177441,-0.14857711,0.110668376,0.03332907,0.41137603,-0.019016068,-0.017380238,0.0097005665,-0.1567492,0.04856055,-0.18756716,-0.08145495,0.2592377,0.068427734,0.3747118,-0.26055208,0.0072069988,0.22294232,-0.034333516,0.3258136,0.012169281,-0.002859192,0.1620923,0.03627579,-0.0028325152,0.069112055,0.11938505,0.16887389,0.076135814,-0.056406647,-0.04366401,0.11690323,0.104413636,-0.011212431,-0.061626386,0.19026962,0.030981243,0.027309638,0.12381666,-0.12582654,-0.08857453,0.1479796,0.011864247,0.007931888,0,-0.004664179,0.1877589,0.03148777,-0.097225785,0.0044142976,-0.21420243,0.013944104,-0.09125913,-0.17164926,0.025978208,-0.10282753,-0.0047129095,0.06320717,-0.1898039,-0.035511434,0.1047979,-0.12616654,0.15944073,0.12217166,0.006163952,-0.12835516,0.19139796,-0.17703614,0.12616622,0.42552173,0.19067596,0.07413403,0.06898198,0.08737342,-0.09239947,0.09548122,-0.02185396,0.39767376,-0.24473426,0.07432285,0.12302126,0.18151581,-0.079640865,-0.056460626,-0.054978453,-0.040954623,-0.11901094,-0.031648982,-0.0845588,-0.17931631,0.16691431,0.012767371,0.021724954,-0.009013444,0.133436,0.098921984,-0.12624802,-0.13388915,-0.09296511,-0.15721032,-0.022931963,-0.20890358,0.03271048,-0.00204812,0.15280223,-0.06638729,-0.1657651,-0.10135625,0.14353716,-0.03376443,-0.026884608,-0.014489397,0.25802818,0.08912979,0.030958883,-0.14667758,-0.011562698,0.2209306,-0.071744435,-0.028125767,-0.028747758,-0.087436885,0.24584952,-0.17668039,0,-0.027252618,0.081728846,-0.13124192,0.33122596,0.04713186,0.09849082,0.21599643,-0.0038835444,-0.013039343,-0.21192226,0.14018764,0.2061649,-0.021734841,-0.14171001,-0.33403212,0.088406734,0.11853258,-0.07488466,-0.081922516,-0.0003041532,0.0854201,-0.16104323,-0.002333276,0.11237771,-0.09661738,-0.21843016,-0.0009413194,-0.28743672,0.06455357,0.06676823,0.045836054,0.2705913,0.1766474,-0.09813042,0.18835732,0.061522163,-0.04657955,0.10668108,0.23809926,0.1671089,0.034734953,-0.11215438,0.17005596,-0.020601736,-0.26336187,-0.10457633,-0.31241006,0.119287625,-0.0062359497,-0.051190555,0.088418655,0.05921937,0.113564655,-0.2756803,0.034827434,0.2709749,0.023305759,0.23591708,0.009650691,0.11225562,-0.01822247,-0.1383879,0.005755689,-0.11698614,0.1608641,-0.11952828,0.13662753,0.07212579,0.063008256,-0.14323895,0.05914802,0.11915929,0.2273709,-0.15421431,0.24876039,-0.04680433,0.15675606,0.21051364,-0.14302978,0.05762231,-0.16914214,0.0981639,-0.12350398,0.22868651,-0.18646982,0.13012412,-0.18531266,-0.08960573,0.18814436,-0.2141321,0.16343316,0.05381442,0.030689595,0.22112386,0.20211679,-0.079393916,-0.24889836,-0.052057933,-0.18694742,-0.2573882,0.1532239,-0.18966039,-0.107318915,0.49046317,-0.12928125,0.094051495,0.35388324,-0.06698644,0.011124004,-0.072626874,-0.15665737,0.15045542,-0.055633806,0.2974196,0.09466064,0.33680037,-0.08930871,-0.1522769,-0.025065467,0.059293717,0.25186402,-0.10995299,0.089657515,0.032548383,-0.14743182,-0.06487383,0.3317746,-0.08059061,0.30916515,-0.06340687,0.1579589,0.18717223,-0.06343258,-0.10300673
"(114.3402605296532, 22.71770950400543)",-0.20434687,-0.30900168,-0.30160818,-0.090926684,0.13715836,0.8102701,-0.27062178,0.11489983,0.6081872,0.0896449,0.020926364,-0.8577777,-0.2654054,0.52589256,-0.2149589,-0.3587204,-0.1389315,-0.36274335,0.40697208,-0.699747,0.47658366,0.2321955,0.10204237,-0.40019843,-0.018294236,-0.17105809,0.19551232,-0.10135131,0.082594514,-0.021409221,-0.0040560216,-0.26706398,0.0444069,0.24220699,-0.19428241,0.3558051,0.13354534,-0.17396472,-0.13769485,-0.30485544,0.25105333,-0.5388846,-0.2815045,-0.026568413,-0.015906967,-0.46318218,0.078716844,0.22389087,-0.20303074,-0.068888456,-0.23804015,-0.009010224,-0.13031738,0.36457968,0.27378726,-0.4993544,-0.2831961,0.25021577,0.38379493,-0.28123337,-0.16505897,0.012568106,0.2859544,0.41814512,0.095741466,-0.030801892,0.43089932,0.3231863,-0.029295947,0.0022360217,-0.32884702,0.26354134,0.115923196,0,-0.24740325,0.14175828,-0.1131036,0.096826784,-0.22853008,0.13956472,0.058054138,-0.039864227,-0.53538996,0.1506839,-0.12077287,-0.49637538,-8.5540116e-05,-0.029977214,-0.38714945,-0.010985278,0,-0.23336071,0.08573147,-0.7614036,-0.5630168,0.22546819,0.061865047,0.36689958,0.0053689834,0.28183278,0.30722016,-0.27441713,-0.371155,-0.2920277,-0.7775641,-0.08293039,-0.1979246,-0.0016427115,-0.07267337,0.21598637,-0.024148855,-0.510005,-0.12201332,0.3918431,-0.2452429,0.17772652,0.036912665,-0.06928952,0.22573066,0.030923773,0.37518477,0.6204352,0.08359399,0.381477,0.15280068,-0.028147228,-0.069618076,-0.021379903,0.023860883,-0.08272914,0.4647645,-0.04158275,0.45308486,-0.07137265,0.57634676,0.45203048,-0.5864758,-0.13218327,-0.28909615,0.10529637,-0.38492057,0.18835932,-0.4666727,0.18269145,0.16004342,-0.8890562,0.04978118,-0.21563551,0.12423383,0.42789993,-0.49113005,-0.27454525,-0.044884354,0.060596444,0.31333077,-0.88988876,-0.36421293,-0.19625466,-0.3602728,-0.090697184,-0.40304148,0.13130668,0.99719477,0.6011419,0.44901586,0.20233038,0.15581572,0.24539094,-0.051833875,-0.1005916,-0.13745274,0.02179326,-0.42876664,-0.10201615,-0.11774975,-0.462083,-0.03438191,-0.27462065,-0.28547472,0.11214959,-0.5069565,0.17312449,-0.13315772,-0.16804713,-0.104965545,0.011902403,-0.22789386,-0.22937687,-0.49518567,0,0.26216176,-0.3746621,0.22701575,0.034787744,-0.37770325,-0.07487711,-0.63665795,-0.12212384,-0.20108806,-0.12622824,0.45726573,0.49579155,0.039702427,0.29328436,0.27637088,0.020584002,0.14515677,-0.0978134,0.29931042,-0.29969946,0.0038873851,-0.11238419,0.12958494,0.49842265,0.68639934,0.063617274,0.054119013,-0.051415466,-0.09216551,-0.2796111,-0.25249994,-0.38941124,-0.3175244,-0.26743928,0.079067566,0.16449013,0.10320753,0.4461906,-0.062164657,-0.02975379,0.29385513,-0.010295848,-0.653814,0.06637685,-0.49800092,-0.49289274,-0.33158466,0.13138081,0.22982793,-0.09797665,-0.23187438,-0.09684558,-0.14478089,-0.07218324,-0.36247927,-0.21414343,-0.28357702,-0.25098112,-0.21003917,-0.64093196,-0.12893102,0.051366493,0.1676497,-0.08470264,-0.30598676,0.02738206,-0.16700909,-0.03742215,0.2598263,0.13578576,-0.4915625,-0.3875843,0.3384458,-0.11694362,0.08441971,-0.39021593,0.3438468,0.48118448,0.6468211,0,-0.2725043,0.4138296,-0.061379198,0.1966039,-0.27864793,0.084248945,-0.2389858,-0.102468684,0.18338329,-0.056105796,0.1642286,0.19215631,-0.065817505,-0.09513503,0.14727004,-0.32282707,-0.26441827,0.0474384,-0.42483494,0.3221296,-0.21621452,-0.6352568,0.10388084,1.1827683,-0.43558922,0.34673065,0.37729317,-0.5402717,0.5596957,-0.11083681,0.019784482,-0.095847905,-0.087642044,-0.041354015,0.75948447,0.35940623,-0.45056614,-0.48246896,0.633767,-0.19506824,-0.30421588,-0.13938117,0.04739551,0.2538597,0.004011646,-0.2771176,0.23320273,-0.19334435,-0.49528977,0.06884635,-0.26662183,0.021699632,0.45017427,-0.36544216,-0.6747379,0.55474806,0.72978747,0.20618495,0.015161167,-0.24139592,0.1587476,0.20036584,0.25789344,0.13387099,-0.3584903,-0.04897535,0.11832387,-0.17095092,-0.32537082,0.10763933,0.03769573,-0.24128194,0.18132484,-0.14470254,0.5251661,-0.0428401,-0.17308196,0.51812655,-0.13836092,0.041967425,0.002872631,-0.037005197,-0.11105536,0.2178419,-0.29754797,0.07306156,-0.18344542,-0.2060721,0.15453961,-0.61408836,-0.0694784,0.008361863,0.17224008,-0.13378993,-0.36271733,-0.12598115,-0.26685873,-0.018298686,0.13420619,-0.44197604,0.12273849,-0.360646,-0.28497607,0.3355881,0.3192401,-0.09414138,0.45913768,0.34874108,0.23786639,-0.42613614,0.049136598,0.29527575,0.3809746,0.44341594,-0.44040617,0.4252533,0.3913741,-0.26930806,0.013223499,-0.5506026,0.34810057,-0.24183464,-0.336846,-0.12307171,-0.051051784,0.04825753,0.14158276,0.43151557,0.19940045,0.37429363,0.016631018,-0.25496674,0.28028673,-0.094144106
"(114.38685762596744, 22.75210425945341)",-0.19409591,-0.13017939,-0.28864318,-0.095709324,0.0105184615,0.66152954,-0.17549634,0.11794844,0.5972825,0.21160097,-0.032153673,-0.5636317,-0.4455531,0.3418928,-0.49327463,-0.39123747,-0.056413576,-0.21335736,0.45242077,-0.37662295,0.65917146,0.20814604,0.01692054,-0.2909418,-0.19257382,-0.20186125,0.20597637,-0.054507777,-0.16688804,-0.05954562,-0.027645681,-0.18976302,0.011985324,0.08717347,-0.12844661,0.19487685,0.020652322,0.06862551,-0.16304238,-0.31215596,0.036975823,-0.13949016,-0.30981457,-0.16191718,-0.18448055,-0.42365158,0.26716897,0.17233895,-0.3980214,-0.24926338,-0.3400991,-0.073751025,-0.08594504,0.13832343,0.34733006,-0.35942346,-0.2879215,0.24517849,0.2179382,-0.3800554,-0.16469577,-0.033136785,0.3234129,0.35162944,0.024321202,0.055777546,0.20796669,0.20456591,-0.010270309,-0.020960558,-0.26014876,0.29752395,0.07641006,0,-0.41242582,0.1376819,-0.1684256,-0.020569313,-0.40117908,0.23306763,0.060714062,-0.06637866,-0.43219388,0.17938507,-0.15226766,-0.5956397,-0.0048242584,0.0075808503,-0.5233307,-0.03610891,0,-0.040314697,0.039944228,-0.70945114,-0.46678334,-0.020431504,0.11240936,0.27788308,-0.048374213,0.12703714,0.16503921,-0.07598371,-0.34768903,-0.20096914,-0.6358518,-0.17311925,-0.0070960224,0.08475071,-0.077090316,-0.026341774,0.03912565,-0.5404661,0.0278785,0.03564709,-0.40389767,0.20578751,0.21575853,-0.12777865,0.077370085,-0.04010742,0.5078809,0.4831019,0.10944006,0.34001085,0.35456815,-0.0082875565,-0.08616574,-0.014797814,-0.117701106,0.1505,0.25970712,-0.097636215,0.58761406,-0.07209209,0.5047126,0.24483986,-0.33082047,-0.23082843,-0.33755443,-0.11226372,-0.35763028,0.159494,-0.4103478,0.09736126,0.25577274,-1.0351361,0.009596335,-0.023026895,0.39324188,0.6376133,-0.3814124,-0.16082779,-0.048416063,0.023243152,0.41763315,-0.72858006,-0.31098732,-0.06596775,-0.24982941,-0.08149253,-0.66358125,0.21754515,0.7272745,0.30283204,0.4583367,-0.09647969,0.28105205,0.14161107,-0.3293879,-0.104474254,-0.20756385,0.25071263,-0.36074105,0.029416475,0.12450804,-0.42599997,0.097916044,-0.23721124,-0.3910904,-0.061627865,-0.12794851,0.27461314,-0.09693023,-0.4279824,-0.026810884,-0.10751505,-0.08806599,-0.2159647,-0.34109706,0,0.16794477,-0.3355495,0.22322184,0.101378426,-0.16419311,-0.29808965,-0.56275475,-0.20670968,-0.31569928,-0.036212116,0.48055977,0.47797307,-0.03672325,0.08937698,0.43917143,0.14285238,0.03583172,0.12251829,0.24011174,-0.41258174,-0.090684325,0.072596215,0.13461506,0.41315696,0.37226102,-0.08760671,-0.0060464945,0.08765349,-0.018658347,-0.3174696,-0.19331966,-0.33272612,-0.2892774,-0.28041556,0.16455187,0.20413546,0.3902684,0.45552954,0.054705974,-0.20283794,0.46050227,-0.35162932,-0.5092296,-0.087314084,-0.4610116,-0.13204381,-0.35581335,0.23928505,0.16660754,-0.1976003,-0.40216184,-0.23915964,-0.18967544,-0.11010413,-0.22454488,-0.09805965,-0.19476736,-0.14993733,-0.0028284788,-0.5570773,-0.142548,0.0027585775,0.2078706,-0.103761606,-0.2657596,-0.050696008,-0.19716734,-0.06270487,0.13567548,0.16824529,-0.48039216,-0.12471066,0.4053329,-0.123071484,0.15270154,-0.6182953,0.49267352,0.61504173,0.47628754,0,-0.34541225,0.26990676,0.0486603,0.1754157,-0.021293864,0.032712158,-0.4130479,-0.03875942,0.16112441,0.08239514,0.26926014,0.31230044,-0.124159314,-0.21079484,0.34053132,-0.28522533,-0.08032797,-0.037594974,-0.15914547,0.2086084,-0.2820734,-0.38133007,-0.09056373,1.1409326,-0.41613722,0.15725672,0.39330533,-0.4369795,0.6234652,0.0013297983,0.15725625,0.052866284,-0.11242069,0.11057109,0.7846061,0.23742606,-0.58646363,-0.19845401,0.4992215,0.21229497,-0.0883099,-0.04886331,-0.02080866,0.2807996,-0.2557924,-0.075214624,0.045747325,-0.34669894,-0.47285244,-0.059818167,0.09715713,-0.044556055,0.3788929,-0.32948074,-0.33826146,0.6567335,0.4375357,0.31910014,0.056929104,-0.20107658,0.032463793,0.15218383,0.19976792,0.18218313,-0.2088405,-0.25986883,0.20944159,-0.1818925,-0.17057714,0.17341913,0.23171884,-0.091461584,0.35139096,-0.24213816,0.5551024,-0.04477574,-0.07570538,0.41523793,-0.20301501,0.25894323,0.09963873,0.07980369,0.084706604,0.28021175,-0.26379907,0.15657294,-0.10923398,-0.115784064,-0.0038243458,-0.63459337,-0.052920707,-0.023611052,-0.0013319347,-0.06638269,-0.37320405,0.007905581,-0.2688339,0.18315895,0.12676859,-0.45662016,0.22114351,-0.32026517,-0.333687,0.4191545,0.33843616,-0.20241491,0.4500202,0.18987933,0.25598332,-0.38558516,0.04380663,0.24805447,0.3749873,0.6002815,-0.51420504,0.5663041,0.30282697,-0.42223343,-0.27510667,-0.4984591,0.42124918,-0.029157452,-0.5321521,-0.24504967,-0.10469534,0.097235724,0.06126248,0.5938346,0.12642585,0.32910618,0.09306003,-0.2569883,0.21891144,-0.08408537
